36 37 51
35 38 53
36 38 51
36 38 52
36 38 51
35 38 51
36 38 52
36 39 51
34 38 52
35 38 52
37 38 51
36 38 52
36 39 52
37 38 52
36 41 51
36 42 50
35 44 50
34 44 49
34 44 49
34 46 48
35 45 48
35 47 48
35 47 48
38 42 50
35 46 48
36 43 49
36 44 50
36 42 49
36 42 49
37 40 51
36 41 51
38 40 50
37 41 51
37 40 52
37 38 51
38 36 52
38 37 52
38 37 52
39 37 52
38 36 51
39 37 51
38 35 52
37 37 51
38 35 53
38 36 52
38 36 52
37 36 53
37 35 52
37 36 51
36 38 52
36 37 51
37 38 51
36 38 51
34 41 51
34 41 51
33 43 50
35 44 49
33 44 49
33 48 46
33 47 47
33 49 46
33 53 45
35 51 45
35 50 43
35 48 44
35 49 46
35 47 45
36 46 45
36 48 45
36 48 44
36 47 45
35 49 45
35 48 46
35 48 45
36 49 46
35 45 46
36 46 46
35 47 47
37 44 48
37 44 46
40 44 48
38 43 48
37 42 49
38 42 48
39 42 48
38 40 48
37 44 47
38 44 48
38 43 47
37 45 47
36 47 47
36 49 46
35 49 46
33 52 48
33 52 47
32 49 45
32 48 47
32 48 47
32 48 46
33 47 45
33 48 47
31 48 46
31 48 46
31 47 45
31 48 45
31 47 45
31 47 45
30 49 46
30 48 46
31 48 47
32 48 45
31 49 46
31 48 46
32 47 45
32 47 46
30 48 46
31 47 46
30 48 46
30 49 46
32 49 45
31 48 46
30 48 45
31 47 46
30 48 46
31 47 46
31 48 46
31 47 46
32 49 45
31 49 47
31 46 46
31 47 46
31 48 46
32 48 47
30 48 47
31 48 45
32 48 46
31 47 46
31 47 46
31 47 46
30 49 46
30 48 45
32 48 46
32 49 46
30 47 46
31 49 46
32 48 45
30 48 46
32 48 46
29 48 47
30 48 46
32 48 47
31 48 46
31 48 47
30 47 46
30 49 46
31 48 47
31 48 46
30 47 46
31 48 47
30 47 45
31 48 46
31 47 46
32 47 46
32 47 46
34 46 47
33 46 47
35 43 49
36 42 50
35 44 50
35 41 50
35 42 51
35 43 50
35 42 51
35 41 51
36 42 50
36 42 50
35 42 51
36 42 51
36 42 50
35 41 52
35 40 51
36 40 51
34 41 51
35 41 51
36 42 51
35 40 50
35 40 50
35 42 52
35 41 51
35 42 50
33 40 51
33 43 50
33 45 48
34 46 47
33 47 48
34 45 46
35 47 47
33 46 47
34 49 46
32 48 46
33 50 44
33 52 44
32 50 45
35 51 44
34 49 43
35 49 44
35 47 44
36 48 44
36 47 45
36 47 47
36 48 45
35 47 46
35 47 46
36 48 46
37 47 47
36 48 46
35 47 46
36 46 46
36 47 46
35 45 48
37 43 47
36 44 49
35 43 47
36 44 46
36 43 45
38 47 46
36 47 46
36 48 46
35 48 45
34 48 45
32 52 45
33 52 45
32 55 45
32 49 44
33 49 45
31 48 45
29 49 46
30 48 46
32 48 46
30 48 46
32 48 46
31 48 47
31 49 46
31 48 46
31 47 47
31 47 47
32 49 46
32 48 46
29 49 46
31 47 46
32 49 46
31 47 47
31 48 47
31 48 47
32 48 46
31 48 46
31 46 46
32 48 46
32 48 47
31 48 46
32 47 46
31 48 47
30 48 46
31 48 47
32 47 46
31 47 47
31 48 46
29 47 46
31 48 46
30 48 46
31 48 46
32 48 47
30 48 46
31 47 45
32 47 45
31 48 46
30 47 46
32 47 46
30 47 47
31 46 47
30 48 47
31 48 46
31 47 46
31 48 47
30 48 46
30 49 46
32 48 46
30 48 46
32 47 45
31 47 46
31 48 46
32 47 46
31 47 47
32 48 47
31 47 47
31 47 46
32 47 47
32 48 46
31 47 46
31 47 46
31 48 46
30 48 46
32 47 47
31 47 46
31 47 47
31 47 46
31 47 46
32 45 47
33 47 48
32 47 47
33 46 48
33 44 48
34 42 50
34 44 49
33 42 50
34 42 50
34 43 49
33 42 50
34 42 51
34 43 50
35 43 50
34 43 51
36 41 51
35 42 51
34 39 51
34 40 51
36 40 51
35 41 50
35 41 50
35 40 50
35 40 50
36 44 50
33 44 51
34 44 48
35 47 48
34 48 46
33 51 47
33 50 45
34 52 43
34 50 44
35 49 44
36 46 44
38 46 45
36 47 46
36 45 44
37 47 45
37 48 45
37 47 45
37 48 45
37 48 45
37 49 46
37 49 46
37 48 46
37 46 45
37 46 47
37 45 47
37 44 47
37 43 49
37 43 47
35 43 46
36 44 47
36 46 47
36 47 44
36 49 43
35 51 44
32 53 42
31 54 42
33 53 42
33 48 44
33 49 44
29 50 45
30 51 42
32 49 43
32 50 43
31 49 44
31 49 44
30 50 44
31 50 44
31 49 44
32 51 44
31 50 44
32 49 44
30 49 43
30 49 44
32 50 43
31 50 44
30 50 43
31 50 44
31 49 43
31 50 44
32 50 44
32 50 44
31 50 44
31 50 44
31 49 43
31 50 45
32 49 44
31 50 43
30 48 44
30 49 43
31 51 43
29 49 44
31 49 45
32 50 45
32 49 43
31 49 44
32 50 44
32 49 42
32 50 45
33 48 45
33 49 44
33 48 45
33 48 46
32 49 46
33 49 46
33 49 45
32 49 46
33 49 45
35 47 46
33 48 46
35 47 46
35 45 48
35 45 47
36 45 48
36 46 48
36 46 48
36 44 49
36 43 49
35 45 48
36 44 48
34 44 49
34 45 49
35 43 49
34 44 50
36 44 49
36 44 49
36 41 50
36 42 49
37 42 49
35 42 51
37 40 50
36 41 51
36 42 51
37 41 50
38 43 50
36 41 50
36 42 50
37 43 49
36 42 50
36 43 50
34 46 49
35 45 49
34 46 46
35 48 47
34 47 46
34 48 45
36 50 46
36 49 45
34 49 44
33 50 44
34 52 43
34 53 42
35 51 42
36 49 44
37 50 44
37 49 44
37 48 44
37 47 44
38 45 44
37 46 45
37 47 45
38 47 45
38 48 45
39 47 47
38 45 46
38 46 47
39 46 46
40 46 46
39 45 46
39 45 46
39 45 44
40 44 46
39 39 48
39 38 49
38 40 52
38 39 52
36 40 52
37 41 52
36 40 53
36 40 52
35 38 53
35 38 53
35 39 52
36 40 51
36 37 52
35 38 51
35 38 53
36 37 54
35 38 52
35 37 54
36 38 53
35 37 53
35 36 52
34 36 52
34 36 51
36 38 53
34 38 53
35 37 52
36 37 51
36 36 52
36 37 53
35 36 52
35 37 52
36 39 52
36 38 53
35 37 52
35 36 52
35 37 52
35 36 52
35 37 52
35 36 52
35 35 51
34 35 51
35 36 52
36 37 52
34 37 53
35 37 53
36 36 53
33 37 54
35 36 52
33 35 53
34 35 53
34 35 52
34 36 51
35 37 53
35 37 51
33 39 50
32 43 51
34 46 50
33 45 48
33 44 47
34 47 46
33 46 45
31 48 47
30 50 47
34 48 46
32 49 47
33 49 45
32 49 45
33 47 46
32 49 46
32 48 46
33 47 45
31 48 46
33 46 46
31 48 46
32 47 46
31 47 47
32 48 46
31 47 47
33 48 46
32 48 46
32 47 46
32 47 45
33 48 47
32 48 46
32 47 47
32 47 46
32 46 47
32 48 47
32 47 47
32 47 46
33 47 46
31 46 46
31 48 47
31 47 47
32 48 47
32 47 47
32 48 47
33 48 47
32 47 46
32 47 47
33 47 46
32 48 45
31 48 47
32 47 46
33 47 47
32 47 46
33 50 46
32 50 44
33 51 43
35 50 43
34 51 43
35 51 43
36 50 44
35 50 45
35 49 43
36 47 45
37 47 44
37 46 45
37 47 46
39 47 45
38 47 44
38 47 46
36 48 46
37 48 47
40 47 44
37 47 46
37 48 47
37 46 47
36 45 46
38 43 47
37 43 46
36 45 46
37 44 47
36 47 45
36 48 44
36 50 45
35 50 43
33 51 43
32 51 42
33 53 42
35 54 44
34 49 44
34 50 45
32 50 43
33 49 44
32 50 45
31 50 45
33 49 46
34 50 45
31 48 45
33 48 45
33 49 46
33 48 46
33 48 45
33 49 45
32 48 45
34 49 44
33 49 45
33 48 45
35 48 46
33 49 45
33 48 45
34 49 44
34 49 45
33 49 44
33 49 44
33 48 45
34 48 45
34 48 45
33 49 45
33 49 45
33 49 45
34 49 45
32 49 45
33 49 46
33 49 44
34 49 45
33 49 45
33 49 45
33 48 45
33 49 44
33 48 44
34 49 45
33 49 45
33 49 46
34 48 45
34 48 45
34 50 45
34 49 45
35 49 44
34 48 46
32 46 45
34 49 46
33 48 46
34 47 46
34 49 45
33 49 45
34 48 45
34 49 46
33 47 44
34 48 46
33 49 45
33 48 44
33 48 46
35 49 46
34 48 45
35 48 46
35 48 46
35 47 46
34 47 47
35 47 47
35 45 48
36 45 46
37 44 48
36 45 49
35 44 49
36 44 49
36 43 49
36 43 49
36 44 49
35 43 49
36 44 49
36 44 49
35 42 50
36 42 49
36 42 49
37 43 50
36 42 50
36 40 50
36 42 50
36 43 50
36 42 50
37 42 49
36 44 49
36 44 49
35 45 48
36 45 48
35 47 46
35 47 46
35 47 47
34 50 47
34 50 46
34 52 44
35 51 44
37 49 44
37 49 44
39 48 44
37 47 44
37 46 46
38 46 45
38 47 45
38 45 45
38 44 46
38 45 45
39 47 45
39 46 46
38 46 46
39 45 47
38 45 45
37 44 46
38 43 47
38 43 46
38 47 45
38 45 46
38 47 46
38 50 45
37 49 44
36 52 45
34 49 45
34 51 45
35 51 44
35 46 44
35 48 45
33 49 45
34 49 45
33 49 45
34 49 45
35 49 46
35 48 46
35 49 46
34 48 45
34 49 46
35 48 46
34 48 45
33 48 46
34 48 46
34 49 46
34 48 46
35 49 46
34 48 45
35 48 46
35 49 45
34 48 46
34 48 45
34 47 46
34 48 45
34 49 44
33 48 45
34 49 45
34 47 46
35 48 47
35 49 46
34 49 46
34 48 45
34 49 46
33 49 45
34 49 44
34 48 45
35 49 45
34 48 45
35 48 45
34 48 46
35 47 45
34 48 46
34 48 46
34 48 47
33 48 46
33 49 45
33 48 46
35 48 44
34 49 45
34 49 45
35 48 45
34 47 46
34 48 46
33 49 46
33 48 45
34 48 47
35 48 46
36 46 46
36 44 47
37 41 50
37 44 49
38 44 51
37 43 51
37 43 49
38 42 50
37 42 50
38 44 50
37 41 50
36 43 50
36 43 49
38 42 50
36 42 50
37 42 51
36 41 50
37 42 49
37 42 50
37 42 51
38 43 50
37 41 50
38 42 50
37 41 51
36 41 50
37 39 52
38 40 51
37 40 52
37 40 51
37 41 50
38 39 49
38 39 52
37 37 50
37 39 51
37 40 51
37 41 51
37 39 50
37 42 49
37 42 50
37 43 50
36 43 50
37 43 49
36 47 49
36 47 47
35 47 45
35 47 46
35 47 46
35 47 44
34 51 45
35 51 44
34 52 44
36 51 43
37 49 44
36 48 45
36 45 45
38 48 46
38 46 44
38 47 45
38 46 45
40 49 44
37 49 44
39 47 46
38 46 45
38 46 46
38 46 45
39 45 46
38 44 46
39 44 46
39 44 45
38 47 46
38 49 46
38 46 45
37 48 45
38 45 44
36 49 45
36 46 45
34 51 45
37 50 47
34 49 44
36 48 47
36 48 45
35 49 46
34 48 46
35 48 46
35 48 46
34 49 46
35 48 45
33 48 46
35 48 46
34 48 45
34 49 46
35 49 46
34 48 46
35 48 45
35 48 46
35 47 46
36 48 46
34 47 46
34 47 45
34 49 45
35 47 47
34 48 45
35 48 46
35 48 46
34 49 45
36 48 47
34 48 46
34 48 45
33 48 46
34 48 45
34 48 46
33 47 46
35 47 46
34 49 46
35 48 45
34 48 44
33 47 46
34 46 47
34 48 46
33 48 46
34 47 47
34 48 46
35 48 45
34 47 46
35 48 47
35 48 45
35 47 46
35 48 46
35 47 46
34 47 46
35 47 47
34 47 47
35 48 46
36 49 47
34 48 45
34 48 46
35 48 47
34 47 46
35 47 46
34 48 46
35 49 46
35 48 46
35 47 46
35 49 46
34 48 46
35 48 47
34 48 45
34 47 45
35 49 46
35 48 45
34 48 45
34 49 46
35 48 47
34 48 46
34 48 46
34 47 45
35 47 46
34 49 45
35 47 46
35 47 45
35 48 47
35 48 47
36 49 45
36 49 45
34 47 46
35 46 47
34 48 46
36 48 46
35 48 46
35 47 46
34 48 46
34 48 47
35 47 46
34 48 46
34 47 45
35 47 46
34 48 46
34 48 47
35 47 47
33 48 46
34 48 46
34 50 46
34 48 46
35 47 47
34 48 46
34 48 46
35 48 46
34 47 46
35 47 46
34 47 46
34 48 47
34 48 46
34 46 46
33 46 46
34 48 46
35 47 46
34 48 46
34 46 46
35 47 47
34 47 46
35 47 46
34 48 47
36 49 47
36 47 47
35 44 49
37 45 49
36 44 49
36 43 50
35 41 49
37 40 50
36 41 51
36 41 50
37 42 50
37 43 51
37 41 51
36 41 50
36 42 51
37 41 51
35 41 50
35 40 50
36 39 51
36 39 52
35 39 51
35 39 51
36 40 51
35 40 51
35 40 52
35 39 51
34 39 51
35 40 50
33 43 50
33 44 48
33 47 48
34 48 47
34 49 45
36 51 43
36 51 43
36 50 43
38 50 43
37 49 42
37 47 45
38 47 45
38 48 44
38 47 44
37 47 45
37 48 44
38 47 45
38 47 44
39 48 45
38 47 46
38 46 46
39 45 46
38 45 44
36 43 46
38 45 44
39 43 46
38 49 45
37 47 44
38 52 42
36 51 43
37 51 43
37 50 43
36 48 46
36 47 47
36 46 46
37 48 46
39 48 46
36 48 46
34 49 47
35 47 46
35 47 47
36 47 46
36 47 47
35 48 46
35 47 46
36 48 46
37 48 47
36 47 47
35 47 46
36 49 46
35 47 46
36 47 46
36 47 46
35 48 46
37 46 47
35 47 46
36 46 47
34 47 46
36 48 47
34 47 47
35 47 45
36 47 47
35 45 46
35 48 45
36 46 46
36 46 48
36 47 46
36 46 47
35 47 47
36 48 47
36 46 46
35 46 47
36 46 46
36 48 46
35 47 45
36 47 45
36 46 46
36 47 46
37 48 47
36 48 47
35 47 47
36 47 46
37 47 47
37 48 47
35 47 46
35 48 47
37 47 47
36 46 46
35 48 47
36 47 47
36 47 47
35 47 46
35 47 46
36 46 47
36 46 46
36 47 46
35 46 47
35 47 46
36 48 47
36 48 47
37 47 47
36 47 47
35 47 46
36 47 46
36 47 47
36 47 46
36 47 47
35 48 46
36 47 46
