38 46 45
38 48 45
37 46 46
38 47 46
38 47 46
38 46 46
38 47 46
38 46 46
38 45 46
38 44 47
38 43 48
38 44 46
38 45 45
38 45 46
37 47 46
38 46 44
38 49 45
36 48 43
35 50 44
34 51 45
34 50 44
33 50 45
34 49 45
33 51 45
34 51 48
33 46 46
33 49 46
33 48 45
33 48 46
32 47 46
32 49 46
32 48 46
33 49 46
32 48 46
32 48 47
32 48 46
32 48 46
32 47 47
31 46 47
33 48 47
32 47 47
31 45 47
32 47 47
32 47 47
32 47 47
32 47 47
31 46 47
32 48 48
32 47 47
32 46 47
32 46 48
34 47 47
32 47 46
31 46 47
31 47 48
32 48 47
32 47 47
33 47 47
32 47 47
32 47 46
32 46 47
32 47 46
33 46 47
33 48 46
31 48 47
32 47 48
31 47 47
31 47 47
32 47 48
32 49 46
31 47 47
31 46 47
31 47 47
32 46 47
33 48 47
31 46 47
32 47 47
33 47 48
32 48 47
32 46 47
32 47 47
32 46 47
32 46 46
32 48 47
31 47 47
31 47 47
33 48 47
32 47 47
32 47 47
31 46 47
32 48 47
32 46 46
32 48 47
32 46 47
33 46 47
33 47 47
31 48 47
32 47 47
32 47 46
31 47 46
31 47 46
32 46 48
32 48 46
32 47 46
31 48 47
32 47 47
33 48 47
32 47 47
32 45 47
34 47 47
33 46 48
31 48 48
32 48 46
33 47 47
33 46 46
32 48 48
32 47 47
32 47 47
32 46 47
32 47 48
32 47 47
33 49 48
34 46 49
36 44 48
34 44 48
34 45 49
35 44 50
34 44 48
36 44 50
35 44 49
35 42 49
35 44 50
35 42 50
35 43 50
35 44 50
36 43 50
35 43 50
35 42 49
37 43 50
35 42 51
37 42 50
36 42 50
35 42 50
35 42 50
36 43 50
36 42 50
36 42 51
36 42 50
36 43 49
35 44 48
34 45 49
34 46 47
34 46 48
33 49 46
33 49 45
35 50 45
34 51 44
35 52 43
35 51 43
38 50 43
37 50 44
38 48 43
37 46 44
37 46 44
37 47 43
37 47 44
37 48 46
38 48 45
38 48 45
38 48 46
38 46 46
38 46 46
38 45 47
39 45 47
39 44 46
40 44 47
37 43 48
38 41 48
38 46 47
39 42 47
38 48 46
37 48 46
36 50 44
35 50 46
35 50 44
35 50 46
35 50 45
33 52 49
34 45 45
35 48 48
35 47 47
34 46 47
34 46 47
33 47 47
33 47 48
34 46 46
33 47 47
33 46 47
33 48 47
33 48 47
32 47 47
33 47 48
33 46 47
34 47 47
33 45 48
33 47 47
34 46 47
33 46 47
32 47 48
33 45 47
32 46 46
33 47 47
34 47 48
33 46 47
32 46 47
33 47 47
33 46 47
33 46 46
33 46 46
33 47 47
33 47 47
32 47 47
34 48 48
34 46 47
32 47 47
33 46 47
34 46 48
33 46 48
34 47 48
33 47 47
34 46 47
33 47 46
33 47 47
33 46 48
33 46 48
33 47 49
33 47 47
34 46 48
33 46 47
33 48 48
33 45 47
34 47 47
33 47 48
34 46 47
34 46 48
32 46 47
34 47 46
32 46 47
33 45 47
32 46 48
33 45 47
33 46 48
34 47 48
34 45 47
33 45 47
33 47 48
34 46 47
33 46 48
33 47 46
33 46 48
34 47 47
33 47 47
33 47 48
33 46 47
33 45 48
33 47 48
33 46 47
34 47 48
33 45 47
33 46 48
33 46 47
33 46 48
34 46 48
35 47 47
32 46 48
33 46 47
33 47 48
34 45 48
35 46 47
35 45 48
35 44 49
33 44 49
35 45 50
35 43 50
36 45 49
35 43 50
35 43 50
34 43 49
35 42 50
35 43 50
36 42 50
35 43 50
35 42 50
35 41 49
36 43 50
35 42 50
36 43 49
35 42 50
36 42 50
35 41 50
33 42 50
36 41 50
36 42 50
35 41 51
36 42 50
36 43 49
36 44 48
35 45 48
35 46 48
35 45 48
34 46 47
34 47 46
32 48 46
34 49 47
34 50 46
33 50 44
33 52 43
36 50 44
37 50 43
37 48 44
37 47 45
37 47 45
37 47 44
38 46 45
36 46 44
36 46 44
38 47 44
38 48 44
38 48 45
39 47 46
38 47 44
39 47 46
38 46 46
39 46 45
39 46 46
40 44 46
39 46 45
40 46 46
41 41 45
39 44 44
39 41 47
37 41 46
37 43 50
36 41 52
36 42 53
36 40 52
35 39 52
36 37 51
35 40 51
35 40 52
35 41 55
36 38 52
35 34 51
33 36 53
32 39 53
33 39 52
33 37 52
36 37 50
37 37 50
36 37 51
34 39 52
31 39 54
34 37 51
34 37 54
33 38 53
35 37 53
34 38 51
36 36 51
36 37 50
35 37 51
34 38 53
34 37 54
34 37 52
34 37 53
33 37 52
33 38 51
34 36 53
34 37 51
34 36 53
35 37 54
32 37 52
32 36 52
33 35 49
33 35 54
35 35 52
33 35 53
35 37 52
35 37 53
33 38 52
33 38 52
33 37 52
33 39 52
33 37 53
34 38 52
34 38 52
32 37 52
31 39 53
34 39 53
35 38 51
35 38 52
35 36 51
32 38 53
33 36 55
35 36 53
35 37 51
35 37 51
34 34 52
33 34 53
35 33 54
35 35 53
35 36 54
35 36 52
36 37 50
35 35 51
35 35 52
35 33 53
33 35 53
34 34 52
33 34 52
34 32 52
33 36 52
34 39 53
32 39 52
33 39 51
32 38 51
32 41 50
32 44 52
31 44 50
31 46 49
31 46 47
31 48 47
30 50 47
31 51 45
33 51 45
34 49 45
34 49 45
36 49 45
36 47 45
36 48 45
36 46 45
37 46 45
37 47 45
38 45 46
38 46 45
38 47 45
37 48 47
37 48 47
37 47 45
38 48 46
38 45 45
38 45 46
38 43 46
38 45 44
39 44 46
37 47 45
39 46 47
37 47 46
37 45 45
35 47 47
33 47 46
34 47 47
34 50 47
34 51 48
33 50 45
32 50 47
32 47 47
33 48 47
32 48 47
32 47 47
31 48 46
32 47 47
33 47 47
32 47 47
32 48 46
31 46 47
33 47 46
34 47 47
33 47 47
32 47 46
32 47 47
33 47 46
32 46 47
31 47 46
33 47 46
33 47 46
32 48 47
33 47 47
33 46 47
32 48 47
31 48 47
32 47 47
33 47 47
33 47 47
33 46 47
32 47 47
32 46 48
33 47 47
32 47 47
32 46 46
32 46 46
32 47 48
33 47 47
32 47 47
33 47 47
33 47 48
32 48 47
33 46 48
34 48 47
32 48 46
33 48 47
32 47 46
32 46 48
33 46 48
33 48 48
33 47 47
33 48 47
33 47 47
33 47 47
33 45 46
33 47 46
32 48 47
33 48 47
33 46 47
34 47 46
33 47 46
33 48 46
33 46 47
32 47 47
32 48 47
33 46 48
33 47 47
32 48 46
33 47 47
33 48 46
33 48 45
34 47 45
33 46 46
33 49 46
33 47 46
33 47 47
34 48 46
33 48 47
34 47 47
33 48 47
34 48 46
34 47 48
34 47 48
33 45 48
33 45 48
35 46 47
34 46 48
34 45 49
33 47 48
35 46 48
35 45 49
34 45 48
35 44 49
33 45 49
34 47 49
33 45 48
36 43 49
34 44 48
35 45 49
35 45 49
34 44 48
36 44 50
36 43 49
36 43 49
36 43 50
36 41 50
37 41 50
36 43 49
36 41 50
35 41 51
36 41 50
36 41 51
37 40 52
37 40 51
35 42 52
37 39 52
35 39 52
36 40 53
35 38 51
34 36 50
34 36 52
34 37 50
35 41 52
36 41 51
33 43 52
35 42 51
34 44 49
34 43 50
34 46 47
34 47 47
33 48 48
34 49 47
32 50 45
33 51 45
34 50 44
35 49 44
35 48 43
36 48 44
35 48 45
37 47 45
37 48 43
37 48 45
37 47 45
38 46 45
38 47 44
37 46 44
38 49 43
38 50 45
38 48 45
39 47 46
39 47 45
38 46 45
40 45 46
39 47 45
41 42 48
38 42 48
40 40 50
37 40 51
38 38 52
37 39 51
37 39 52
38 40 52
38 40 52
36 39 52
37 39 51
38 38 52
37 40 51
36 39 52
36 38 51
36 40 51
37 40 51
37 39 51
36 39 50
37 40 50
36 39 51
35 41 52
34 40 51
34 40 52
35 39 51
35 39 50
37 37 49
36 39 52
34 39 51
36 39 55
35 37 50
35 36 51
32 39 52
33 38 52
35 36 52
34 36 52
35 37 52
34 38 51
33 40 53
32 42 50
34 43 50
35 44 49
33 48 47
34 47 47
34 42 48
35 43 48
34 41 51
36 42 50
32 43 52
32 43 50
35 43 51
32 43 50
34 43 48
34 43 48
32 44 49
31 47 49
31 45 48
31 47 48
31 47 48
29 48 47
31 47 46
31 49 46
32 48 46
30 48 46
32 49 45
32 50 44
32 51 43
32 49 44
31 52 42
31 53 44
33 53 42
34 51 42
35 50 43
34 49 42
37 49 43
39 48 44
37 48 44
37 50 45
38 49 44
37 49 43
38 47 44
39 47 45
38 45 44
37 45 46
39 47 44
38 46 45
38 45 45
37 50 45
37 47 44
36 50 45
36 51 44
36 49 44
36 49 45
34 51 46
34 51 46
34 52 44
34 51 44
34 51 43
34 48 45
34 48 44
34 48 45
34 48 46
34 46 45
31 47 44
30 47 43
31 51 46
35 53 44
38 46 44
34 49 45
35 48 45
33 48 45
35 49 46
35 49 46
35 48 46
34 48 46
34 48 46
35 48 45
36 48 46
35 48 45
35 47 47
34 47 47
35 48 46
33 48 46
35 49 45
34 47 46
35 48 46
34 47 46
34 48 46
33 48 46
35 47 45
35 48 46
35 47 47
35 47 46
35 48 47
35 47 47
34 47 47
35 48 46
34 47 46
36 48 47
34 47 46
35 48 47
36 46 47
36 46 46
35 44 47
37 44 48
37 44 50
38 44 52
36 41 49
35 42 50
35 38 49
34 39 51
34 39 51
35 40 51
34 39 52
35 41 51
35 39 51
36 39 51
35 38 51
34 38 52
33 39 54
34 37 50
34 38 52
34 39 52
35 38 52
33 39 52
33 40 52
33 41 51
33 43 51
33 45 49
32 45 48
31 47 47
32 49 46
33 51 45
32 51 44
35 50 43
36 51 44
37 48 44
36 47 44
36 46 44
36 47 45
37 48 45
37 47 44
39 49 44
37 49 45
39 48 44
37 48 44
37 48 45
38 47 45
39 45 45
38 45 44
37 46 47
39 48 45
39 46 44
38 46 47
37 45 48
38 43 48
37 43 50
36 42 49
35 41 53
34 42 53
34 41 52
35 41 51
36 40 50
34 40 51
32 43 52
34 41 51
33 42 51
33 41 52
34 41 52
34 40 52
33 40 51
33 40 50
34 40 52
32 41 51
33 40 52
33 40 52
33 39 51
34 40 51
32 40 51
33 40 51
33 41 51
32 40 50
31 40 51
31 42 51
31 40 52
31 41 52
34 41 50
34 40 50
31 40 52
33 40 50
31 43 49
31 42 51
32 43 50
31 44 48
29 46 48
31 47 48
30 46 47
32 49 46
32 48 46
33 46 48
35 45 49
33 42 50
32 39 50
32 37 50
32 36 51
32 38 52
32 36 51
35 33 52
32 34 53
33 34 54
31 35 51
32 35 53
32 35 54
31 39 51
33 37 51
30 40 51
29 43 52
29 45 48
30 47 48
30 48 47
30 48 45
31 48 45
32 47 45
32 48 45
33 48 45
33 49 44
32 49 45
32 50 45
32 50 44
32 51 43
32 51 43
32 50 43
32 50 43
33 50 43
32 51 43
33 52 44
34 50 43
34 51 42
35 50 43
35 50 44
36 49 42
37 51 42
36 50 44
37 49 43
36 49 45
37 47 43
37 48 43
38 47 44
38 48 45
37 47 44
38 47 45
37 48 45
39 48 44
38 47 45
38 49 44
38 49 45
37 48 45
37 47 44
37 45 45
37 47 45
38 46 46
38 46 44
40 45 47
39 44 49
40 42 48
37 45 49
37 44 50
38 42 49
37 43 50
37 43 50
36 43 49
36 42 50
36 41 50
35 42 50
36 44 49
35 42 49
35 44 49
33 44 50
33 43 50
33 45 49
33 44 49
32 42 50
32 44 50
32 43 50
31 42 50
32 43 49
32 42 49
31 42 51
30 43 50
30 42 50
31 41 50
33 41 50
31 42 54
32 40 50
31 43 49
30 43 51
31 42 50
30 43 52
29 42 48
28 44 48
29 46 48
27 47 47
29 49 50
33 46 50
34 43 51
34 39 50
31 36 51
30 37 51
31 36 52
30 36 53
30 37 53
31 36 53
31 34 53
31 33 55
31 35 52
30 33 53
32 33 52
31 34 52
33 33 54
31 33 52
31 33 54
31 33 54
32 33 53
30 34 53
31 33 51
31 31 53
31 36 52
30 35 52
30 39 52
31 40 51
33 42 52
32 39 51
31 37 51
30 34 53
30 35 52
28 36 53
31 35 52
29 36 53
29 35 52
31 35 52
29 35 54
28 40 53
30 36 53
30 39 51
29 43 49
31 45 48
29 47 47
30 47 46
32 48 46
32 50 44
33 49 44
33 51 44
35 49 45
34 49 44
36 49 45
36 49 45
36 47 45
37 48 45
37 45 46
36 49 48
38 47 47
39 48 47
37 46 48
37 45 46
37 42 44
38 41 47
39 41 46
40 42 46
39 43 49
41 45 49
41 45 50
41 48 48
40 47 46
38 48 45
37 47 44
35 47 43
35 48 43
36 50 42
36 51 42
37 51 44
35 57 45
33 50 41
34 49 46
35 49 44
35 49 44
34 49 43
35 49 45
34 50 44
33 49 43
34 49 43
34 51 44
35 50 43
33 50 42
34 50 42
34 50 43
36 50 43
34 51 42
35 50 42
32 52 43
33 51 43
35 50 42
37 47 41
36 48 42
33 52 44
35 49 45
34 48 45
33 50 47
34 48 46
33 49 45
33 49 45
33 49 44
33 50 44
34 50 44
34 49 44
34 48 44
34 46 47
33 48 47
34 48 45
34 47 45
33 47 47
34 48 45
34 47 47
34 48 46
34 47 46
33 47 46
33 48 46
34 48 47
34 48 46
33 48 46
34 47 46
33 48 47
33 47 47
34 48 45
34 48 46
33 47 46
34 48 47
33 47 46
33 47 46
34 48 46
33 47 47
34 48 46
34 48 46
33 47 46
34 48 46
33 48 46
34 47 46
34 47 45
35 48 46
35 47 46
32 47 46
34 48 46
34 48 46
34 49 46
32 48 46
34 48 46
34 48 46
35 48 46
35 46 45
35 49 46
