25 45 48
26 44 48
25 45 48
24 44 47
26 45 47
26 45 47
24 45 48
26 44 48
26 45 48
26 45 47
25 45 48
26 45 47
26 44 49
26 45 48
25 44 48
25 44 49
26 44 48
26 44 48
23 44 47
25 45 48
25 44 48
26 43 48
24 44 48
24 43 48
26 45 48
25 44 48
25 44 49
24 45 47
24 44 48
25 44 48
25 44 48
25 42 50
23 44 50
23 49 51
27 50 48
28 46 49
29 50 49
29 50 45
30 50 44
31 48 46
31 48 47
35 48 49
36 49 51
36 43 44
37 49 43
37 51 41
35 50 41
33 50 41
32 47 45
33 45 43
33 40 50
33 47 48
34 51 47
34 47 47
34 48 47
33 48 48
32 47 45
31 48 44
31 48 44
33 51 46
31 50 45
36 49 45
35 50 44
35 47 43
36 48 44
38 49 47
39 47 46
38 49 45
41 46 46
42 46 48
41 48 48
41 44 49
39 44 49
37 40 49
38 42 50
38 43 51
37 41 52
35 41 53
35 40 52
33 40 51
32 39 52
30 39 52
29 39 52
30 37 51
27 36 52
29 36 53
28 36 53
30 35 53
28 36 52
29 36 52
28 35 53
28 35 53
28 35 52
27 36 52
27 34 53
27 34 53
27 35 51
27 34 52
27 34 52
27 35 52
26 33 51
26 33 52
26 33 51
25 33 51
27 33 52
25 34 53
26 33 52
25 33 52
24 34 51
26 34 51
26 33 50
29 34 52
31 35 49
33 37 50
35 41 52
37 42 51
37 42 52
38 44 50
40 46 51
41 46 49
41 48 47
40 47 46
41 47 45
39 49 44
38 46 44
38 49 44
36 48 45
35 48 45
33 51 43
33 48 44
33 52 44
33 50 44
33 50 43
31 50 52
34 48 43
32 52 44
30 55 42
32 48 48
32 47 46
32 44 48
34 46 49
33 47 48
30 44 45
32 47 44
38 49 42
44 44 42
43 48 43
40 44 46
30 46 48
27 41 52
20 44 46
19 41 48
20 40 49
24 48 59
22 56 63
22 45 50
21 40 43
21 47 45
21 43 47
23 40 47
22 44 47
23 44 47
24 44 46
22 42 46
21 43 46
22 45 46
22 44 47
22 44 46
22 43 47
23 43 47
22 43 48
21 43 47
23 42 46
23 44 46
21 43 46
22 42 45
21 44 46
22 44 46
22 45 45
22 43 45
20 43 46
20 42 46
21 42 45
20 43 46
20 45 45
20 43 46
21 43 45
21 43 45
21 43 45
22 42 46
21 44 46
21 44 46
20 43 47
20 43 46
21 43 46
21 43 46
20 43 45
21 43 45
21 44 46
21 43 46
21 42 46
22 43 45
20 43 46
