32 39 53
31 38 52
31 39 52
31 38 52
32 39 52
31 38 52
31 39 52
32 39 51
32 37 52
32 38 52
31 38 53
31 38 53
31 39 53
32 39 53
32 39 52
32 39 53
32 38 52
31 42 51
34 44 53
34 43 53
38 44 53
35 41 51
36 45 51
38 43 49
37 42 46
36 41 45
34 42 49
36 42 50
36 45 50
38 48 48
38 45 47
37 44 48
38 45 48
38 46 49
39 46 47
39 46 48
39 46 47
39 44 48
40 44 50
40 42 49
41 42 49
40 40 50
40 40 50
38 37 52
38 34 55
38 31 51
36 34 52
36 32 51
35 30 53
34 31 53
34 34 52
33 33 52
33 33 54
31 31 53
30 31 55
32 33 53
32 32 53
32 33 54
31 32 53
30 32 53
30 32 52
31 32 53
31 33 53
29 31 53
28 31 54
29 30 53
28 30 53
29 29 52
31 28 53
30 30 52
29 30 54
28 28 52
28 28 52
26 26 51
26 28 51
27 25 52
26 26 51
27 25 50
28 25 50
26 25 51
27 26 51
27 27 52
28 27 52
28 28 53
29 30 52
29 29 53
30 29 54
30 29 52
32 32 53
34 34 54
37 35 54
39 33 54
40 34 51
40 35 50
41 37 50
40 37 51
41 37 50
40 39 48
40 40 48
38 38 49
38 42 50
38 43 52
38 44 51
38 43 51
36 41 49
38 42 49
38 43 50
39 44 50
38 41 51
38 41 50
35 41 51
35 42 49
34 41 48
35 41 50
33 41 51
33 41 53
33 37 53
32 35 54
31 35 55
32 35 51
28 34 54
28 32 53
29 35 53
30 36 52
31 41 51
32 41 52
31 40 52
30 39 51
33 39 52
31 38 52
31 38 53
30 39 52
31 37 53
30 38 51
31 36 52
30 38 53
30 36 53
31 38 53
31 36 51
31 37 52
31 37 54
29 38 53
30 36 53
31 39 53
30 37 52
31 39 52
32 38 52
32 37 52
30 38 53
29 37 52
30 38 51
29 37 53
31 38 53
31 36 53
32 37 53
30 37 53
30 38 53
31 38 52
31 38 52
31 39 51
30 38 52
31 39 52
31 38 53
32 38 52
30 38 53
30 37 53
32 38 53
32 38 53
31 38 52
31 38 53
32 38 52
31 39 53
31 39 52
31 38 52
31 39 52
31 38 52
30 37 52
31 39 52
30 38 52
32 38 52
