24 40 49
24 41 49
22 41 49
23 40 49
24 41 49
24 40 49
24 40 49
24 40 49
23 41 49
25 38 49
23 40 50
23 41 48
24 40 50
23 41 50
25 42 49
25 40 50
25 45 52
28 45 52
29 44 51
34 38 50
32 43 49
31 44 45
32 43 47
31 43 48
31 43 50
27 43 49
29 44 48
32 47 47
35 47 49
35 46 47
37 46 48
36 48 46
34 48 45
35 44 45
33 46 46
35 47 47
36 49 46
35 50 46
33 48 45
33 50 44
33 48 45
34 49 46
32 50 45
33 51 44
33 48 43
33 49 46
34 53 43
33 52 43
32 52 45
33 51 45
33 50 44
35 49 43
33 52 45
35 52 45
35 52 43
36 51 42
37 50 41
38 49 42
38 47 42
38 47 42
39 46 43
39 47 43
39 47 45
38 46 46
37 47 45
36 46 48
35 46 49
32 44 49
31 44 47
31 46 48
30 44 49
30 45 50
28 44 49
29 44 48
27 41 49
26 43 50
27 42 50
26 42 50
27 43 51
26 40 50
26 40 51
27 40 50
27 40 51
25 40 51
27 41 50
26 40 50
26 38 51
27 40 51
28 39 51
26 40 50
26 38 52
26 39 51
26 39 51
26 40 50
26 39 52
26 38 52
27 38 52
26 37 51
26 37 52
27 38 52
27 38 52
28 36 52
26 36 51
27 36 51
26 37 51
26 35 51
26 35 52
26 35 52
26 34 52
25 33 51
26 34 52
26 35 51
27 35 51
26 34 52
26 35 52
25 35 52
25 35 52
26 34 52
26 35 53
26 34 52
24 34 50
25 33 51
27 32 51
28 35 52
25 33 52
24 33 52
25 34 51
25 31 51
26 33 51
26 32 50
25 32 51
25 32 51
26 31 52
26 30 52
24 32 52
25 32 51
25 31 50
25 31 51
25 30 52
23 30 51
24 29 51
23 30 50
24 30 49
24 29 50
25 30 48
25 33 48
26 34 51
24 35 53
26 36 52
27 37 52
26 37 52
27 38 51
29 40 52
30 42 51
31 44 52
31 45 52
31 43 51
37 43 51
34 43 50
35 42 48
36 43 49
36 44 50
34 44 49
36 44 48
36 45 48
35 45 48
35 47 48
34 48 46
32 49 46
31 48 46
32 48 46
31 49 45
31 48 47
29 48 46
30 47 45
31 53 45
29 47 46
28 46 45
27 44 45
27 47 47
26 46 48
25 46 47
24 44 48
25 43 47
24 41 44
24 42 46
31 43 48
32 42 50
33 43 49
30 44 47
27 45 50
27 43 51
21 41 52
23 42 50
22 49 54
24 37 47
23 42 49
22 41 51
22 41 48
23 41 47
23 41 51
21 41 50
20 41 48
22 42 48
26 41 48
26 43 47
27 45 48
28 44 47
26 45 48
25 43 49
25 42 49
24 42 49
24 42 49
24 42 48
24 43 48
24 42 48
25 42 49
24 42 48
23 43 49
24 43 48
24 42 48
25 43 50
25 42 49
24 42 48
