30 42 52
29 43 51
30 42 51
29 41 50
29 42 51
30 41 52
29 42 52
30 41 52
31 42 51
30 41 50
30 41 51
30 40 50
33 42 49
33 43 52
33 40 51
29 41 51
30 41 52
30 41 53
32 41 51
31 40 52
31 41 51
31 41 52
31 41 51
30 41 51
30 41 52
30 39 50
29 40 53
30 39 51
31 42 54
33 48 54
36 47 49
38 43 48
40 46 43
38 43 46
38 43 46
36 43 48
38 38 49
38 44 50
39 48 48
40 44 47
40 44 50
40 46 50
40 45 49
40 45 49
41 44 49
39 40 51
40 41 50
41 39 49
40 40 51
40 38 51
39 36 51
39 37 50
38 36 52
36 35 52
36 36 52
36 36 52
37 34 53
35 33 53
33 34 52
35 33 53
33 31 53
33 32 54
34 32 53
34 31 53
32 31 52
32 30 52
32 31 53
31 29 53
32 30 53
31 30 53
31 31 54
30 28 53
30 30 53
30 30 52
30 29 51
31 29 52
29 30 52
29 30 52
31 29 52
31 30 52
32 30 53
32 32 53
31 33 53
32 33 53
33 34 53
34 34 52
35 36 51
37 36 51
37 38 49
38 38 49
41 39 51
39 41 51
40 42 51
41 43 51
40 42 51
39 43 51
41 43 51
39 43 49
40 43 48
40 45 49
41 48 49
40 43 48
39 44 49
41 44 48
42 42 49
40 44 48
41 44 49
42 46 50
42 44 48
39 43 50
38 44 48
38 43 47
36 38 46
35 43 47
38 44 49
40 40 46
38 43 52
29 40 55
27 41 55
28 37 52
28 40 53
29 41 52
29 40 51
29 41 51
28 41 52
30 42 52
30 40 53
30 40 50
30 40 52
30 42 51
30 41 52
30 41 51
31 41 51
30 41 51
30 42 50
30 42 52
29 41 51
30 39 52
29 40 51
30 42 51
29 41 51
31 41 51
30 41 51
30 41 52
30 40 50
31 40 50
31 42 50
30 40 52
30 40 51
31 41 51
29 41 51
30 40 52
31 41 51
30 41 53
31 39 52
30 40 50
33 41 51
32 40 51
32 42 50
31 40 51
31 41 51
31 43 51
31 41 51
32 42 50
31 42 51
33 42 52
33 42 50
33 42 51
33 42 51
33 43 51
33 43 50
34 42 50
33 42 52
34 42 50
33 42 51
32 43 50
33 42 51
32 41 50
32 41 51
31 42 52
32 42 51
31 42 51
31 41 50
31 41 52
31 40 51
