31 39 51
31 39 51
30 40 52
32 39 52
32 38 52
31 39 52
31 38 52
31 39 51
31 40 51
32 40 51
31 39 52
32 39 52
32 38 52
31 41 51
30 38 53
32 38 50
31 40 52
30 40 52
30 38 53
32 38 52
31 39 52
31 38 51
31 39 52
31 38 52
31 40 52
32 38 52
31 38 52
31 39 52
31 39 53
34 39 54
35 39 54
34 40 55
36 40 55
35 40 54
36 39 53
35 37 52
33 36 50
31 36 49
32 39 50
30 42 51
32 43 48
31 44 47
32 45 50
34 47 46
34 50 46
33 50 47
36 51 45
33 50 43
32 46 47
32 51 45
33 50 47
35 50 45
35 48 44
35 50 45
36 50 45
36 49 45
37 49 45
38 46 45
38 46 47
37 44 48
38 46 48
35 41 50
34 42 48
30 39 50
30 41 50
30 39 51
27 37 51
27 36 52
25 35 50
25 33 50
24 32 52
24 33 52
24 33 51
24 32 51
21 32 51
22 31 51
23 31 51
23 32 51
22 29 51
23 30 50
23 30 50
22 28 50
22 30 49
22 29 49
22 27 51
22 26 49
20 25 49
22 26 49
21 24 47
23 25 48
22 25 48
21 25 49
21 25 47
23 26 48
21 25 49
21 25 48
21 26 47
21 25 48
22 25 48
22 22 48
22 24 47
22 23 47
22 24 47
21 23 47
22 24 47
22 25 48
22 23 48
22 24 47
21 23 47
21 24 47
21 23 47
22 23 47
21 23 47
21 23 47
21 23 46
22 23 47
21 23 46
22 24 46
21 24 47
22 22 47
21 24 48
22 23 47
20 23 47
21 24 48
21 23 46
21 23 47
21 23 47
21 23 47
22 23 47
22 23 46
20 21 47
22 23 47
21 23 46
21 23 47
22 23 46
22 23 46
20 23 46
20 24 46
22 23 47
21 24 47
22 23 46
21 23 46
21 23 46
21 23 47
20 24 47
23 25 48
22 27 50
23 25 50
23 30 50
25 31 52
25 30 50
25 30 51
25 33 53
27 34 52
28 36 53
29 37 53
31 41 51
33 40 50
35 41 51
34 42 50
35 41 49
36 43 47
37 45 47
36 45 47
36 47 48
34 49 47
35 47 48
34 47 46
33 43 45
36 47 47
38 56 55
35 49 46
36 48 44
35 49 46
35 50 45
35 47 44
35 49 44
34 50 46
35 48 45
35 50 46
35 49 45
33 49 44
32 50 47
32 46 47
27 47 43
28 46 50
29 46 50
28 43 49
32 41 50
34 40 49
34 41 48
35 38 52
35 37 49
34 37 50
34 36 51
35 38 50
34 38 53
35 40 51
35 40 53
33 40 52
32 40 51
32 45 59
31 34 50
30 39 55
29 35 52
30 38 53
32 36 53
30 38 52
31 37 52
30 37 52
31 37 53
30 37 52
31 36 53
31 36 52
30 37 53
32 37 52
30 36 52
31 37 52
31 37 52
30 37 53
31 38 53
30 37 52
32 37 52
31 37 53
32 38 52
31 37 53
31 37 52
31 38 52
31 38 52
31 36 53
31 37 52
31 36 52
30 35 53
