30 53 49
32 53 47
32 52 45
34 50 46
34 48 45
36 45 46
34 42 46
32 40 48
31 35 50
31 33 51
30 31 50
29 32 51
28 31 54
27 29 52
29 36 53
29 35 51
30 33 54
30 36 53
30 34 54
28 34 51
30 33 52
30 35 52
31 35 52
31 38 50
29 41 49
31 40 47
30 44 47
30 48 43
30 52 42
32 51 42
31 52 39
31 52 38
31 50 39
31 53 42
30 53 46
31 52 46
31 49 47
28 48 47
29 47 43
29 43 44
28 45 45
26 49 45
28 46 47
28 48 47
28 45 48
26 44 49
25 46 48
24 49 49
27 48 48
28 47 47
28 44 48
30 43 46
31 44 48
30 41 48
30 42 47
30 41 50
29 40 50
27 40 50
27 40 52
27 37 51
25 40 51
25 39 51
25 38 51
24 36 51
24 38 49
22 38 49
21 36 50
22 37 50
22 37 50
21 37 49
22 36 49
22 36 48
21 36 49
21 36 48
21 36 50
21 36 49
21 35 48
21 35 49
21 34 49
20 36 49
21 34 50
20 35 49
20 34 49
20 35 48
19 34 48
20 35 48
20 34 48
19 35 49
19 34 48
20 34 48
20 34 47
19 34 49
20 34 49
20 34 48
20 34 48
20 35 49
20 35 48
19 34 48
20 36 49
20 34 49
19 34 48
20 34 48
21 34 48
20 34 48
20 34 47
20 34 48
20 34 48
19 34 48
21 35 48
21 34 48
20 35 48
20 34 49
20 34 49
21 34 48
19 34 49
20 34 49
21 34 49
20 35 48
20 34 48
19 35 49
20 34 47
20 34 47
20 34 48
22 34 48
19 35 49
20 34 49
21 35 49
21 35 49
21 34 48
22 37 49
22 36 51
20 35 50
22 36 52
22 35 51
24 37 51
27 39 48
31 39 49
31 42 49
32 42 48
33 42 48
35 44 49
31 45 49
30 46 48
30 46 48
30 45 47
28 45 49
26 44 51
27 45 48
27 43 47
27 44 48
28 44 49
28 43 50
29 46 49
30 48 50
29 45 46
29 43 47
29 44 47
28 44 47
30 53 61
27 44 48
27 46 48
27 45 48
27 45 49
27 44 50
28 44 48
27 46 51
26 51 47
28 42 51
27 45 45
27 46 44
28 47 48
29 49 50
28 49 46
29 49 46
28 48 44
31 43 47
32 39 48
30 36 48
29 36 51
25 36 51
22 33 50
27 36 51
32 37 49
33 41 50
40 41 48
39 44 45
39 43 49
37 47 48
33 53 53
29 53 58
27 39 44
29 44 51
30 38 47
32 45 51
32 36 48
33 43 51
33 43 51
32 42 50
33 40 51
34 42 51
33 41 50
32 41 50
32 43 50
32 41 51
33 41 51
33 42 50
34 42 51
33 42 51
32 43 50
33 42 51
33 41 51
33 42 52
34 42 50
33 42 51
33 42 51
33 41 50
33 43 51
33 41 50
33 43 50
33 42 50
33 41 50
34 41 50
33 42 50
34 41 51
32 42 50
34 43 51
32 42 50
33 42 51
33 42 50
32 42 50
33 41 51
33 42 50
33 42 50
33 43 51
33 41 50
33 43 50
34 42 50
33 43 50
33 42 51
32 42 50
34 42 50
33 42 50
33 42 51
33 42 50
33 43 50
33 42 50
34 42 50
34 42 50
34 42 50
34 41 50
33 42 51
33 43 50
34 41 50
32 42 50
33 42 50
33 43 50
33 41 51
32 42 50
34 43 50
33 42 51
33 42 50
33 43 50
34 42 51
34 42 51
34 42 50
34 42 51
36 42 51
33 41 51
33 43 51
35 42 50
34 43 51
34 44 50
35 43 50
34 43 50
33 42 50
34 43 49
33 43 50
34 44 49
34 42 50
34 43 49
35 42 50
34 42 50
34 43 50
35 43 50
33 42 50
33 43 50
35 40 52
35 43 52
34 47 52
36 50 52
36 53 47
36 53 45
35 51 43
34 48 41
31 43 44
29 42 45
29 41 46
29 40 48
29 39 50
31 42 51
31 46 47
32 46 47
32 43 50
32 40 51
32 40 51
32 41 51
33 41 51
32 42 52
33 40 49
32 35 52
32 36 51
31 38 53
32 37 51
32 39 50
32 44 50
33 39 51
32 38 52
30 41 51
27 40 55
31 39 52
31 37 51
30 39 52
29 40 53
30 39 51
30 36 51
31 41 52
30 41 52
30 38 49
31 39 51
29 40 54
30 42 52
29 41 50
31 42 48
31 44 49
30 45 49
18 56 61
28 46 50
29 45 48
28 43 46
30 44 48
28 43 50
27 44 49
27 42 48
25 43 50
27 42 49
27 42 49
25 42 47
27 42 49
28 44 47
28 46 46
28 49 50
33 46 52
33 44 53
32 39 53
31 37 51
31 38 50
28 38 50
26 38 51
25 40 52
25 38 50
22 38 50
21 39 51
17 40 51
23 38 50
28 40 50
27 41 48
26 40 49
24 41 53
23 38 50
24 38 49
25 38 50
25 38 51
26 38 51
25 37 51
25 38 50
25 37 50
23 38 51
24 39 50
25 38 51
25 38 51
25 39 51
26 37 52
25 37 50
25 39 51
25 38 51
25 38 51
25 38 50
25 37 50
24 38 51
26 37 51
24 37 49
25 38 51
24 37 50
25 37 51
26 38 51
25 37 50
24 38 50
25 37 50
24 38 50
25 38 52
25 36 51
26 37 51
24 38 50
25 38 50
24 38 51
