34 49 46
37 33 32
33 48 46
34 48 46
33 48 46
33 47 48
31 48 48
34 51 47
36 49 45
37 48 46
40 47 47
39 45 47
39 44 47
39 44 48
38 44 47
41 43 48
38 44 48
38 45 47
39 44 48
40 44 48
41 43 48
41 42 49
41 42 48
42 43 49
40 41 48
41 41 48
40 42 48
40 41 49
41 42 49
41 42 49
42 41 49
41 43 49
40 42 50
40 42 51
38 42 51
39 42 51
39 42 52
38 40 52
38 36 50
37 37 51
36 34 51
33 36 52
34 35 52
32 34 52
31 32 52
29 32 52
29 30 51
27 32 52
28 32 51
27 31 51
25 32 51
25 31 52
25 30 51
23 30 51
22 30 50
23 30 50
22 30 50
22 30 50
22 30 49
22 30 50
23 29 50
21 31 50
22 31 50
22 30 50
21 29 50
23 30 51
21 28 50
22 29 49
21 30 49
22 28 49
22 30 50
23 30 49
23 29 50
23 30 50
22 29 50
21 29 50
22 30 49
22 29 50
21 29 51
22 30 51
23 29 51
24 31 52
25 29 52
25 30 52
26 30 53
29 32 52
30 31 53
31 32 53
33 34 53
34 33 51
35 34 50
39 35 51
40 37 52
40 38 52
40 38 52
40 37 51
41 39 50
40 38 49
41 40 49
42 41 51
43 41 50
41 41 50
43 41 50
44 42 48
41 41 49
40 42 49
41 41 49
41 41 49
40 41 48
41 41 49
40 41 48
41 40 49
40 43 48
41 44 48
39 45 47
40 44 47
39 46 47
39 48 45
36 52 44
34 52 43
33 55 44
34 53 40
33 51 41
33 52 42
33 50 42
35 51 42
34 51 42
33 51 41
34 52 41
34 50 41
33 51 42
33 52 42
33 51 42
34 51 41
34 51 42
34 52 42
34 52 41
34 52 42
34 51 41
33 50 42
34 51 41
34 52 42
34 52 41
35 52 42
34 51 42
33 52 41
35 50 42
32 51 42
33 50 42
33 52 42
34 52 42
34 51 41
33 52 43
35 52 43
34 52 42
33 51 41
33 51 42
34 52 43
34 52 42
35 52 42
34 52 42
34 52 41
34 51 42
34 51 42
33 51 41
34 52 42
35 51 42
32 51 42
33 51 41
34 51 42
34 50 42
33 52 41
33 51 42
33 51 42
34 51 42
