31 31 53
2 31 31
32 32 54
31 32 53
32 32 53
32 33 53
31 31 53
32 32 53
31 32 54
31 33 53
31 31 53
32 33 53
32 32 53
32 32 53
31 31 54
31 33 52
31 30 54
33 33 54
31 31 53
31 33 54
32 31 53
31 32 54
31 32 52
31 32 54
32 34 56
32 38 54
33 40 53
34 40 55
35 38 53
36 36 52
38 37 50
37 42 49
36 41 48
38 42 52
36 43 49
36 41 50
37 41 52
36 39 48
37 39 50
38 39 52
38 39 52
39 40 51
39 41 54
39 41 50
38 40 51
39 39 50
38 41 50
38 42 52
37 42 51
39 43 52
39 42 52
41 40 50
38 36 52
35 36 46
38 34 52
36 37 49
35 33 54
34 33 53
32 33 53
33 34 53
34 32 50
32 32 53
29 31 52
28 31 53
29 30 52
26 28 52
25 28 53
24 26 50
25 26 50
26 27 50
25 27 50
26 25 51
23 24 51
23 27 49
24 25 51
23 25 50
24 24 49
24 23 49
23 26 49
22 23 49
23 24 50
24 25 49
23 25 49
23 25 49
24 22 49
24 24 49
25 23 49
24 22 48
23 24 48
25 22 48
22 24 48
22 22 47
23 22 47
23 23 47
23 23 47
25 22 48
24 22 46
25 21 48
24 21 48
24 23 47
24 20 47
25 22 47
23 20 47
23 20 46
24 21 46
24 21 47
24 19 47
25 19 47
23 20 46
23 20 46
24 20 47
24 21 46
24 21 46
24 19 48
24 22 47
23 21 47
23 20 47
24 20 47
23 22 46
25 20 46
24 20 47
24 22 47
24 21 47
23 21 47
24 20 46
23 23 47
24 23 46
24 20 47
24 21 47
25 21 48
24 21 47
23 20 48
24 22 47
24 22 48
26 23 48
25 23 50
26 22 50
26 23 52
28 23 50
26 23 52
30 26 51
31 25 52
32 28 53
32 29 51
34 33 52
35 32 52
37 35 51
39 38 58
39 39 52
40 40 50
40 40 50
38 43 50
39 42 51
39 42 50
38 40 51
40 39 50
38 42 50
37 37 52
41 40 51
39 42 52
41 40 49
38 41 49
39 37 49
36 37 51
39 39 52
39 39 51
38 38 51
38 38 50
39 37 51
36 36 50
36 36 53
35 40 54
34 35 52
31 35 52
33 32 55
33 35 54
34 37 54
34 37 53
34 34 54
35 41 53
36 37 53
35 38 52
35 37 52
36 41 52
35 39 50
35 39 53
34 40 52
35 39 51
35 43 52
35 41 51
36 43 52
35 42 50
36 43 52
33 46 50
37 43 53
36 41 50
35 44 47
35 47 51
35 44 46
35 46 49
34 45 48
35 46 48
35 45 48
35 46 48
34 48 47
35 46 49
34 45 47
34 48 48
35 48 47
35 48 47
35 48 46
34 49 46
34 48 46
34 47 47
34 47 49
35 45 47
34 48 47
34 49 47
34 47 47
34 49 46
33 46 47
34 49 46
35 48 48
34 48 46
36 47 47
34 47 47
34 47 46
34 47 47
34 47 48
34 46 47
34 48 47
35 46 47
35 48 45
35 48 47
35 47 45
35 47 48
34 48 46
35 47 47
35 47 47
35 47 46
34 47 47
34 48 46
34 46 46
34 48 45
35 47 47
34 49 47
34 47 48
34 48 47
35 49 46
34 48 47
34 47 47
35 49 47
33 48 47
33 47 47
34 47 47
34 48 47
34 49 47
