5 21 43
22 45 45
20 45 44
20 44 44
21 44 45
21 44 46
22 45 45
21 43 45
21 45 45
20 45 46
21 43 46
20 44 45
22 43 44
22 45 45
22 45 45
21 44 45
22 46 45
22 44 46
21 45 45
22 45 46
21 44 45
20 44 45
21 44 45
20 42 46
21 44 46
19 46 45
19 49 46
20 46 46
20 50 50
22 48 50
24 49 49
25 49 46
27 50 43
30 48 43
33 49 44
34 47 46
37 47 44
38 45 43
36 44 42
36 48 44
34 47 43
33 49 44
31 50 46
34 46 46
34 45 48
34 48 47
33 52 47
35 49 46
34 48 43
32 50 46
32 49 45
31 50 45
33 50 45
32 51 42
34 51 42
35 50 41
36 49 43
38 49 46
37 48 48
37 46 47
37 45 46
37 46 48
36 45 51
35 47 50
35 43 50
34 44 50
35 41 51
33 40 51
34 39 50
32 40 51
33 41 51
30 40 52
29 37 53
29 36 51
29 36 51
29 35 52
27 35 53
28 34 52
28 35 52
27 35 52
28 35 52
28 33 51
27 35 53
27 33 52
25 34 51
26 31 52
27 32 52
26 34 52
26 32 52
26 32 51
27 33 53
26 32 52
25 33 53
26 30 52
26 32 53
25 31 52
25 31 52
26 31 51
26 32 53
26 32 53
26 31 52
27 32 52
27 32 52
26 32 51
24 31 51
26 31 50
27 31 51
26 31 52
29 32 51
30 33 52
31 34 52
31 36 52
31 39 51
32 42 52
36 42 47
36 44 51
39 45 49
41 46 50
42 49 49
41 47 47
39 47 43
39 49 43
39 50 43
40 49 44
38 49 42
37 49 42
36 48 43
36 49 42
35 54 40
37 52 40
35 52 40
33 53 41
32 51 41
33 52 41
34 52 41
33 54 41
36 40 40
33 50 41
33 51 44
32 50 43
32 50 44
34 48 47
33 45 47
31 49 46
34 45 43
35 42 45
40 44 48
43 42 50
40 42 52
39 41 50
32 39 48
28 40 44
26 39 47
23 40 51
21 43 53
20 44 56
21 44 52
23 44 51
23 45 54
23 44 44
23 49 47
21 45 47
23 37 48
21 40 47
20 43 47
20 41 47
21 42 46
20 42 46
21 43 46
21 42 44
21 43 46
21 42 46
21 43 46
21 43 46
21 43 46
20 44 45
21 45 46
21 43 45
20 44 46
21 43 46
21 43 45
22 43 44
21 43 46
21 44 45
22 43 45
21 44 46
20 44 46
21 43 45
20 43 47
21 43 46
20 44 45
20 43 46
21 44 47
22 44 46
21 44 45
21 43 46
22 43 46
20 44 44
20 42 45
20 43 45
21 44 46
21 43 45
19 43 45
22 43 45
22 43 45
20 44 45
21 42 45
20 43 46
21 43 45
20 44 46
22 43 45
21 44 46
21 44 45
21 44 46
22 44 44
20 43 46
