32 40 51
32 42 53
31 40 51
31 41 51
31 40 51
31 41 52
31 39 51
31 40 51
33 41 52
31 40 51
32 39 52
31 41 53
32 40 52
32 40 51
31 41 52
31 39 51
30 39 52
32 40 53
31 39 52
30 41 52
32 41 52
32 40 52
31 44 52
32 45 50
35 46 51
33 44 50
35 43 49
35 43 49
37 44 50
39 44 50
38 44 49
39 44 48
39 44 49
39 43 48
39 43 48
40 43 48
39 42 49
39 42 50
41 41 48
39 43 46
39 44 51
40 47 50
42 42 47
40 42 51
40 44 51
40 42 51
40 43 52
38 42 50
36 38 53
35 37 52
34 37 52
34 36 52
34 36 51
31 33 52
30 33 52
29 31 53
28 33 53
28 32 52
26 32 52
25 32 53
26 31 52
25 33 51
23 32 52
25 32 51
23 31 50
24 32 51
24 32 51
24 33 51
23 32 51
23 31 50
23 32 50
22 33 51
22 31 50
22 32 50
23 32 50
21 32 50
23 31 50
22 32 50
21 32 51
22 33 50
23 32 50
22 31 50
23 32 51
22 32 50
22 32 50
23 33 50
21 32 50
23 33 51
25 33 52
24 33 52
25 33 52
26 34 52
27 33 52
29 35 51
33 37 50
33 36 51
37 38 51
39 39 51
39 39 51
40 42 51
41 41 50
39 42 50
40 41 50
41 42 57
42 43 49
42 43 48
41 41 50
40 41 51
41 41 50
40 41 51
39 41 49
39 41 49
39 38 48
39 41 48
40 42 48
40 44 49
40 45 49
38 47 47
36 50 51
35 51 48
32 46 46
31 46 51
33 42 50
32 45 50
32 45 50
33 45 49
32 46 50
32 46 48
33 44 50
32 44 50
32 44 49
33 45 49
32 44 48
33 45 49
32 45 49
32 44 49
33 45 50
32 45 50
32 45 48
32 45 49
32 44 49
31 44 49
33 44 50
33 43 47
32 44 50
33 46 49
33 45 49
