35 43 50
35 44 49
34 45 50
34 44 49
35 45 50
35 44 50
35 45 49
34 45 49
35 45 49
35 43 49
35 44 50
34 44 49
34 44 50
34 44 48
34 44 50
35 44 49
34 44 49
35 43 49
33 45 49
33 44 50
36 44 51
33 45 49
33 44 49
34 45 50
34 44 50
35 45 49
36 44 49
34 45 49
34 44 50
33 44 49
34 44 50
35 44 49
35 45 49
34 43 50
35 45 49
33 43 51
35 45 50
34 45 50
35 43 50
34 45 50
34 45 51
33 47 55
35 47 52
36 50 54
41 44 50
42 46 46
43 43 44
41 41 45
38 41 44
39 42 45
37 41 50
38 43 46
39 45 48
41 46 48
40 44 50
39 44 49
41 45 50
39 43 50
41 44 51
41 43 51
41 40 50
40 40 51
42 40 52
40 39 52
39 37 50
38 38 51
39 35 51
38 35 52
36 35 52
37 35 52
36 34 53
35 33 53
34 34 53
33 33 53
33 31 54
31 32 53
33 31 53
30 32 52
31 30 52
32 31 53
30 30 52
31 30 53
31 31 53
32 30 51
31 30 52
30 28 52
30 29 53
29 30 53
31 28 52
29 28 52
29 28 53
29 28 52
28 28 52
30 28 52
29 26 53
30 28 52
30 29 51
29 29 50
30 29 52
30 29 53
31 30 52
32 32 52
32 33 53
32 33 54
30 33 52
32 35 52
34 35 50
36 40 50
40 38 50
41 39 52
41 43 53
41 44 52
41 41 52
40 41 50
41 44 48
41 45 50
41 45 49
42 45 49
40 45 48
42 44 47
41 43 47
42 45 47
40 44 48
42 42 49
43 43 47
40 42 48
40 45 48
41 43 46
40 44 47
36 39 45
37 36 49
38 41 46
38 43 49
38 43 52
37 45 53
37 41 52
35 44 51
33 41 50
32 42 49
32 42 53
34 43 53
32 42 50
31 44 51
33 43 50
30 43 49
32 42 51
33 42 50
33 42 51
32 43 51
33 43 50
33 42 50
32 42 50
31 42 51
32 43 51
31 43 51
32 44 50
33 42 52
32 43 51
32 42 50
31 44 51
33 42 51
32 42 51
32 42 50
32 42 49
31 43 51
32 43 51
33 43 49
31 42 50
31 42 50
31 43 51
31 42 50
31 43 52
32 43 50
31 42 51
30 42 50
31 43 50
31 42 50
31 42 50
32 43 50
31 44 50
31 42 50
31 42 50
32 42 51
31 42 51
31 41 50
31 43 50
31 42 50
31 42 50
32 43 50
31 44 51
32 42 50
32 42 50
31 43 50
31 43 50
32 43 50
