29 44 49
30 44 49
31 43 49
28 44 48
29 44 49
30 43 49
29 44 49
29 44 49
30 45 49
30 44 49
29 44 49
29 44 49
30 44 50
29 44 49
29 43 49
29 43 49
30 44 48
29 45 50
30 43 49
29 43 49
29 44 51
30 43 52
27 43 52
28 41 52
30 42 51
32 42 50
34 44 51
36 44 49
38 43 47
39 42 47
38 40 46
37 43 47
36 47 49
35 47 46
36 47 47
36 46 46
36 50 46
37 46 46
34 49 48
35 48 47
36 50 48
34 50 48
37 49 45
35 49 48
32 50 46
33 47 44
32 51 46
32 49 46
34 48 49
34 49 48
36 48 49
37 47 48
38 46 47
37 44 46
39 44 48
37 43 48
34 41 48
35 40 51
33 42 49
33 43 50
33 44 50
31 43 50
27 42 52
28 41 51
30 41 50
27 38 50
28 40 52
28 37 50
27 34 53
26 35 49
25 35 53
25 37 52
25 35 52
24 35 52
25 34 51
24 34 51
24 35 51
24 34 50
24 34 51
23 33 52
24 35 52
25 34 52
23 34 50
25 34 52
23 35 51
23 33 50
22 33 51
22 32 51
24 33 51
23 33 51
24 33 51
24 33 51
23 35 52
23 32 52
23 33 50
23 32 50
24 34 50
23 33 51
24 33 51
24 33 51
23 33 51
24 32 52
22 33 51
24 34 51
23 34 52
23 34 51
25 34 52
22 33 51
24 32 50
22 32 51
22 33 50
23 33 51
24 34 51
25 35 51
26 37 50
26 37 51
25 39 51
24 39 51
27 39 52
28 40 52
33 41 51
32 44 47
31 44 48
32 49 47
35 48 48
35 45 47
35 47 47
37 46 47
36 48 47
34 45 47
36 45 48
37 43 49
35 47 46
35 45 47
33 45 48
28 52 53
33 44 48
31 47 47
33 47 48
33 48 47
33 48 48
32 47 47
32 50 47
33 50 47
33 51 47
33 49 46
35 48 45
32 47 46
31 47 46
30 47 46
30 48 49
29 51 49
30 49 47
35 49 47
38 48 47
38 42 44
35 40 48
33 36 47
32 34 55
29 32 55
28 35 54
27 36 55
30 36 56
33 39 50
30 41 53
29 41 50
31 41 51
31 41 51
30 42 51
31 41 51
29 41 52
29 42 51
29 42 50
31 40 51
30 42 51
30 40 51
30 40 50
31 41 52
29 41 51
30 42 50
30 40 51
31 41 50
32 42 51
31 41 52
31 41 51
30 42 51
30 40 52
30 41 52
