55 28 46
30 44 50
30 43 51
30 43 50
30 43 51
30 43 51
31 43 50
30 44 49
29 44 50
31 44 50
30 43 51
30 44 49
30 42 50
30 43 50
31 43 50
30 42 50
29 44 50
30 43 50
30 43 50
30 43 51
30 43 49
30 44 51
32 43 50
30 44 50
29 44 50
29 44 50
31 42 51
30 43 50
29 43 50
31 43 50
30 43 50
30 43 50
29 43 49
31 43 49
30 42 50
30 46 51
31 44 52
30 43 54
31 41 52
31 40 51
32 43 50
36 42 49
39 44 48
38 45 47
32 50 46
33 46 51
36 41 48
34 44 52
34 44 50
35 43 49
35 44 49
36 44 49
36 45 49
35 50 46
35 48 47
35 50 46
34 45 44
34 49 45
34 50 45
32 52 45
31 52 44
31 51 42
31 53 42
31 51 45
32 52 45
33 50 46
34 48 45
34 48 44
36 48 45
35 47 45
37 46 47
35 44 47
33 44 48
32 42 50
30 42 49
30 42 50
28 41 50
29 41 53
26 39 50
26 39 52
24 38 51
25 36 51
26 33 52
25 34 51
24 32 51
24 31 52
25 32 51
25 32 51
24 32 51
23 31 50
22 31 51
23 31 51
23 30 50
22 30 50
22 29 51
21 30 50
21 29 50
20 29 48
23 28 50
21 28 50
21 28 49
22 27 48
21 27 48
21 28 49
22 28 49
20 27 49
21 27 49
21 28 48
21 28 48
21 27 50
20 28 49
21 28 49
20 27 48
21 27 47
21 26 49
22 27 48
20 26 48
21 26 48
21 27 48
22 28 48
19 27 47
20 27 47
19 26 47
21 26 47
20 27 48
20 26 49
18 27 48
19 26 48
21 26 48
20 26 48
20 27 48
21 27 48
20 28 48
21 28 48
19 27 48
20 26 48
20 28 49
21 27 46
21 28 48
20 28 48
20 30 49
22 31 49
22 32 50
22 33 51
21 32 50
23 34 51
24 35 51
24 36 52
27 39 51
32 38 53
33 40 53
33 41 52
34 42 50
34 42 51
37 41 50
35 44 47
36 46 47
36 43 48
40 42 53
35 46 47
32 43 45
34 44 45
34 48 48
35 49 47
32 50 45
33 49 45
32 47 46
33 50 46
33 50 47
32 47 44
32 48 45
32 51 46
32 48 46
31 47 45
31 48 45
32 48 48
33 48 44
32 49 45
34 48 46
32 49 46
32 48 46
32 49 46
32 47 45
33 50 44
34 49 45
32 50 45
33 48 47
34 46 48
32 47 48
33 49 46
32 48 46
32 48 47
30 47 47
30 47 46
34 49 51
31 47 49
32 46 46
36 39 44
35 42 45
33 40 50
31 43 54
28 46 60
28 40 50
30 35 51
32 33 48
31 39 54
25 45 50
27 45 49
28 42 50
29 42 51
30 42 51
28 43 50
29 42 50
28 42 51
30 43 50
29 43 50
29 42 50
28 43 50
28 43 50
30 42 50
28 42 49
29 44 50
29 42 49
29 42 50
29 43 50
29 42 50
28 42 50
29 42 50
28 42 50
28 43 51
29 41 50
29 43 50
28 43 50
29 42 50
29 42 50
29 43 51
29 42 50
31 43 50
28 42 50
29 41 50
29 43 50
30 42 50
29 42 51
