39 34 52
39 36 52
38 36 52
39 36 52
37 35 52
39 35 53
37 35 52
38 35 55
36 36 53
35 40 54
36 41 53
39 41 54
44 40 52
50 43 50
49 44 43
45 42 40
40 45 42
37 45 43
33 47 44
34 49 44
35 50 45
35 49 47
33 54 43
35 49 47
37 50 43
37 49 42
37 50 42
37 48 44
37 49 44
36 49 45
35 50 42
36 49 44
38 49 45
40 50 47
41 49 46
43 48 46
43 45 46
41 44 46
41 42 49
41 43 49
41 44 48
39 41 48
38 40 47
37 37 52
35 38 52
33 38 49
32 36 49
32 36 55
33 37 52
30 37 51
31 37 52
30 37 54
31 36 52
31 35 54
31 33 52
32 34 52
30 32 53
29 31 52
31 31 53
30 30 52
30 31 53
30 31 53
30 32 52
29 29 53
30 30 52
30 30 52
29 28 52
30 29 52
29 28 53
29 26 52
28 27 52
29 27 52
28 27 51
28 28 51
29 28 51
28 27 52
28 26 51
28 27 52
29 26 51
29 27 51
27 28 51
29 26 51
28 25 52
29 27 52
28 27 52
28 26 51
29 26 50
28 25 51
29 26 52
29 26 51
28 26 53
28 25 53
28 25 51
28 27 52
28 25 51
28 26 52
28 26 52
28 26 51
28 25 51
28 26 50
29 25 52
29 26 52
28 25 51
28 25 51
29 26 51
27 25 51
27 26 51
27 26 50
27 25 50
29 25 50
28 25 50
27 25 50
27 24 51
27 24 51
26 24 51
28 23 50
27 24 49
28 23 50
27 23 50
27 24 50
27 24 52
26 24 50
27 24 50
28 23 50
28 22 51
28 22 50
28 24 51
29 22 50
27 23 51
28 22 49
28 22 51
29 22 49
27 22 50
27 22 49
28 21 49
27 20 50
27 21 49
29 21 47
29 21 48
26 21 48
26 20 47
26 20 48
27 20 48
27 20 49
27 22 48
27 20 49
28 19 49
27 24 49
29 22 50
28 27 49
28 27 50
29 26 52
32 28 53
32 34 52
33 36 51
34 37 51
34 37 51
35 37 48
36 40 48
38 44 51
41 44 49
41 45 50
38 44 49
39 47 48
38 46 47
38 45 48
36 47 47
36 48 46
36 50 45
37 49 46
37 49 46
37 51 45
38 45 43
36 49 43
35 45 44
36 47 45
35 48 45
37 48 46
35 46 45
34 48 46
35 48 45
37 47 47
35 45 49
35 44 48
35 44 47
36 45 47
37 42 47
41 40 48
42 40 49
40 41 51
38 41 53
35 43 51
31 40 54
30 43 55
32 40 51
32 39 51
35 42 51
33 42 51
34 39 53
33 40 52
33 40 52
34 40 52
34 40 51
33 39 53
34 39 53
33 40 52
35 39 52
33 39 53
33 39 51
