29 38 52
28 38 51
28 38 53
28 38 52
28 40 52
28 40 52
29 40 52
29 37 52
28 40 51
28 40 52
28 39 52
28 39 52
28 39 51
27 38 52
28 39 51
30 39 52
27 39 52
28 39 52
29 39 52
28 38 52
28 39 52
28 38 52
28 40 51
29 39 51
27 39 52
29 40 52
28 37 52
29 38 52
29 40 52
27 38 51
27 40 51
28 39 51
29 38 51
28 39 52
27 41 51
27 41 51
29 43 52
29 41 53
31 41 52
34 40 51
36 41 48
34 43 47
34 46 45
31 47 44
33 47 44
30 50 46
34 48 48
35 50 48
33 49 46
33 46 44
35 49 45
35 51 45
34 51 44
33 52 43
33 49 43
34 51 46
34 51 48
33 50 47
34 51 46
34 51 44
35 49 44
37 49 46
38 47 45
38 47 46
38 46 47
37 43 48
35 43 47
32 44 47
34 47 48
33 46 49
32 46 49
30 45 48
30 45 49
29 45 50
28 45 48
29 44 49
30 43 51
29 41 51
26 43 51
29 43 49
28 42 49
28 41 48
29 41 50
26 41 49
27 41 50
25 42 49
25 42 49
27 41 50
27 41 51
26 42 50
27 43 50
26 41 49
25 40 50
25 41 49
25 42 49
25 43 50
26 42 50
25 42 51
27 41 49
25 41 49
25 42 50
25 43 51
25 40 50
24 41 50
25 41 48
25 40 49
26 41 50
25 40 50
26 41 50
26 41 49
25 41 50
26 40 51
25 41 51
25 41 49
25 41 50
28 41 49
26 40 50
25 39 50
26 40 50
25 41 50
25 41 50
25 41 51
26 40 51
24 40 49
24 40 50
25 40 49
25 39 49
25 40 50
26 40 50
25 40 51
24 40 50
26 39 51
25 39 49
26 41 49
26 38 50
26 40 50
25 40 50
26 40 51
24 40 50
25 40 50
26 41 49
25 39 50
24 41 49
26 41 49
25 40 50
25 42 50
27 43 49
26 43 49
27 43 49
26 45 49
26 44 48
24 46 48
27 46 47
29 47 46
29 47 45
32 48 46
35 47 48
37 48 48
35 49 47
36 50 44
36 49 44
38 49 44
37 48 43
37 49 43
37 47 45
37 47 45
37 50 43
35 47 43
35 50 43
36 49 44
36 49 45
34 51 43
33 51 43
33 51 42
33 51 42
36 53 45
34 52 41
31 50 43
32 50 44
33 52 46
34 54 43
34 51 45
34 49 44
32 51 45
31 50 46
29 50 46
30 49 45
34 51 45
38 48 45
39 47 44
37 46 43
34 43 46
30 42 49
27 41 53
18 42 55
25 33 59
30 42 47
29 43 53
29 39 50
30 37 51
29 39 51
30 41 51
29 39 52
30 39 51
29 39 51
28 40 51
30 40 51
29 40 53
28 40 52
29 40 52
29 40 53
29 40 51
29 40 51
29 40 51
30 40 50
29 39 52
28 41 51
31 39 52
28 39 51
29 41 51
29 38 52
29 39 53
29 40 51
28 38 52
29 40 50
28 39 51
28 39 51
