31 48 44
31 49 44
30 48 45
30 49 46
32 50 45
31 47 45
31 48 45
31 49 44
32 50 45
31 49 46
30 48 45
31 49 45
32 48 46
32 49 46
31 50 45
31 49 45
30 49 45
31 48 45
31 49 45
30 49 44
31 50 45
32 49 47
31 48 48
32 50 49
33 47 48
33 49 50
34 46 50
37 46 49
38 42 51
38 42 49
37 44 51
39 41 49
33 42 46
30 41 44
28 43 46
31 44 48
30 45 48
31 45 50
31 42 50
29 43 50
29 42 51
30 43 50
30 44 48
30 46 49
30 47 48
26 41 53
30 49 47
30 45 47
30 46 50
34 47 48
32 49 48
33 47 49
33 47 48
33 45 49
32 42 49
33 42 49
34 42 50
33 41 52
33 38 52
31 36 55
31 34 51
31 33 53
31 34 53
28 31 53
27 30 52
28 29 52
28 29 52
28 29 52
26 28 52
27 27 52
26 27 53
27 27 52
26 27 52
26 25 51
26 26 50
26 25 50
25 24 50
26 23 50
26 23 50
26 21 48
26 23 50
26 22 50
26 22 50
25 22 49
24 23 48
25 22 48
26 22 48
25 22 47
26 21 49
26 21 49
26 21 49
25 23 48
26 22 48
27 22 49
26 22 49
26 23 49
26 24 51
26 24 51
26 24 51
26 22 49
25 23 49
26 24 49
25 25 48
27 26 50
27 26 51
27 27 50
26 27 52
30 32 53
28 29 50
28 28 52
30 30 54
31 33 52
32 35 54
32 37 53
31 37 54
31 38 54
32 39 52
31 40 52
32 40 52
33 42 51
33 42 51
33 41 49
31 44 51
32 44 52
33 45 52
33 44 49
33 43 50
31 43 49
32 47 51
32 44 51
32 43 50
29 42 50
29 40 49
30 39 50
29 41 53
27 45 53
30 45 53
32 44 53
34 44 52
31 42 51
33 43 50
33 43 48
33 40 49
34 42 50
35 40 51
37 38 52
39 37 50
40 37 48
40 35 41
41 37 41
44 45 48
38 56 50
39 55 35
35 61 35
29 49 43
37 58 38
35 59 32
34 56 33
34 54 30
30 52 33
28 53 32
29 52 31
29 54 31
31 54 32
30 52 32
31 52 31
31 52 31
28 54 34
30 54 32
29 54 31
30 53 31
31 51 31
30 54 32
30 52 31
32 54 31
32 53 31
32 52 31
32 51 30
31 54 31
31 54 32
32 54 32
30 53 32
30 54 32
31 53 32
31 54 31
31 55 31
32 54 31
31 54 32
32 53 32
33 54 33
34 54 32
31 55 30
32 54 32
34 53 30
33 52 31
32 51 32
30 54 32
32 54 31
32 54 31
32 53 31
