31 37 52
31 37 53
31 38 52
31 38 52
30 38 51
30 38 52
31 38 51
29 38 52
30 38 53
31 37 52
31 37 52
30 38 53
31 38 52
31 39 53
31 38 52
31 38 52
31 37 53
30 37 53
32 37 53
31 37 53
29 34 54
28 34 54
28 34 56
31 35 56
32 37 55
33 38 54
34 39 52
34 40 49
34 39 48
35 39 48
36 39 49
35 39 49
34 38 49
33 41 51
32 41 51
31 42 51
31 42 51
30 41 52
28 41 51
29 41 50
28 36 52
28 41 52
29 45 50
30 48 49
31 46 51
32 48 50
31 48 48
32 48 49
32 48 49
32 48 52
33 46 52
32 41 49
33 41 49
32 37 51
30 35 51
31 35 54
29 31 52
27 30 53
27 29 51
26 28 51
27 27 51
27 27 52
26 26 51
26 26 50
24 24 50
26 23 50
26 25 49
25 22 49
26 24 50
25 24 49
27 23 50
25 22 49
25 21 48
26 21 47
26 21 48
25 23 49
26 22 49
25 22 48
26 22 47
25 21 48
26 22 48
25 22 48
24 22 49
25 22 49
26 22 48
24 21 47
26 23 48
27 24 50
27 23 49
28 24 50
27 26 52
28 28 51
29 30 53
29 31 53
29 31 53
30 37 54
31 33 52
32 35 53
31 38 53
31 37 51
32 40 51
33 40 51
33 43 52
32 43 51
33 42 50
33 42 49
32 45 51
32 43 51
31 43 50
29 45 55
31 43 50
31 43 50
30 41 50
30 44 51
31 43 50
30 43 49
29 42 51
30 42 50
29 41 50
30 41 53
31 41 53
32 39 54
30 40 52
34 39 51
35 38 51
37 40 49
37 38 48
39 39 45
38 40 42
41 38 39
40 42 42
40 49 47
33 54 47
46 62 59
33 60 35
35 56 33
34 51 36
31 49 36
30 52 37
31 52 38
33 53 37
33 54 37
31 53 37
32 53 36
32 53 36
31 52 38
32 54 36
33 52 35
34 54 35
32 53 36
32 55 38
30 52 38
31 54 37
31 53 37
31 52 38
32 51 38
31 53 38
31 53 38
31 53 38
30 53 37
32 53 39
31 52 38
31 52 38
32 52 38
30 52 39
30 53 39
32 52 38
30 52 38
31 53 38
