34 49 33
34 50 45
33 50 45
35 48 45
34 48 46
33 49 46
34 49 45
34 49 45
34 49 46
35 48 45
33 48 45
34 48 45
35 48 46
33 48 45
34 50 46
35 49 46
35 50 45
34 49 45
35 49 45
33 48 45
33 49 45
34 50 44
34 50 45
33 48 45
34 49 45
34 50 45
34 50 44
34 49 45
34 50 46
33 49 46
34 48 46
33 48 46
35 48 45
33 47 45
34 47 45
34 50 45
34 49 46
33 49 46
35 50 46
32 52 45
34 52 45
35 48 44
36 49 45
40 48 47
41 46 48
42 45 48
41 43 46
40 42 46
41 42 47
40 44 47
42 43 48
40 41 47
40 40 50
40 42 49
40 42 50
42 42 49
41 42 49
39 41 50
39 40 52
38 41 52
40 42 52
38 41 50
37 40 51
37 38 52
37 35 52
35 33 53
35 31 52
34 32 53
32 33 52
34 31 53
33 31 53
31 30 53
31 30 53
29 29 53
29 30 52
27 29 53
26 27 52
26 29 52
25 28 51
24 27 51
24 28 52
24 28 50
23 28 51
24 28 51
22 28 50
24 27 50
22 27 50
24 27 50
23 27 50
23 28 50
23 27 50
23 29 50
22 28 50
22 27 50
24 27 50
23 27 51
24 28 49
23 28 50
23 28 50
23 28 49
22 28 50
23 28 50
23 27 50
25 29 50
24 26 51
24 28 51
23 28 51
23 27 52
25 28 51
25 29 51
25 28 51
26 28 52
27 28 52
28 29 52
30 32 51
31 32 53
32 31 53
32 33 53
33 32 52
34 33 53
35 34 52
36 36 50
37 36 52
37 37 51
40 39 52
41 40 52
41 42 52
41 42 51
41 42 50
42 42 50
42 41 48
41 41 48
40 41 50
40 39 49
39 41 49
40 41 50
40 40 51
40 41 50
40 43 49
41 46 47
37 45 47
37 47 48
36 49 49
37 48 44
37 47 45
34 50 44
32 53 42
34 52 43
33 50 43
33 51 44
33 49 44
34 51 44
35 50 44
34 50 43
35 49 43
33 50 42
33 51 42
36 51 42
35 50 42
35 50 43
35 51 43
34 51 43
34 51 42
35 51 43
34 51 42
34 50 42
35 51 43
34 51 43
35 52 42
34 52 42
34 52 42
34 50 42
34 51 42
33 52 43
35 51 43
34 51 43
34 50 43
35 52 42
33 51 42
35 50 42
34 51 43
35 52 42
34 51 43
34 50 43
35 49 43
35 51 42
35 51 43
35 51 42
34 50 42
35 51 43
