29 34 52
30 35 53
31 34 53
31 35 53
31 35 52
30 35 53
29 34 54
31 35 52
30 35 53
29 35 53
30 35 52
30 34 53
30 36 53
30 36 53
31 36 52
31 35 53
31 35 52
31 35 53
30 36 54
31 35 53
30 34 53
31 35 53
29 36 53
30 34 53
30 35 52
31 34 54
31 36 53
30 35 53
30 35 53
30 35 52
29 35 53
30 36 52
30 34 53
29 35 53
30 35 53
30 35 53
29 35 53
30 34 53
31 36 56
31 39 53
35 40 53
35 38 52
36 40 55
35 37 52
34 37 52
35 34 51
35 37 50
35 39 49
34 41 49
35 41 51
35 41 50
36 41 49
35 43 50
36 46 51
35 44 50
35 44 50
34 44 52
36 46 49
37 43 50
38 43 50
39 42 49
40 43 47
41 43 49
40 42 49
39 40 49
38 38 50
39 37 51
38 37 52
37 36 53
36 35 54
37 35 53
35 36 53
35 35 52
35 35 51
34 34 51
34 32 52
34 31 52
32 29 53
33 27 54
31 28 54
31 28 52
30 25 52
30 24 50
30 25 51
29 24 51
28 24 50
29 24 51
29 24 50
29 22 49
30 23 49
28 20 50
29 20 49
28 21 48
30 21 50
29 20 49
28 19 47
28 20 48
28 20 49
29 19 47
29 19 48
27 19 48
29 20 47
29 19 48
28 18 48
30 19 47
28 20 47
28 19 47
29 20 48
31 21 49
30 22 50
29 21 50
30 21 49
30 23 50
30 23 51
30 24 51
32 27 51
31 28 51
34 30 54
33 32 54
36 37 53
35 38 53
35 39 52
37 38 51
37 42 50
37 44 49
37 43 49
36 43 48
37 47 49
36 43 49
35 43 50
34 43 49
34 45 49
34 43 50
34 42 50
33 43 49
35 44 48
35 46 51
36 46 50
36 45 50
35 43 50
35 41 51
34 41 52
35 40 50
35 38 49
37 39 50
36 37 51
36 39 52
35 38 52
35 38 52
37 40 53
37 40 57
35 41 51
37 40 51
37 41 51
36 38 51
34 40 51
37 39 51
38 39 52
37 38 52
35 38 51
36 39 52
37 41 52
36 40 52
36 39 51
36 41 52
35 40 51
36 40 51
36 40 51
35 39 51
35 40 51
35 41 51
36 41 50
36 40 50
36 41 51
36 41 52
35 39 53
34 37 52
33 37 54
33 37 53
34 36 52
35 38 52
32 39 51
32 41 50
33 39 51
31 38 54
31 38 55
31 37 52
33 42 50
33 41 52
31 43 51
33 42 50
32 42 51
32 44 51
32 40 51
33 42 50
33 42 51
32 42 51
33 42 50
32 43 50
32 42 51
32 42 51
33 41 50
32 41 51
32 41 51
33 42 50
32 43 51
32 42 51
34 42 51
34 42 50
32 40 50
33 42 51
32 41 51
32 41 50
32 42 51
