32 41 52
31 40 51
31 42 51
32 40 52
31 40 51
31 41 52
31 41 51
31 40 51
31 41 51
31 42 51
31 41 51
31 40 51
31 40 51
31 41 51
31 40 51
32 42 51
32 41 51
33 41 51
31 42 51
30 40 50
32 42 51
31 42 52
31 41 52
32 40 52
31 42 51
31 40 51
32 41 51
32 40 51
32 42 52
32 40 51
31 41 51
31 41 52
32 40 52
31 41 52
30 42 54
30 43 54
34 40 54
33 41 52
35 41 50
36 41 50
38 42 46
38 43 45
37 46 45
38 44 45
35 53 45
35 48 48
33 49 49
34 47 47
34 48 49
37 51 46
33 49 47
35 49 45
35 49 47
33 50 46
32 51 45
34 51 45
35 49 47
37 49 47
39 48 46
38 48 45
40 46 44
39 45 45
39 45 45
37 44 45
36 45 45
36 46 47
34 46 48
33 47 49
32 45 49
32 44 49
31 45 50
29 45 49
30 44 50
31 43 50
30 43 51
31 43 51
30 43 49
29 40 50
28 41 48
28 42 50
26 41 52
26 40 51
27 41 48
26 41 50
26 42 52
25 42 50
26 39 52
26 39 51
26 40 50
25 40 49
26 40 51
26 38 50
25 40 51
27 40 50
26 40 52
27 40 52
26 38 51
25 39 51
27 37 50
25 38 50
26 39 51
27 41 53
27 40 51
26 40 51
27 40 51
26 39 50
25 38 50
26 40 50
26 40 50
26 38 51
28 38 51
26 39 52
26 38 51
26 38 50
26 38 51
26 37 50
27 39 52
27 37 53
25 39 51
27 38 50
27 37 51
28 38 51
26 37 51
25 37 52
25 37 51
26 37 51
26 38 52
25 38 51
27 38 52
27 37 51
27 38 51
26 38 52
25 38 51
25 38 51
27 37 51
27 36 50
25 39 51
26 38 51
27 38 51
26 39 51
25 38 50
25 37 50
26 38 50
27 38 50
28 41 50
27 41 51
25 38 50
26 42 50
28 42 49
28 43 48
30 44 49
34 45 50
35 48 50
38 48 51
36 48 48
38 49 47
38 46 45
41 44 44
40 47 43
41 45 44
41 47 45
39 48 46
37 49 43
37 50 43
36 51 43
35 51 43
35 49 45
36 48 44
34 50 43
33 50 44
34 51 44
35 51 44
35 51 44
35 50 45
34 49 45
35 50 45
35 50 43
35 49 43
35 50 43
36 54 42
36 50 41
33 49 43
35 49 46
32 49 44
31 50 44
31 49 44
33 50 46
33 52 49
34 53 46
35 50 47
38 44 44
38 40 41
35 38 45
34 36 48
33 32 53
28 28 54
30 34 55
30 35 51
30 35 62
32 39 50
33 40 49
30 44 53
31 42 50
31 42 51
31 43 49
30 42 51
30 42 50
30 42 51
30 42 50
30 42 50
30 41 51
31 41 51
30 41 51
30 40 51
31 40 52
31 40 51
29 41 52
30 42 51
31 41 51
31 42 51
30 41 51
31 41 51
30 42 51
31 43 51
30 41 51
