30 43 33
31 43 50
29 43 50
30 42 51
30 43 50
29 42 51
29 44 50
29 42 50
30 42 51
31 43 50
31 42 49
28 46 50
28 46 48
27 50 48
28 46 49
30 46 48
35 48 49
38 49 49
38 49 45
38 49 42
34 46 42
33 46 43
32 44 46
36 49 44
36 47 43
34 48 46
35 48 45
34 48 47
34 48 47
36 49 45
35 53 43
33 52 43
33 52 43
33 49 45
33 48 45
35 51 46
37 50 47
37 50 46
36 49 44
37 47 46
36 47 46
35 46 46
34 47 45
34 48 46
32 47 47
33 46 49
30 45 49
30 46 48
32 44 48
29 44 50
26 40 48
26 41 49
25 41 51
24 41 49
26 41 49
24 41 51
25 42 50
22 41 50
22 37 49
22 39 49
22 39 50
23 38 49
22 41 50
22 37 49
22 38 50
22 39 49
20 39 48
21 38 48
22 39 49
23 39 48
21 38 49
22 39 50
21 37 49
21 37 49
21 38 49
21 37 48
21 38 49
22 37 49
21 36 49
22 37 48
22 37 50
21 36 50
20 37 49
20 37 49
22 36 49
22 37 48
21 37 49
23 37 50
21 37 49
20 36 49
21 36 49
22 35 49
21 36 49
22 36 50
20 37 49
20 34 47
21 35 49
20 35 50
21 35 49
21 35 49
20 35 49
21 35 49
21 35 49
22 35 49
21 36 49
20 37 48
21 36 49
22 37 50
22 37 49
22 38 49
22 38 48
22 38 49
22 40 48
23 40 49
24 42 48
23 41 48
27 41 49
30 43 50
31 44 51
32 46 49
33 46 48
36 47 49
40 44 47
38 48 43
36 47 46
37 45 46
37 46 46
36 46 45
38 47 45
38 47 43
38 45 43
36 50 46
34 49 44
34 50 46
36 49 48
35 51 44
36 51 43
35 50 44
34 51 44
32 54 47
35 47 45
38 53 50
35 49 46
34 48 44
35 49 48
34 49 45
32 45 47
30 48 46
30 47 48
29 48 47
32 47 47
34 52 47
38 50 44
41 43 46
35 43 44
31 43 50
26 42 52
24 45 50
26 44 49
27 45 50
30 45 50
33 44 48
32 45 49
31 45 48
32 45 48
30 44 49
31 46 49
30 43 49
32 44 49
30 45 49
30 44 49
31 44 48
32 45 49
31 45 50
31 44 50
30 45 49
31 44 48
31 43 49
33 41 52
34 44 49
34 46 49
32 43 45
28 44 46
27 43 48
