35 42 51
35 40 52
35 40 52
35 42 51
35 40 52
35 41 51
34 41 51
34 41 53
35 40 52
34 42 51
35 41 51
35 42 52
34 41 51
34 41 52
34 43 51
35 41 51
35 40 52
36 41 52
34 42 52
35 42 50
35 41 51
35 40 52
36 41 51
34 41 52
36 40 51
35 40 53
35 40 52
35 39 52
35 39 50
34 39 52
34 38 52
34 38 52
35 39 53
33 39 53
34 37 52
33 39 53
34 37 53
33 39 52
33 38 52
33 38 52
34 37 53
34 38 53
33 38 52
33 38 54
32 39 55
31 37 56
33 39 54
35 37 53
39 39 51
43 39 50
42 39 49
42 39 50
40 39 47
38 40 46
36 41 46
38 45 49
37 44 50
40 48 50
40 42 49
40 46 48
39 45 47
40 46 47
40 44 47
39 47 48
38 48 49
40 46 47
40 45 47
40 43 46
39 42 50
40 40 49
40 40 54
37 39 51
37 38 51
35 40 48
34 36 51
32 34 51
31 34 53
31 33 54
30 30 53
29 28 52
30 30 54
29 29 52
29 28 52
29 28 51
29 29 52
28 26 51
28 25 52
28 25 52
27 25 51
28 24 51
28 25 51
26 24 51
26 27 49
28 22 51
27 23 51
28 23 50
28 22 50
29 23 49
27 22 49
27 21 50
28 22 49
28 22 51
29 22 49
27 21 49
27 22 50
28 22 49
28 22 48
27 22 50
29 20 49
28 22 50
28 20 49
27 22 49
29 23 48
28 21 50
27 21 49
29 23 50
27 21 48
27 21 49
28 22 48
27 22 49
28 21 50
29 21 49
29 23 49
27 21 49
29 22 48
27 23 48
28 24 52
28 26 51
28 26 51
29 27 52
29 28 52
32 28 51
33 30 53
34 33 54
34 33 53
35 35 54
36 37 51
39 38 51
39 41 50
40 40 50
42 43 48
43 42 48
42 44 47
43 41 48
44 45 47
41 45 46
43 45 48
42 46 47
43 44 45
43 47 49
41 44 45
42 47 46
42 45 44
43 46 46
44 46 43
43 46 46
43 46 45
43 46 45
43 48 46
42 46 45
42 47 47
41 47 47
40 45 47
41 45 47
39 45 45
39 43 44
41 45 45
42 45 45
44 42 48
43 53 48
38 39 50
40 43 51
38 41 54
35 44 51
34 39 50
32 40 50
32 38 54
30 44 59
32 35 54
36 36 54
36 36 53
33 36 53
33 38 51
32 37 53
33 37 53
35 39 52
33 39 52
33 39 52
34 37 53
34 38 51
34 38 53
34 39 52
35 38 52
34 39 51
34 39 53
35 39 53
36 39 52
34 38 53
34 38 53
34 39 53
34 39 52
35 38 52
34 39 53
33 40 52
34 39 52
34 38 52
35 39 53
34 39 52
33 39 52
35 37 53
35 39 52
35 39 52
34 39 52
34 37 52
34 40 52
33 39 52
33 37 51
33 38 53
34 37 53
34 40 51
33 38 52
35 39 52
33 38 52
34 39 52
33 39 53
34 38 53
33 40 53
35 38 54
33 39 52
34 39 53
35 38 53
34 38 52
35 38 52
34 41 52
34 38 52
33 39 51
35 38 53
35 40 52
34 39 52
35 39 52
34 38 52
