31 43 50
31 33 50
30 44 33
32 43 50
32 43 50
31 44 50
32 44 50
32 43 50
31 42 51
33 44 50
34 43 49
33 43 49
33 43 50
32 43 50
32 44 50
32 44 49
31 44 49
31 44 50
32 43 50
33 43 50
32 43 49
33 44 51
32 43 50
31 42 49
32 43 50
33 43 49
32 44 51
31 43 49
32 45 50
32 43 50
32 44 51
32 44 50
32 44 50
33 42 50
32 43 49
34 45 51
31 43 53
32 45 52
32 52 53
36 49 53
41 45 52
41 43 48
39 42 43
38 45 44
38 44 45
40 42 45
36 37 50
41 44 48
37 45 51
39 45 51
40 46 52
40 45 49
39 43 50
40 41 50
41 41 49
39 40 50
39 39 51
40 40 51
39 36 50
40 39 51
40 38 51
38 36 53
37 35 52
35 34 51
34 32 51
34 32 53
34 32 53
36 33 53
33 32 53
33 33 52
32 31 52
32 30 53
32 32 53
31 31 54
32 30 53
31 29 52
30 29 52
30 30 53
28 29 53
30 29 53
29 30 53
29 28 52
30 29 53
30 28 53
30 29 52
29 28 52
29 27 51
28 28 52
29 28 52
29 27 51
29 27 51
29 28 51
28 26 52
30 29 52
31 31 53
31 32 52
31 31 53
31 33 53
31 35 52
31 33 52
31 33 53
33 34 52
35 36 51
36 37 52
38 37 51
39 40 51
41 41 50
39 42 49
40 41 50
41 43 49
41 45 50
41 45 50
42 46 50
41 44 48
39 45 48
42 44 48
40 47 48
39 44 51
41 45 46
41 45 48
41 48 47
40 44 47
41 45 47
40 47 47
40 43 47
37 39 47
37 39 47
38 41 50
41 42 51
41 40 52
36 47 55
36 44 49
32 38 49
28 44 59
32 40 50
33 45 51
35 41 51
33 43 50
33 42 51
34 42 51
32 44 50
34 44 50
33 43 51
32 43 50
33 44 49
33 43 50
33 43 51
33 43 50
33 43 50
34 44 51
33 43 51
34 44 50
33 43 51
34 42 50
34 44 49
32 43 51
33 44 50
32 42 51
32 42 51
32 44 52
33 42 50
33 43 50
32 41 51
32 40 50
33 40 52
32 40 51
33 39 51
33 41 52
33 42 51
32 41 52
32 42 51
33 42 50
32 42 51
33 42 50
32 43 52
32 41 51
34 41 52
31 41 52
31 42 51
33 42 52
30 42 51
32 42 50
32 41 51
30 40 52
30 42 49
30 42 50
31 40 52
28 40 51
29 40 52
30 42 51
28 40 52
30 40 50
29 40 51
30 41 51
30 40 51
31 39 51
30 41 51
28 41 51
30 41 51
