32 38 52
33 39 52
32 39 52
33 39 54
34 39 51
33 39 52
32 39 52
33 39 52
33 38 52
33 38 51
31 38 53
33 39 52
34 39 51
33 38 53
33 39 52
32 38 52
33 39 52
33 38 53
32 40 51
33 40 52
32 41 51
32 39 54
29 43 55
30 44 52
31 44 49
34 44 51
36 46 47
37 46 44
39 45 43
37 44 44
37 46 43
36 48 42
33 49 46
30 51 48
33 50 48
34 47 44
33 51 45
35 50 45
32 51 41
33 49 41
34 51 45
31 54 44
32 52 44
31 50 43
30 51 44
30 51 46
32 51 47
32 50 44
34 48 46
34 46 46
35 46 48
38 45 47
37 43 47
34 44 48
32 47 46
33 48 49
32 44 48
30 44 49
30 42 49
30 43 48
28 44 49
29 42 48
26 41 50
25 42 50
25 41 49
25 42 51
25 42 49
25 41 49
26 41 51
26 42 51
26 42 50
25 40 50
25 40 50
25 40 50
25 41 50
25 39 50
26 40 51
26 40 51
25 40 50
25 41 49
27 39 50
25 39 50
25 39 50
25 39 51
23 39 50
25 39 50
25 38 50
24 39 50
25 39 51
23 40 50
24 39 50
24 39 51
25 38 51
24 39 49
24 40 50
24 39 50
24 39 50
25 39 50
23 38 50
26 38 49
24 38 51
24 39 50
24 39 50
25 39 49
24 39 50
24 39 51
24 39 51
23 39 49
23 38 50
25 38 51
23 40 50
24 39 50
25 39 50
24 40 51
26 39 49
25 41 51
25 40 50
26 41 49
26 42 49
26 42 49
27 43 49
25 42 49
25 44 49
27 46 49
29 47 50
33 47 47
34 46 47
35 46 48
36 45 48
39 48 49
36 47 47
37 45 46
37 45 47
38 47 46
40 48 45
38 47 44
38 46 45
37 46 46
37 46 48
37 50 47
37 49 46
36 49 44
36 48 46
36 48 45
37 50 45
37 49 44
34 49 45
35 50 44
33 50 43
36 52 43
38 49 43
36 49 43
36 49 46
37 49 46
34 50 45
35 54 42
34 48 45
35 50 44
35 48 45
35 48 46
34 48 45
33 49 47
32 48 45
33 49 44
33 49 45
32 50 46
33 49 45
32 48 46
33 48 46
31 49 47
29 51 46
30 51 49
35 52 45
39 47 42
42 43 44
41 39 44
40 36 47
37 40 49
35 45 45
31 46 49
30 46 55
30 42 50
32 37 62
32 42 46
32 42 53
30 44 51
32 43 51
28 40 51
31 40 51
29 40 51
31 42 52
32 42 51
33 41 51
31 42 51
31 41 50
30 40 51
31 42 50
30 41 51
31 41 51
31 42 51
32 42 51
32 41 50
30 42 50
31 41 51
30 42 51
31 40 50
31 42 50
32 42 51
31 41 51
31 42 52
31 43 51
33 42 51
31 42 51
33 41 51
31 42 50
31 42 52
31 42 51
31 40 50
