33 38 53
33 37 52
34 37 54
33 37 53
33 36 53
33 37 52
34 37 53
33 36 52
34 36 53
33 36 52
33 36 53
33 36 54
33 34 56
36 37 57
36 39 53
36 40 53
36 43 49
35 43 48
33 44 47
31 43 47
31 44 48
30 48 46
33 45 50
30 45 51
30 47 49
30 45 51
32 49 42
34 46 46
34 46 46
32 45 46
31 49 47
32 46 48
34 46 48
33 49 47
35 48 46
38 49 46
37 46 44
38 47 47
39 47 46
38 47 46
39 45 45
39 47 44
38 49 45
36 47 48
37 50 48
38 49 51
39 51 50
37 49 45
38 46 45
35 43 47
35 42 50
34 40 52
33 40 52
32 39 49
32 39 51
33 38 51
33 38 52
32 36 52
31 34 55
30 31 54
31 33 52
30 32 52
30 31 52
30 32 54
31 33 53
30 31 54
30 28 53
30 29 52
29 29 51
30 29 52
31 26 52
29 28 51
29 27 52
28 26 52
28 25 52
30 26 50
30 25 51
29 27 52
30 26 51
27 22 51
31 22 51
29 23 50
29 24 51
29 23 52
28 24 50
29 23 50
28 23 51
29 23 50
30 24 50
30 23 49
30 23 50
30 22 49
30 23 50
30 22 50
30 22 50
30 22 49
30 21 50
30 22 51
30 24 50
30 21 49
30 20 49
29 22 49
28 22 49
30 21 49
30 21 49
29 21 50
29 21 50
30 21 49
30 22 48
30 21 48
29 21 48
28 21 48
29 21 51
30 20 49
29 21 50
29 20 48
30 20 49
29 20 48
30 20 49
30 21 49
29 21 49
30 20 50
29 21 48
30 21 49
30 19 49
30 20 49
30 20 47
29 22 49
29 21 47
29 20 49
30 20 50
31 20 48
30 20 48
31 20 49
31 19 49
31 19 48
29 19 47
31 21 48
30 21 49
30 21 49
28 24 51
29 22 51
31 22 51
30 26 51
31 25 52
31 25 53
31 25 50
31 27 52
33 33 51
35 35 52
36 37 52
37 38 54
35 39 53
34 40 52
34 41 50
35 41 50
36 38 51
34 44 52
34 43 50
35 44 51
34 47 50
36 49 50
36 48 50
33 43 52
33 43 49
32 42 51
31 44 50
29 43 52
27 44 50
29 41 49
33 39 47
35 38 47
37 41 48
40 41 47
40 36 51
39 36 53
39 36 55
38 35 51
39 39 55
38 42 54
39 44 53
36 44 52
36 41 52
38 46 54
37 41 50
37 44 51
35 44 49
36 43 50
36 44 49
35 45 48
36 44 48
35 43 50
37 43 49
36 44 50
35 44 49
35 44 49
35 45 49
36 44 49
36 43 51
36 43 50
36 44 50
34 44 49
35 44 50
35 44 50
35 44 49
36 43 50
35 43 50
34 44 50
34 43 49
34 44 50
35 44 50
36 43 50
35 43 50
35 44 49
36 43 51
35 44 50
36 42 50
34 42 49
34 43 50
34 44 50
34 44 50
35 44 50
34 43 49
35 43 50
35 43 50
35 42 50
35 44 51
35 48 52
40 52 55
41 45 50
