34 40 51
33 41 52
34 40 52
34 39 52
33 40 52
33 39 52
34 39 51
33 40 51
33 40 52
33 41 51
34 39 52
33 39 51
34 41 51
34 39 51
34 40 51
33 39 52
33 39 52
34 40 51
34 41 52
34 40 51
34 40 51
34 39 52
33 39 52
34 40 52
33 43 55
34 40 52
37 41 50
38 42 53
41 38 50
39 38 50
39 38 49
39 39 48
38 40 49
37 40 52
35 38 53
35 38 51
34 39 51
37 41 53
36 41 53
34 38 54
36 38 53
35 38 51
37 37 51
37 34 50
37 34 50
35 32 51
34 31 52
34 29 52
34 30 52
34 29 52
32 28 52
30 27 53
31 27 53
31 24 52
31 26 51
31 23 50
30 25 51
29 24 51
31 24 51
30 23 51
29 23 50
30 23 50
29 23 50
30 24 51
30 22 51
30 23 50
30 22 50
32 23 50
29 22 51
30 22 50
30 22 51
30 22 50
30 22 50
29 22 50
30 22 49
30 20 50
30 20 50
31 24 50
30 23 50
30 22 49
29 23 50
29 22 51
30 22 50
30 23 50
30 24 51
29 23 51
31 23 50
31 23 51
31 23 50
31 24 51
31 26 51
30 25 51
31 25 51
30 24 51
31 25 51
30 25 51
31 25 51
30 25 51
31 25 51
30 24 51
31 24 51
31 25 51
32 24 51
30 25 51
33 25 51
32 26 51
30 27 51
32 28 52
32 27 53
34 29 52
35 30 52
37 33 51
39 33 51
39 37 52
41 37 51
39 39 52
40 38 50
38 39 52
39 41 52
39 40 51
40 41 51
39 41 52
40 41 51
39 42 50
38 41 49
39 43 51
38 42 51
37 40 49
37 40 48
38 43 52
38 40 50
38 42 50
38 45 48
36 46 49
35 46 51
36 44 48
36 43 48
33 49 53
34 45 50
34 46 50
35 45 49
34 44 49
35 45 49
34 45 48
34 44 50
34 44 49
33 44 50
33 43 49
33 43 50
34 43 50
33 43 51
35 44 50
34 44 50
33 43 50
33 44 50
34 45 51
33 43 49
34 43 49
33 42 51
30 44 50
33 42 50
31 40 51
34 42 52
33 40 50
33 38 52
34 41 50
33 40 51
33 43 52
