32 39 52
2 32 33
2 32 33
2 32 33
2 32 42
32 39 51
31 37 52
32 39 52
31 39 52
32 39 51
32 39 52
31 39 53
32 40 53
32 38 52
31 39 52
33 39 52
31 39 52
32 40 52
36 41 54
35 42 59
38 39 59
36 37 53
35 39 48
34 37 49
34 36 47
33 36 47
35 40 50
35 39 52
34 40 53
36 41 53
36 39 52
35 45 50
36 44 49
37 39 51
34 43 51
36 41 52
37 40 51
37 39 51
37 38 53
35 38 53
38 36 55
37 36 52
37 33 48
33 32 51
34 26 50
31 25 53
30 26 51
29 24 51
29 25 51
27 26 52
26 25 51
24 25 51
23 25 51
23 25 50
23 24 50
24 24 48
24 25 49
25 26 48
24 25 49
24 24 49
24 24 49
23 24 50
24 22 48
22 24 48
23 24 49
23 23 49
24 23 50
24 25 48
24 24 49
22 25 49
23 23 48
24 23 48
23 24 48
24 23 46
23 23 47
23 24 47
21 23 47
23 23 49
22 23 47
22 22 47
22 23 47
22 22 47
23 23 47
22 22 48
22 22 47
22 23 47
23 24 48
22 23 48
24 23 48
23 21 47
23 22 47
21 23 46
23 24 47
22 23 47
23 22 48
22 22 48
23 24 49
23 25 51
23 25 50
25 24 51
27 25 53
29 25 53
32 27 52
34 32 52
35 29 51
38 31 50
38 33 50
38 34 51
38 36 51
38 38 54
39 37 55
39 39 53
37 39 52
38 40 51
37 41 51
37 39 51
37 41 51
37 41 51
37 39 50
38 39 52
38 42 49
39 39 51
37 40 52
36 38 52
34 40 51
34 40 51
33 41 54
34 39 52
32 39 51
32 38 51
32 36 50
34 29 54
32 29 55
30 30 54
30 32 56
32 34 54
34 33 55
33 35 53
32 34 54
31 36 51
29 37 50
29 34 50
28 34 51
27 31 52
27 30 51
27 32 53
26 32 55
27 31 55
29 30 55
30 33 52
30 32 55
32 33 53
31 36 53
31 34 53
29 34 53
31 37 52
31 39 52
31 40 52
31 37 53
33 37 53
31 38 52
30 36 53
30 37 53
31 37 52
31 38 53
32 39 53
31 38 53
32 38 53
32 39 52
30 38 52
30 38 52
32 39 52
30 40 51
32 38 51
31 38 52
32 38 52
31 38 52
33 37 52
32 39 52
32 38 53
31 38 53
32 39 51
32 38 52
30 39 52
31 38 52
32 37 52
32 39 52
31 39 52
31 38 52
31 39 51
31 39 52
31 38 51
32 39 52
31 38 52
31 38 52
31 39 52
33 39 51
32 38 52
32 39 53
31 40 52
31 38 52
31 39 52
32 39 53
31 39 53
32 39 51
31 39 51
31 39 51
31 38 52
30 39 52
32 38 53
31 39 52
31 39 51
32 39 52
30 40 52
32 39 52
30 38 52
31 39 52
31 39 51
31 39 52
33 39 51
31 39 52
32 40 51
31 40 52
31 40 52
32 40 52
32 39 51
32 40 52
32 40 52
31 40 51
31 39 52
30 40 53
32 40 52
31 39 52
31 40 52
29 38 52
32 39 51
