20 45 44
20 45 33
21 45 43
20 45 44
21 46 46
22 45 45
21 47 44
20 45 44
21 45 45
21 45 45
20 45 46
22 45 44
21 45 45
22 46 45
21 45 44
24 44 44
20 45 45
23 46 45
22 46 45
21 47 44
22 46 45
21 47 45
22 46 45
23 45 46
22 45 45
22 45 45
21 44 45
21 45 45
21 46 45
22 46 46
22 44 46
21 45 47
23 46 50
23 45 48
22 47 47
24 43 50
24 46 52
25 52 47
28 49 43
30 50 40
33 48 39
35 53 40
34 51 41
32 52 42
34 46 42
36 47 45
38 47 43
36 46 45
35 49 46
35 48 43
31 47 44
32 47 45
35 46 44
33 52 45
34 50 46
30 50 47
32 50 45
32 48 46
33 50 43
33 51 44
32 52 44
33 51 43
33 50 44
33 51 43
32 52 44
33 50 44
33 50 46
33 50 44
34 49 44
37 49 45
36 49 45
39 49 44
37 48 45
38 47 45
37 46 47
36 46 49
35 45 49
34 46 50
35 44 51
34 44 51
32 43 49
32 41 51
32 41 50
30 40 52
32 38 51
31 39 52
31 37 52
31 38 52
30 36 52
29 36 52
27 34 52
28 33 52
25 35 52
26 34 52
27 32 52
25 33 52
26 32 51
26 33 50
25 32 53
26 33 52
26 31 52
25 31 51
26 31 52
25 30 51
24 33 52
25 30 51
24 30 51
26 30 51
25 30 49
24 29 51
24 30 51
24 29 51
25 31 50
25 32 50
25 31 50
27 33 51
27 35 51
29 36 50
30 37 51
31 41 52
33 41 51
33 45 51
34 43 50
37 47 51
37 48 49
39 48 50
40 49 49
39 48 49
38 49 45
38 46 45
37 47 44
37 47 43
37 50 43
36 49 44
37 48 44
37 48 43
37 50 43
36 50 42
36 50 42
34 51 43
36 50 43
36 51 43
35 50 42
39 53 43
38 51 43
36 47 44
35 52 43
38 39 44
36 51 44
37 50 43
36 49 46
33 49 44
33 48 47
35 45 48
35 49 48
36 48 47
38 45 48
36 47 46
31 47 47
31 48 46
31 45 45
35 47 45
38 46 45
43 42 45
41 41 46
38 44 48
31 42 46
29 40 45
27 38 48
25 43 50
23 44 51
20 47 52
18 52 63
19 35 48
22 46 45
22 46 43
23 48 45
23 45 46
24 43 46
23 45 46
22 45 46
22 44 45
23 44 46
21 45 45
22 44 46
22 45 46
22 45 46
22 44 45
23 44 45
22 45 45
20 44 46
22 44 47
22 45 45
21 44 45
22 44 45
21 45 46
22 44 44
22 45 45
22 44 46
23 44 45
22 45 46
23 45 45
22 44 46
21 46 45
21 43 45
20 45 45
22 45 46
21 44 46
22 43 45
21 44 46
23 44 45
