28 41 50
30 42 50
30 41 52
29 40 50
29 41 51
30 41 51
29 41 51
29 42 50
29 41 50
31 42 50
28 42 50
30 42 50
30 43 51
30 42 49
30 41 50
30 41 50
30 41 50
29 42 51
30 42 52
30 41 51
30 42 51
30 40 51
30 42 51
28 42 51
29 41 50
30 42 51
30 41 51
29 42 51
29 42 51
30 41 52
30 41 51
31 41 51
29 41 50
31 45 51
32 45 52
33 43 52
30 39 53
31 39 56
35 39 55
34 38 53
35 36 52
37 37 50
35 40 49
34 40 50
32 40 48
30 41 47
27 41 47
29 43 51
28 47 48
30 47 47
30 47 48
32 48 47
32 49 45
33 50 45
33 51 47
32 50 45
30 49 44
32 47 45
33 46 44
33 48 47
33 50 47
33 50 45
34 51 45
34 50 44
36 49 47
35 49 47
35 48 46
35 47 45
36 50 46
36 47 47
34 47 48
33 45 48
33 44 49
36 42 50
30 38 49
31 40 49
28 38 51
30 36 51
27 35 51
28 33 51
24 34 51
24 34 51
23 31 52
25 33 51
24 30 51
26 31 52
24 30 51
23 28 49
23 26 50
23 26 50
24 25 50
24 25 50
24 25 50
23 26 50
22 27 49
22 25 49
23 24 48
24 26 49
23 24 47
23 24 47
24 24 48
24 25 50
23 25 49
22 25 49
22 24 47
23 23 48
24 23 48
23 25 49
23 24 48
23 25 49
23 24 49
23 25 49
23 24 49
24 24 49
24 24 48
22 24 47
23 23 48
24 24 49
22 23 49
23 24 47
22 23 47
24 22 47
23 24 49
23 24 47
22 24 48
23 24 49
23 23 48
22 23 47
23 22 48
22 23 48
22 24 48
23 23 48
24 24 49
24 24 48
22 23 48
23 24 48
21 23 48
23 23 47
23 22 48
22 24 48
22 22 48
22 23 49
23 24 47
23 22 48
23 23 48
22 23 47
22 23 47
24 23 48
22 23 47
22 23 47
22 22 47
22 22 48
23 23 47
23 23 49
23 24 48
22 24 47
22 25 47
24 28 49
24 30 52
24 33 52
24 34 54
27 32 52
29 34 51
29 36 52
34 40 50
33 40 50
34 41 51
35 41 51
32 42 50
34 44 50
34 47 48
34 45 49
32 48 49
32 50 46
34 47 45
34 49 44
36 45 48
35 52 44
34 50 43
34 49 45
35 48 43
36 50 43
36 50 46
39 50 44
34 50 44
35 50 45
33 49 46
31 50 45
29 49 45
28 46 46
30 45 46
30 46 47
31 42 49
34 38 50
34 37 51
37 36 51
35 35 52
33 36 53
32 37 53
32 37 53
33 39 53
33 37 54
33 43 52
34 36 52
35 36 51
35 34 56
29 35 52
31 39 52
29 44 53
29 37 52
30 36 52
31 40 52
30 39 52
29 38 51
31 39 53
30 39 51
29 40 52
30 38 51
30 37 52
30 39 52
30 39 51
30 39 52
30 39 51
30 38 52
29 39 53
31 39 52
29 39 52
30 40 52
30 39 52
30 38 53
30 39 50
31 39 52
30 38 51
31 39 52
31 39 52
31 40 52
31 38 52
30 40 52
30 39 53
29 38 52
