32 40 51
30 40 52
30 40 51
31 40 52
30 40 51
29 40 51
32 41 52
30 40 52
30 39 51
30 40 51
31 40 53
31 40 51
29 40 51
30 38 52
31 40 50
30 41 52
31 41 51
31 40 52
29 40 51
32 41 52
29 40 51
30 41 51
31 42 52
29 40 53
31 39 51
30 39 49
29 40 51
29 40 52
30 39 51
30 39 50
31 40 53
30 41 52
31 42 50
32 41 52
31 40 52
31 41 51
31 41 51
31 42 50
32 42 51
32 41 51
31 43 52
32 42 51
30 41 51
32 40 51
29 45 52
32 44 50
32 44 54
36 48 55
36 47 51
41 43 50
39 44 48
38 43 47
40 45 46
38 42 47
38 42 44
40 47 48
38 41 47
40 45 46
42 43 47
41 48 47
41 47 50
41 46 50
42 44 48
42 42 49
41 41 49
40 40 49
40 41 50
42 40 51
39 40 50
41 39 51
40 37 51
40 37 51
39 37 52
39 36 52
38 35 51
37 34 53
37 35 52
37 35 53
37 34 53
36 34 54
36 33 52
36 34 53
34 32 52
35 33 54
36 31 53
35 32 53
34 31 53
35 31 53
33 31 52
34 29 53
34 31 53
34 30 53
33 29 52
34 30 53
33 31 54
34 30 52
33 29 53
33 30 52
33 29 52
33 29 52
33 29 52
33 30 53
33 30 53
33 29 54
33 29 53
33 30 54
32 30 53
33 29 52
34 30 51
33 30 52
34 31 53
34 32 53
35 33 53
34 33 52
35 34 52
33 35 53
36 35 52
37 36 51
40 38 49
39 37 49
40 40 50
41 41 51
42 42 51
42 41 51
42 44 50
41 46 49
41 45 48
40 46 47
40 46 48
40 45 47
42 46 46
41 46 48
40 45 48
40 45 47
41 45 48
43 47 44
42 41 52
41 48 46
40 45 47
39 43 45
36 43 47
37 39 49
39 41 50
39 46 52
39 43 51
37 41 49
33 43 53
31 41 52
31 43 50
28 38 55
31 40 52
31 40 52
30 41 51
31 39 50
30 41 52
31 41 52
30 40 51
31 41 52
30 41 50
31 42 52
30 41 52
30 41 52
30 41 51
30 41 53
29 41 51
28 40 50
29 40 51
30 40 52
29 40 51
30 40 51
29 41 49
29 42 52
29 40 52
31 42 51
29 42 52
29 40 52
30 40 51
29 40 52
30 41 52
29 41 51
30 41 51
30 42 52
29 39 52
31 41 50
31 42 51
31 41 52
28 40 51
30 40 50
31 41 52
28 41 51
29 41 52
30 41 51
30 41 53
29 40 52
29 40 51
29 40 51
30 40 51
29 40 52
30 39 51
30 40 50
30 40 52
29 40 53
29 40 51
30 41 50
30 41 52
29 40 51
29 40 52
30 41 51
29 40 52
28 39 52
28 39 51
31 40 51
29 39 52
29 40 52
