30 38 52
31 38 51
29 36 52
30 37 52
30 38 52
30 39 52
30 37 52
31 37 53
30 37 54
32 37 54
32 36 55
33 38 52
33 37 52
35 38 51
33 40 53
32 41 51
31 42 52
32 40 52
34 39 53
35 41 51
33 43 49
32 44 48
28 46 45
28 49 45
28 48 43
29 48 43
31 52 46
30 50 47
32 54 43
30 48 43
31 50 43
33 52 45
32 52 43
34 53 42
36 51 42
35 54 41
35 48 44
34 51 44
35 49 44
34 49 45
36 47 45
34 48 46
33 44 49
32 44 49
30 40 49
28 38 48
29 36 52
29 37 53
28 37 54
28 37 52
26 34 52
26 34 51
25 33 52
24 32 51
24 32 52
25 31 52
24 30 52
25 31 51
24 29 50
23 29 51
24 28 51
23 28 50
23 29 50
24 28 49
22 29 51
22 30 51
24 28 50
22 28 50
21 29 50
22 28 50
23 27 49
23 25 50
23 25 49
23 24 48
21 26 50
22 25 50
22 24 49
22 25 50
22 25 50
21 24 48
23 24 48
23 24 48
23 23 48
22 24 47
23 24 48
22 23 48
22 23 49
21 24 48
23 23 48
21 23 48
22 23 46
22 24 48
23 24 47
22 24 47
22 23 47
22 23 47
22 24 48
22 23 49
24 22 48
22 24 47
22 21 46
22 23 46
23 24 49
24 25 48
23 28 49
23 27 50
24 29 51
25 29 52
25 31 53
28 34 55
30 36 54
33 38 52
34 38 51
34 41 49
35 41 48
36 44 48
35 44 49
33 47 49
35 46 50
34 47 47
35 47 45
37 53 53
34 48 43
36 49 46
37 51 46
38 49 43
37 50 47
34 49 44
35 49 42
37 49 45
36 50 45
33 51 47
33 47 46
33 48 46
30 48 48
29 45 44
32 44 46
34 41 44
38 40 45
37 41 47
32 41 54
29 40 53
28 41 54
28 40 54
27 39 52
26 34 59
27 34 49
26 38 48
28 49 56
27 38 52
28 36 51
28 38 51
28 37 51
27 40 52
28 38 50
28 38 52
27 38 53
27 38 51
27 38 53
28 38 51
28 38 51
28 38 52
26 39 52
27 37 50
28 38 52
27 38 52
28 39 52
29 38 52
28 38 52
28 37 52
28 37 53
28 37 51
28 38 51
26 37 52
28 38 52
28 38 50
28 38 51
29 37 52
28 39 52
27 39 52
27 39 51
27 38 51
27 39 51
26 38 53
