28 36 52
29 37 53
30 36 52
29 36 52
29 37 52
30 36 51
30 38 53
30 37 53
30 37 53
29 37 52
30 36 52
30 36 52
30 37 53
29 38 51
32 36 53
30 35 54
30 37 52
32 34 55
33 35 54
32 38 53
33 38 54
33 38 53
34 39 50
35 38 51
34 36 53
36 37 53
35 38 51
34 40 49
33 43 47
33 43 46
30 44 47
30 48 43
31 47 46
32 51 47
33 49 46
33 54 44
35 49 43
33 49 43
33 51 42
33 51 44
34 51 45
35 50 42
34 50 43
35 52 44
36 51 43
36 51 46
35 49 46
36 48 48
35 47 48
35 44 49
34 46 49
34 43 49
31 41 49
30 40 51
29 38 50
27 38 51
27 38 51
27 36 52
27 35 52
26 34 52
27 33 51
26 32 52
25 32 51
23 31 50
25 31 51
23 31 50
24 29 51
22 28 51
24 29 51
23 31 51
23 29 51
22 31 51
23 28 50
23 29 51
23 29 50
23 28 50
22 27 50
22 28 49
22 28 49
24 29 50
23 27 50
23 27 51
22 28 50
22 27 49
24 28 49
23 28 49
24 27 50
23 27 49
23 27 50
24 28 50
23 28 49
24 25 50
23 27 50
24 26 49
23 27 51
23 27 49
22 25 49
23 25 50
23 25 50
24 25 50
24 25 49
23 25 50
23 26 49
23 26 49
23 25 49
22 25 50
23 26 48
24 25 49
23 25 49
23 25 50
22 26 50
22 24 50
24 26 49
24 24 49
24 24 49
23 26 50
23 26 48
23 25 49
23 24 49
23 25 49
23 25 48
24 25 49
22 25 49
23 25 49
23 26 49
25 26 48
24 27 49
24 26 51
25 28 50
23 29 51
24 29 52
24 30 51
24 29 52
24 32 50
26 33 51
26 33 52
25 35 52
27 36 52
28 38 52
29 39 51
32 39 51
32 41 49
34 43 48
35 44 48
35 46 49
32 46 49
32 47 48
33 46 46
32 49 44
35 52 51
34 53 50
33 51 42
35 51 44
35 49 43
35 50 42
36 51 44
37 52 43
35 49 43
34 53 45
33 51 45
31 48 46
29 47 47
28 47 49
28 47 47
27 44 45
29 41 48
30 38 46
32 36 51
33 31 53
32 28 49
31 23 53
31 29 54
29 33 55
29 32 55
31 33 53
30 35 55
31 31 56
31 33 52
30 32 56
30 35 51
30 35 54
31 34 53
30 37 53
30 36 53
31 34 53
29 35 52
31 36 53
30 36 53
30 35 52
30 35 52
30 34 52
29 34 52
29 34 52
30 34 53
30 35 52
31 35 52
30 35 53
29 36 53
29 35 52
30 35 53
30 34 53
29 36 52
31 34 53
30 35 52
30 35 52
30 36 52
29 35 52
30 35 52
