37 39 51
0 36 39
37 38 52
38 38 52
35 38 52
36 37 52
37 38 52
36 38 52
35 38 52
36 38 52
35 37 53
35 37 52
35 38 52
35 38 53
36 36 54
37 38 55
37 40 58
35 47 57
38 47 53
39 44 49
39 41 47
37 41 49
36 39 47
34 38 47
32 39 48
32 41 49
32 41 49
33 45 48
33 44 47
33 44 50
33 44 53
34 47 48
33 50 44
34 48 46
34 47 45
31 46 46
33 50 45
34 49 46
36 50 48
36 50 44
36 47 44
36 48 45
36 49 47
34 47 49
34 48 48
36 49 45
36 48 50
35 47 47
37 48 46
37 46 46
38 42 47
37 44 45
39 44 47
39 45 46
38 42 48
40 43 48
40 44 48
40 42 51
37 43 47
36 42 49
34 43 51
35 41 52
36 43 51
35 41 51
35 41 52
35 41 53
33 42 51
32 41 51
32 39 50
31 40 50
32 40 52
32 41 50
30 40 52
31 40 52
30 40 53
30 41 51
30 37 53
28 39 51
29 37 53
28 37 52
27 36 52
28 38 52
29 36 51
27 37 52
29 38 53
27 37 52
28 38 52
27 39 52
28 36 52
28 35 53
27 35 52
26 36 53
27 37 52
28 37 51
27 36 52
29 37 52
27 37 51
29 37 52
26 37 51
26 36 51
27 35 52
26 35 52
26 35 51
26 35 52
26 36 52
27 35 52
27 36 52
26 35 51
27 35 53
26 35 52
27 34 52
25 34 52
27 36 52
27 33 51
26 35 51
26 35 53
28 35 52
25 34 52
26 34 53
26 35 52
28 35 52
28 34 52
27 35 53
28 34 53
28 33 51
28 35 53
26 34 53
28 34 53
27 35 52
26 35 52
26 34 52
27 33 52
27 34 52
27 34 51
27 34 51
28 34 53
27 34 52
27 33 53
28 34 52
28 33 51
27 32 51
27 33 53
28 35 53
27 32 53
28 34 52
29 35 53
28 34 52
29 34 52
27 34 53
27 32 52
29 33 52
28 33 52
28 34 52
28 34 53
28 34 53
29 35 52
30 37 53
30 36 52
29 36 51
29 35 53
31 37 53
32 38 51
34 40 52
36 42 51
36 43 48
35 43 50
36 44 50
37 43 49
38 43 46
40 46 49
39 47 49
37 48 48
38 46 47
37 46 47
37 47 48
38 49 49
35 44 49
36 46 47
36 43 45
36 46 49
37 47 46
39 46 48
36 47 46
36 47 47
36 45 46
37 49 48
36 48 46
41 52 49
34 43 45
36 47 49
35 45 47
34 45 50
31 53 46
37 44 51
42 40 50
46 34 48
46 31 45
43 31 44
39 33 51
38 32 48
39 39 50
35 40 52
33 38 56
32 39 58
29 41 55
32 42 56
31 37 51
29 40 56
31 37 53
31 38 52
34 38 53
34 38 52
33 36 52
34 38 52
34 37 53
34 39 52
33 37 52
34 37 52
33 37 53
34 37 53
34 38 52
34 38 52
33 38 52
34 37 52
34 40 52
33 38 52
33 38 53
34 38 53
34 38 52
34 38 53
33 38 53
33 38 52
32 38 52
33 38 54
34 37 52
34 38 53
34 39 52
32 38 51
