29 45 49
29 45 49
30 45 49
29 45 48
30 44 49
30 46 48
29 44 48
30 45 49
30 45 48
30 44 50
29 43 51
30 44 50
31 45 52
32 43 54
32 39 53
33 42 50
33 44 47
39 43 45
40 45 44
41 46 43
36 48 45
35 47 46
33 47 45
34 49 47
34 49 45
36 50 45
37 51 46
34 51 49
33 52 44
33 51 44
33 49 42
33 52 43
32 52 44
33 52 45
35 51 47
35 49 46
37 47 46
37 46 46
39 45 47
37 42 47
37 43 47
34 44 47
34 45 47
32 42 51
28 42 50
28 40 50
27 39 49
25 40 50
25 39 52
24 37 49
25 35 48
24 35 50
21 35 51
22 34 50
23 34 51
22 33 50
22 32 49
21 33 50
21 31 49
21 31 49
21 32 51
24 31 50
20 31 50
21 29 50
21 31 49
19 31 48
20 31 49
20 30 49
20 31 49
20 31 50
20 31 49
22 31 49
20 30 48
20 30 49
20 31 49
21 30 50
22 30 50
20 30 49
21 30 48
19 28 48
20 29 48
20 30 49
19 30 48
21 29 49
20 30 47
19 30 48
20 29 48
20 29 48
19 29 48
21 30 48
20 30 48
19 30 49
20 30 48
21 29 49
20 29 49
20 30 48
19 30 48
20 30 49
19 30 48
20 31 48
20 31 47
21 31 48
22 32 51
21 36 51
22 34 50
25 35 51
25 36 52
26 39 53
27 39 51
29 41 51
29 41 51
31 40 51
32 42 50
32 42 50
32 44 49
32 42 48
34 42 49
37 40 46
34 44 46
37 42 52
36 44 50
36 47 50
35 46 48
35 47 49
32 49 46
33 49 46
32 48 46
32 49 46
33 50 46
31 51 46
32 49 46
32 47 45
31 50 44
32 49 43
33 48 45
32 48 45
34 49 45
33 49 45
32 52 49
32 46 44
32 49 47
32 47 45
31 48 45
31 48 44
30 47 46
30 50 48
31 50 48
34 47 46
35 43 47
36 39 43
35 40 45
23 46 49
27 39 56
28 41 53
28 40 53
31 40 50
30 39 52
32 41 51
30 42 50
31 42 51
30 41 51
31 42 50
32 43 52
31 42 52
30 41 50
31 42 51
31 41 51
31 41 51
31 42 51
31 42 50
32 42 51
31 43 50
31 41 51
32 42 51
32 42 51
32 42 51
