33 46 47
31 47 48
33 47 48
32 47 47
32 47 47
32 47 48
33 46 48
33 47 48
32 47 48
32 47 48
32 48 47
33 46 47
33 47 47
34 47 48
32 46 48
32 45 48
33 46 47
32 47 48
32 47 48
32 47 48
32 46 48
32 48 48
33 47 49
32 47 48
32 47 49
33 52 49
36 49 49
38 48 49
38 47 47
39 47 49
39 44 46
40 43 44
38 43 46
39 45 44
44 46 44
44 42 41
39 47 46
40 45 41
44 48 42
43 47 42
43 49 43
43 47 43
43 47 43
44 49 42
43 48 44
42 48 43
42 46 43
43 49 43
44 48 44
46 46 45
43 45 45
45 45 44
45 45 45
45 44 43
46 45 45
43 47 44
43 44 44
44 46 44
42 45 44
42 45 47
43 45 46
42 44 47
39 46 46
40 45 49
40 44 47
40 45 47
40 44 47
41 44 50
39 44 48
39 44 48
39 44 50
40 42 49
37 43 49
38 43 50
37 43 49
37 42 49
38 44 50
37 41 51
37 42 50
36 41 49
36 42 51
36 42 52
36 42 51
35 42 51
35 40 51
36 42 52
34 41 52
34 40 51
35 41 52
33 40 51
33 41 52
34 39 52
34 40 52
33 40 52
34 40 52
35 40 51
32 38 52
33 39 51
32 41 51
32 40 51
32 41 50
34 42 50
35 44 50
37 43 51
36 43 51
37 42 49
36 43 49
37 43 50
36 44 48
38 44 47
40 44 45
43 44 45
43 43 46
43 45 46
43 45 44
44 45 46
44 46 44
44 47 44
43 47 44
43 45 46
44 47 44
44 48 43
42 46 44
43 47 42
42 47 45
43 47 43
43 47 43
37 44 46
44 48 44
43 46 42
44 48 45
41 45 44
43 48 42
43 49 44
42 48 43
42 47 44
42 47 44
40 45 45
40 48 45
39 45 44
39 43 48
40 47 48
40 45 47
39 40 47
37 46 49
32 39 52
32 44 52
34 44 52
33 41 53
33 41 50
32 42 51
31 41 52
33 40 52
31 40 51
33 42 50
33 41 51
32 42 52
31 42 51
32 41 52
32 42 51
32 41 51
32 41 52
32 42 53
32 41 51
31 42 51
32 42 50
32 42 51
31 42 52
32 43 50
30 39 52
29 42 49
28 42 51
27 42 51
31 41 50
31 42 51
27 41 50
28 41 51
29 41 51
29 43 51
30 40 49
30 42 49
29 43 50
29 42 50
28 42 50
30 40 48
30 44 51
31 44 50
31 41 51
32 45 51
32 42 50
32 42 51
31 42 50
32 42 50
32 42 52
32 41 50
33 42 51
31 43 52
33 42 51
32 42 51
32 42 51
31 42 50
32 42 51
32 42 51
