34 41 51
33 41 51
33 40 52
33 43 50
32 43 51
32 44 52
35 44 50
37 47 50
38 46 49
39 46 47
40 46 48
41 46 46
42 45 47
41 43 44
41 44 45
39 46 44
39 42 48
40 50 46
43 44 47
42 48 43
42 49 43
41 47 44
43 48 45
42 50 47
41 49 46
41 45 47
40 45 45
41 47 47
42 47 46
42 46 45
41 43 46
40 43 47
44 42 47
40 43 47
40 42 48
40 42 49
39 42 49
40 41 49
37 42 50
37 41 50
39 41 50
37 43 51
37 40 50
36 40 51
36 40 51
35 41 52
36 41 51
37 41 51
35 40 51
35 40 54
35 40 52
37 38 51
34 38 52
35 40 51
37 39 52
36 39 51
35 40 52
35 39 51
35 39 51
34 39 52
34 39 53
34 39 52
33 39 52
33 38 52
34 38 53
35 39 52
33 39 52
32 37 52
32 39 53
30 39 53
33 39 53
34 39 53
34 39 51
33 39 52
34 41 52
32 39 52
35 40 52
34 40 51
35 41 51
37 40 50
37 41 50
37 42 50
40 44 48
42 43 47
42 43 46
43 43 48
40 44 46
41 44 46
42 46 46
43 47 46
41 47 46
41 46 45
43 48 46
41 47 45
43 49 44
42 48 46
42 47 44
41 49 44
42 48 44
41 48 44
43 48 43
42 47 44
41 49 44
40 45 43
42 49 44
44 49 43
43 46 43
42 48 45
43 47 44
39 46 44
43 48 44
41 47 44
41 48 44
41 46 46
40 47 45
38 46 44
39 43 46
39 45 46
37 47 42
41 45 43
41 45 48
37 44 51
34 41 54
31 47 54
31 42 52
30 44 54
31 43 52
33 42 48
31 43 50
32 43 52
33 43 50
32 42 50
34 43 51
32 42 50
31 42 51
32 42 50
33 42 51
32 43 50
33 40 51
32 42 51
32 40 52
33 41 52
32 41 52
30 39 52
32 41 51
30 38 52
32 37 50
30 37 54
33 39 53
32 38 52
32 36 51
32 39 52
31 39 53
32 37 52
31 36 53
32 36 53
32 34 54
32 36 52
32 36 54
33 37 52
31 35 53
30 28 55
31 32 51
33 37 53
33 34 54
32 35 54
31 34 51
32 35 55
32 35 52
31 37 53
33 37 53
33 37 54
30 34 54
31 35 51
32 36 53
30 35 54
32 34 53
34 36 53
34 36 51
33 36 52
31 37 53
31 38 52
33 39 52
31 38 51
32 40 51
