29 44 50
38 29 44
31 44 50
31 44 50
31 42 51
31 42 51
32 41 51
30 43 51
30 41 52
30 49 55
30 51 50
29 56 46
32 56 45
33 53 43
33 52 42
33 50 40
31 48 39
30 46 39
33 45 41
35 40 45
33 49 47
33 48 50
34 48 46
31 47 46
30 46 46
31 47 48
31 50 47
31 49 47
34 47 48
34 49 46
34 47 45
36 45 47
37 44 49
37 45 50
37 48 50
37 46 50
38 44 50
37 43 51
37 42 49
36 41 50
35 42 49
34 41 51
33 39 52
32 37 52
31 36 53
31 35 54
30 37 53
29 35 53
29 33 53
29 33 53
28 31 52
27 33 53
29 32 51
28 32 53
27 31 52
27 30 52
27 32 52
27 31 51
25 31 52
26 30 53
27 31 52
26 30 51
25 29 51
25 29 51
25 28 51
25 30 51
26 29 51
25 30 51
26 29 51
26 30 52
25 30 52
26 27 51
25 29 51
24 29 50
24 29 50
26 32 50
27 31 51
28 33 52
29 34 51
29 33 52
31 35 52
32 37 53
34 41 52
34 41 52
35 44 51
37 44 49
39 48 49
38 47 47
39 48 46
36 49 47
35 50 45
34 51 45
35 50 46
32 47 46
33 47 45
33 46 45
32 47 44
33 47 46
34 49 43
34 49 45
34 51 41
34 49 43
31 55 46
30 49 47
29 47 45
28 45 49
32 47 48
28 50 46
28 47 46
32 45 43
33 43 41
34 42 43
38 41 44
33 41 49
30 41 57
28 42 54
25 44 53
30 39 48
31 33 55
23 44 47
25 42 49
26 44 47
26 45 47
26 45 46
30 45 48
29 50 47
32 52 48
31 47 49
30 45 49
30 46 47
28 45 48
29 44 49
29 45 49
29 45 49
28 44 49
28 45 49
29 45 48
28 44 49
29 45 49
29 45 47
29 45 47
28 45 49
30 46 48
29 46 48
31 46 48
29 46 48
30 45 47
29 46 48
29 46 47
29 45 47
29 46 47
30 45 48
30 46 49
31 46 48
30 45 48
30 46 48
30 46 48
29 47 47
29 46 48
29 46 48
30 46 47
29 47 48
30 46 48
30 48 48
30 47 47
30 46 47
30 47 48
29 47 47
29 47 48
30 47 48
30 48 48
29 46 48
29 44 48
28 45 47
