27 45 49
27 46 50
28 44 49
28 43 49
28 44 48
27 43 49
27 44 49
28 43 49
27 45 49
28 44 49
28 42 49
27 46 49
28 45 46
27 48 46
27 49 45
27 50 46
28 50 44
30 49 46
32 49 45
35 51 43
36 51 42
35 51 42
34 49 43
32 49 41
31 49 44
32 49 45
32 50 44
31 49 44
32 50 44
35 50 42
33 49 42
34 52 43
35 52 42
37 50 43
35 51 40
35 54 40
34 53 42
36 51 42
35 51 41
35 52 41
34 53 41
33 51 42
33 53 43
33 51 42
34 51 43
35 50 42
35 52 44
35 49 44
36 49 46
35 47 45
33 46 45
32 45 46
30 44 48
30 45 49
28 45 48
27 44 49
28 45 49
28 44 50
27 44 49
27 43 49
26 40 51
25 40 50
26 40 52
25 38 51
26 37 51
25 38 51
23 37 51
24 36 51
23 34 51
23 35 52
22 35 51
24 33 50
24 33 51
23 35 50
23 31 50
24 32 50
23 34 50
23 32 50
23 31 50
23 31 50
23 31 51
22 32 51
24 31 51
23 31 50
23 30 50
22 30 51
23 30 51
23 31 49
22 31 51
23 30 50
22 30 50
23 29 50
23 29 50
22 28 50
22 29 50
22 28 52
22 28 50
22 28 50
22 29 50
23 29 50
23 29 50
22 28 49
22 27 48
23 29 48
22 29 48
23 29 49
24 30 50
25 32 52
26 33 53
26 35 53
25 35 48
26 35 51
27 37 52
28 39 52
30 43 53
32 42 51
31 45 49
35 41 51
35 43 50
37 42 49
35 45 47
35 46 47
35 49 46
36 46 47
33 48 46
33 49 45
32 48 46
32 50 46
31 50 45
31 51 44
31 50 45
32 50 43
33 50 44
31 53 45
32 51 44
33 50 42
32 52 42
33 50 42
32 49 44
36 57 50
35 61 49
32 50 46
29 48 43
32 50 46
30 48 45
31 49 45
29 48 45
28 47 46
27 48 49
29 47 50
31 47 49
34 44 49
36 45 48
36 45 47
36 43 49
38 40 50
37 39 52
36 38 47
35 39 51
32 38 49
29 38 51
29 40 52
29 43 54
29 45 56
30 43 49
32 45 48
30 43 52
31 43 48
32 44 51
31 45 50
31 44 50
31 42 50
32 42 49
31 43 50
32 45 50
31 44 48
32 45 51
31 40 51
32 41 52
32 46 49
29 45 49
31 45 49
31 45 48
32 43 49
31 45 49
31 46 49
31 45 48
30 45 50
31 45 49
32 46 48
31 45 49
32 44 49
31 44 49
30 42 49
31 44 49
32 46 49
32 45 48
32 45 49
