29 44 48
28 44 49
28 45 49
28 45 48
28 44 49
28 44 49
28 44 49
28 43 48
28 44 47
29 45 48
28 44 48
27 46 48
28 45 48
28 44 48
28 44 49
29 45 48
27 45 48
27 45 48
28 45 47
28 45 49
27 44 49
27 45 49
28 44 49
27 43 48
27 44 48
29 44 49
27 45 48
27 45 47
25 42 47
24 52 41
26 51 41
29 49 41
28 53 39
26 53 42
26 53 45
33 43 46
30 51 45
31 49 44
34 47 44
32 44 47
31 44 47
30 40 48
31 39 48
30 43 50
29 43 49
30 42 50
30 44 51
31 47 48
32 48 48
31 44 45
32 51 45
31 51 44
32 48 46
33 50 47
35 46 45
31 47 45
33 48 44
33 50 45
31 50 44
33 51 46
32 51 46
34 51 48
32 51 46
33 50 46
34 49 46
36 46 46
35 48 45
34 45 45
34 45 45
35 43 45
34 42 46
35 43 48
35 43 49
36 44 48
34 43 51
33 43 51
33 42 53
32 41 51
32 42 52
31 40 54
29 41 52
28 41 50
27 38 51
28 39 51
28 39 51
26 38 52
27 37 52
27 37 51
27 35 52
27 35 52
27 37 52
27 35 53
27 35 52
27 35 52
25 35 51
27 35 52
27 34 52
26 34 52
27 33 53
25 34 52
26 34 52
27 34 53
25 33 52
25 31 51
27 31 51
26 33 52
25 33 52
27 32 51
24 31 51
26 31 51
25 31 54
26 31 51
25 31 51
25 30 51
25 31 51
25 28 51
25 30 51
27 31 52
26 31 51
24 29 52
25 30 52
23 30 51
25 29 50
25 31 50
25 32 50
26 32 51
27 34 52
27 34 51
27 35 53
27 35 52
28 36 51
31 35 52
30 38 51
31 39 52
32 42 53
35 42 54
36 46 52
38 45 51
38 45 49
37 45 47
38 43 46
40 46 43
38 44 46
37 48 44
36 45 46
35 47 46
33 48 46
35 50 47
34 49 47
34 49 45
34 50 46
34 50 45
32 50 45
33 49 46
33 48 46
33 48 46
34 50 45
33 49 45
34 49 45
34 49 42
31 47 45
32 47 44
31 48 46
33 49 47
35 48 46
31 51 44
32 48 47
33 46 47
30 45 48
30 45 49
31 43 50
32 43 52
32 46 49
33 44 47
33 43 46
33 42 46
31 42 46
29 43 50
25 44 49
25 48 53
23 44 51
23 45 49
21 40 50
22 37 49
22 40 52
24 41 47
22 42 48
23 41 47
22 41 47
22 39 48
20 42 49
21 40 49
21 41 48
21 42 47
21 41 48
21 41 48
21 39 48
22 40 48
21 39 48
21 40 48
22 40 49
21 41 47
21 41 48
22 40 48
20 40 48
22 40 48
21 40 47
21 39 47
21 40 49
22 41 48
22 39 48
21 40 49
22 40 48
22 40 47
22 41 47
22 42 48
20 39 47
22 41 47
20 39 48
