31 46 48
32 46 48
34 46 48
32 47 49
32 45 48
31 45 49
33 46 48
31 45 48
33 45 49
32 46 48
32 46 48
32 46 49
33 45 49
32 46 49
33 45 49
32 46 48
31 45 48
32 45 49
31 46 48
31 46 48
32 45 48
32 45 49
33 45 49
33 46 49
31 45 49
32 46 49
33 46 49
33 45 49
32 44 48
32 45 50
32 44 49
31 46 49
31 44 49
32 45 49
31 44 50
32 49 49
33 50 47
37 49 51
39 45 50
38 43 47
39 41 46
38 40 47
39 40 49
38 43 48
40 44 49
39 42 47
39 41 47
39 42 48
40 44 48
41 44 49
41 43 49
41 44 48
40 44 49
39 42 49
39 41 50
39 41 52
40 41 51
38 43 50
37 41 52
37 40 53
37 38 52
35 38 51
33 35 50
31 36 51
31 35 52
30 35 52
28 35 53
28 34 52
27 34 51
27 34 52
26 33 53
25 33 51
23 32 51
23 33 51
22 33 50
22 33 50
23 33 51
21 33 50
22 33 50
22 32 50
21 33 51
21 32 50
22 34 49
22 33 50
22 33 49
21 33 50
21 33 49
21 32 49
21 33 50
21 33 49
21 34 49
19 33 49
20 32 49
20 34 49
21 33 48
21 33 48
20 35 49
21 33 49
20 33 48
20 34 49
20 33 48
20 34 50
20 34 50
22 33 49
21 33 50
20 34 50
23 34 49
23 35 50
26 35 52
26 35 52
28 35 53
29 35 52
31 36 53
31 36 52
31 36 52
34 37 52
35 37 52
38 38 52
39 38 51
39 38 51
40 38 51
42 41 50
40 40 51
41 40 50
41 40 50
40 41 50
42 41 49
42 42 49
41 41 49
40 43 52
40 42 51
41 40 50
39 41 50
39 40 51
41 40 49
42 42 49
42 40 49
41 40 49
42 42 50
41 41 49
42 41 49
40 41 48
42 41 49
39 42 49
38 43 48
35 47 51
33 48 51
32 46 49
35 43 50
31 42 51
31 43 50
31 44 50
33 41 50
32 44 51
32 42 50
31 41 52
31 41 51
32 40 51
33 42 51
32 40 51
30 43 51
33 43 51
32 44 50
32 43 50
33 43 50
32 44 50
32 44 49
32 44 50
32 44 49
32 44 49
32 43 50
32 43 49
32 44 49
32 43 50
32 43 49
33 44 50
33 45 49
32 44 50
33 43 50
31 43 49
32 44 49
32 44 49
32 44 49
31 44 50
33 43 50
32 44 50
32 44 50
32 44 49
33 42 50
33 44 50
32 43 50
33 44 49
33 43 49
33 43 49
33 44 49
33 44 49
32 44 50
32 44 49
33 43 50
32 44 49
