29 41 49
29 39 51
29 40 51
29 40 51
29 40 50
29 39 51
29 41 51
29 41 51
29 40 51
30 40 52
29 41 51
28 40 51
28 39 51
27 40 51
29 40 51
29 41 51
28 40 52
28 39 50
28 40 51
30 39 51
28 40 51
29 40 51
28 41 53
28 40 54
28 43 51
31 47 53
34 46 50
36 46 50
38 46 44
37 44 44
35 42 44
35 42 45
33 45 48
33 46 47
33 47 48
34 49 45
34 48 45
35 50 46
34 52 42
34 51 44
33 50 43
33 50 45
33 52 44
36 52 46
37 51 45
37 51 44
38 51 44
37 48 44
37 48 47
36 47 45
35 45 46
35 44 49
34 44 50
32 44 51
33 41 50
30 40 51
31 39 51
29 37 51
29 35 52
28 34 53
27 33 50
27 30 51
28 31 52
26 32 51
28 32 52
27 32 54
26 31 53
25 31 52
25 30 51
26 30 52
26 29 51
26 29 51
24 30 52
25 28 51
24 29 51
25 27 52
25 29 51
25 29 51
24 28 51
24 26 51
24 28 50
24 28 52
25 27 50
24 28 50
24 27 50
24 28 51
25 28 51
25 28 51
26 27 51
25 27 52
24 26 51
24 26 50
24 27 50
24 26 51
24 26 49
25 28 50
26 24 50
23 24 49
25 26 50
25 25 50
24 25 49
24 25 49
25 25 51
24 25 50
25 26 50
26 24 49
24 25 49
26 25 49
26 25 50
25 25 50
24 26 49
24 26 50
25 25 50
25 25 49
25 25 49
24 26 50
25 26 50
24 25 50
24 28 51
26 28 51
25 28 51
26 30 52
25 30 52
27 31 52
28 30 52
31 34 52
29 36 51
30 40 50
31 41 50
32 41 50
32 44 49
32 43 50
34 49 48
31 47 46
34 48 47
35 49 46
35 52 48
34 50 44
35 48 44
36 49 42
35 52 44
37 51 44
36 55 43
36 49 42
35 51 44
36 47 44
34 51 46
31 51 44
32 47 45
31 48 46
31 45 45
32 45 43
33 45 45
35 44 46
35 45 45
34 47 51
31 43 48
31 40 54
31 36 54
30 35 57
30 37 54
29 38 50
30 44 56
29 38 53
29 36 53
30 36 51
30 39 52
29 37 51
28 39 53
29 38 53
30 37 51
29 37 52
28 38 51
29 37 52
28 37 52
29 37 51
28 36 52
29 38 52
28 39 52
29 37 52
27 38 52
29 39 52
29 38 51
30 38 52
30 38 51
27 38 51
28 37 51
28 37 52
29 38 52
