29 50 44
31 51 44
30 50 43
30 49 43
29 50 43
30 50 43
30 50 43
29 50 43
31 50 43
29 50 44
30 50 43
30 50 44
30 51 43
30 53 46
29 51 48
31 51 50
34 49 51
36 47 49
39 48 48
40 47 44
40 43 43
38 43 43
35 47 46
29 43 41
30 49 46
31 45 46
30 46 46
30 47 48
30 46 49
30 48 47
31 46 48
31 47 49
29 48 46
31 46 48
29 39 52
32 50 46
31 48 47
31 47 45
32 48 46
33 47 48
32 48 46
35 46 48
35 47 48
34 48 49
36 47 47
36 48 46
35 48 47
35 47 48
36 45 47
37 45 49
35 46 48
35 43 49
34 41 49
34 41 51
34 41 52
33 38 51
32 38 52
32 38 52
33 37 52
32 36 53
31 35 52
32 32 53
29 30 52
29 29 53
30 30 52
29 29 51
29 29 53
29 28 53
28 29 52
27 28 52
27 29 52
28 27 52
28 27 52
28 26 52
28 27 51
28 26 51
27 25 52
26 26 51
28 26 51
25 25 50
27 25 50
26 24 51
27 26 51
26 26 51
26 26 51
27 26 51
28 26 51
28 26 52
28 26 51
29 27 52
27 28 53
28 29 52
29 31 52
28 31 53
31 32 54
31 32 53
32 34 54
32 36 52
34 37 52
34 40 52
35 41 51
35 41 49
34 41 49
34 43 52
34 43 49
35 44 50
35 45 48
33 47 49
34 46 50
34 47 48
33 47 48
36 46 47
33 48 48
33 46 50
32 45 50
33 47 49
31 45 48
32 45 50
31 45 50
30 45 49
31 43 50
32 41 51
36 42 52
33 41 52
34 43 52
35 40 51
35 39 51
35 40 51
34 40 51
35 40 51
37 37 46
37 37 45
37 37 42
36 45 48
36 48 49
34 54 43
28 61 53
30 49 45
33 49 43
32 51 47
30 47 45
32 48 46
32 46 45
32 54 42
34 51 37
37 54 32
38 58 34
33 52 33
32 54 40
30 55 39
31 53 39
31 52 39
31 51 36
32 52 38
31 53 38
31 54 38
31 54 38
30 52 37
31 52 37
31 53 37
30 53 37
31 54 37
31 53 37
32 53 37
31 53 38
31 53 37
31 52 38
31 52 37
31 53 37
32 52 37
32 53 36
30 53 38
31 54 38
31 52 37
31 53 38
32 54 37
31 52 37
30 53 36
29 52 37
31 53 37
32 52 37
31 53 38
31 52 37
32 53 37
30 52 38
30 53 38
30 53 37
30 52 36
31 54 37
31 53 37
31 53 37
31 52 37
