33 33 32
31 36 53
32 37 52
31 36 54
30 37 53
32 37 52
31 35 52
29 37 52
31 37 53
30 38 53
32 36 52
30 37 52
30 37 53
31 37 52
31 36 52
31 36 53
32 36 52
31 36 53
31 37 53
30 37 53
30 36 54
30 38 52
30 36 53
30 36 53
30 37 53
32 38 53
30 36 54
31 37 53
30 39 52
30 36 54
31 40 55
33 38 52
33 39 51
34 41 52
33 39 53
34 37 53
32 38 52
33 39 51
30 39 52
31 37 53
31 42 50
31 40 52
32 43 52
34 45 53
34 44 51
35 44 52
35 41 52
35 41 51
35 41 52
36 39 50
33 36 52
33 34 52
32 36 52
33 34 52
33 31 53
32 26 52
32 29 54
32 24 51
33 25 51
32 23 50
32 20 49
31 22 50
32 19 49
32 18 47
29 19 48
32 17 46
30 16 46
30 18 45
32 17 47
30 16 46
31 17 45
32 16 46
30 17 46
30 16 48
31 15 46
32 20 48
34 24 49
36 27 50
35 33 51
36 37 52
33 40 50
32 37 52
33 37 52
32 36 54
31 37 54
33 38 54
32 37 54
32 38 54
30 36 54
30 37 54
31 36 53
32 35 54
31 35 54
33 34 53
31 35 53
32 35 51
32 33 51
31 34 52
31 33 55
30 35 54
31 37 54
30 36 53
30 36 53
31 34 51
30 35 53
26 34 55
29 32 51
31 35 53
30 36 54
30 34 53
29 36 53
30 36 52
31 35 52
31 36 52
31 35 52
30 36 53
30 34 53
31 35 53
30 34 54
31 35 53
31 36 53
31 36 52
31 36 53
30 35 52
31 36 53
32 35 53
30 36 53
30 34 53
30 35 52
31 36 53
31 36 53
31 36 53
31 35 52
30 35 52
30 34 53
30 36 53
31 35 52
30 34 53
33 36 52
30 35 53
31 36 53
30 36 54
30 35 53
30 35 53
31 36 53
30 36 54
30 35 53
32 36 52
30 36 52
30 35 53
31 36 52
31 35 53
29 35 53
31 35 52
31 36 53
29 36 53
30 35 53
29 35 53
30 34 53
30 35 52
30 35 53
31 36 53
30 36 53
30 36 52
30 34 53
31 36 53
30 35 52
31 37 52
31 36 54
31 35 53
30 35 52
31 36 52
30 37 53
30 37 53
30 35 53
32 35 52
30 35 53
31 34 53
30 35 53
30 35 52
30 36 52
30 36 53
31 35 52
31 36 53
31 35 52
30 35 53
30 36 53
29 36 54
31 36 52
31 34 53
30 35 52
31 34 54
30 36 53
30 35 52
31 35 52
31 35 52
30 35 53
31 36 52
30 35 53
31 36 53
30 35 53
31 35 52
31 35 53
30 36 53
30 36 53
31 35 53
30 35 56
30 35 53
30 36 52
30 36 52
31 36 53
31 35 53
