30 43 52
32 44 52
33 46 47
35 49 48
35 49 45
34 44 45
31 46 45
31 47 45
31 48 45
33 48 47
32 49 45
34 52 45
34 48 46
33 49 46
33 49 44
32 52 47
31 50 46
31 52 43
32 50 46
34 49 48
36 49 49
36 48 50
37 45 49
35 42 46
36 43 45
35 43 46
34 43 47
33 43 50
33 41 49
32 41 51
28 40 52
28 39 51
27 38 51
27 38 52
26 37 53
26 37 52
25 35 53
25 35 51
25 35 51
26 34 51
26 34 51
24 34 51
24 33 52
24 32 52
23 32 50
25 32 51
24 32 51
23 32 51
23 32 51
23 32 50
22 32 50
24 31 50
24 31 53
23 31 51
23 31 52
23 30 50
24 31 50
23 31 50
22 30 51
23 30 51
22 31 51
24 29 50
23 30 49
22 30 50
23 30 50
23 29 50
22 29 51
23 29 49
22 28 49
22 28 49
22 28 49
23 28 50
22 29 50
22 28 50
22 28 50
22 29 50
22 28 49
23 30 50
22 29 50
22 29 50
23 28 50
22 28 50
21 29 49
22 29 50
23 28 50
22 29 50
23 29 48
22 28 50
21 29 49
22 28 50
23 29 49
22 28 50
22 29 49
23 30 52
23 31 49
25 33 50
25 33 53
23 35 52
25 35 52
26 38 52
27 38 52
30 39 52
31 40 52
33 41 50
35 41 49
33 42 50
33 38 50
33 41 50
35 40 50
36 41 48
35 43 48
37 43 49
34 45 50
33 46 49
35 41 49
37 43 51
36 47 49
35 44 49
34 46 49
33 50 49
34 46 48
35 52 48
35 46 46
34 48 47
33 46 47
35 49 52
33 47 47
34 47 47
31 45 49
34 46 48
32 45 47
33 47 47
35 51 49
31 47 50
27 46 48
27 49 50
32 49 46
36 43 40
36 40 42
32 37 56
31 32 58
26 37 57
27 38 52
25 36 51
29 38 52
29 44 52
29 44 50
30 43 51
30 41 52
31 42 51
29 41 50
30 41 51
30 43 51
30 42 51
31 42 50
29 40 51
29 41 51
30 42 51
29 40 51
28 40 51
30 40 51
29 42 51
30 41 52
30 42 52
29 42 50
29 41 51
29 41 51
31 42 51
30 41 51
30 42 51
29 41 51
29 42 51
29 42 50
29 40 52
