36 51 53
36 51 53
36 46 54
38 45 50
39 45 46
40 43 48
39 45 47
39 45 50
39 45 46
41 46 45
40 45 47
39 45 47
42 45 46
41 44 46
40 44 47
40 44 48
39 44 51
40 42 50
38 42 50
44 41 55
47 42 52
45 42 49
39 45 44
34 46 40
31 47 41
31 47 44
32 40 49
35 47 50
34 49 50
34 49 48
32 45 47
31 44 49
31 50 46
33 50 44
34 49 45
36 49 47
35 49 49
35 45 50
36 45 52
34 45 52
36 45 51
37 45 49
38 42 49
39 41 48
38 40 48
39 39 45
38 37 47
40 39 49
38 37 49
40 39 52
38 39 52
36 37 53
37 36 52
36 38 53
34 37 54
32 33 53
32 33 54
30 30 53
30 30 53
30 29 53
29 29 53
29 29 52
29 28 51
29 30 52
29 26 53
28 29 52
28 28 52
28 27 51
29 28 51
28 27 51
28 26 52
27 27 52
27 27 52
28 26 52
29 26 52
28 27 52
28 27 51
29 27 51
29 27 50
28 27 50
26 27 50
29 25 51
28 25 51
27 26 51
27 25 51
28 26 51
29 26 52
28 26 51
27 26 50
27 24 51
27 25 52
27 26 51
28 27 52
28 26 52
29 28 51
28 28 51
29 32 51
29 32 52
31 35 53
31 36 54
33 36 53
33 38 53
35 39 52
38 39 51
38 40 52
37 38 50
38 40 48
38 42 49
39 43 48
40 44 50
38 44 49
39 44 50
37 44 49
37 46 49
38 46 48
38 45 49
37 46 48
37 45 49
37 45 48
38 45 46
38 47 47
39 43 47
38 48 47
37 47 46
37 46 45
38 47 47
37 48 46
38 49 47
39 48 46
38 47 44
38 47 46
37 47 46
38 49 45
39 47 47
37 45 48
37 46 46
36 44 46
36 47 48
36 44 47
36 46 48
37 45 47
36 47 48
36 45 47
36 46 46
34 48 46
35 44 47
38 47 45
39 46 45
42 47 43
43 47 41
43 47 42
40 43 48
36 44 49
31 42 56
32 43 53
32 42 49
32 47 51
30 41 55
31 43 47
31 43 50
30 45 48
28 50 47
29 46 46
29 47 47
28 45 48
30 46 47
30 45 48
29 49 46
31 48 48
30 47 48
30 46 47
28 48 47
28 46 48
29 46 46
29 45 47
30 47 47
30 47 47
29 47 48
29 45 46
28 47 46
29 46 46
29 49 47
