26 33 52
26 33 51
25 33 52
26 32 52
26 31 51
26 33 52
25 33 52
26 32 52
25 32 51
27 32 52
25 33 52
25 33 51
26 32 51
27 33 52
26 32 53
25 32 51
27 33 52
26 32 50
26 32 52
27 32 53
27 33 52
26 32 52
25 33 53
25 32 51
25 31 52
25 33 53
27 33 52
26 31 53
26 31 51
26 32 52
25 32 52
26 33 52
26 31 52
25 31 52
25 33 52
24 33 52
26 32 52
26 31 53
26 31 52
24 33 52
25 32 52
26 31 52
26 32 51
26 32 52
26 31 51
25 32 52
26 31 53
26 33 51
27 31 53
26 31 52
26 32 52
25 31 52
26 31 52
26 32 52
25 31 52
26 32 52
26 31 51
25 33 51
28 32 53
26 34 54
25 31 54
25 33 53
26 30 52
27 33 52
27 31 52
27 37 53
29 36 49
29 37 52
29 36 52
31 36 52
31 39 52
32 38 52
32 38 51
34 40 51
33 40 51
32 42 51
33 44 52
32 43 52
34 44 52
33 42 53
33 42 51
33 43 51
34 41 51
35 41 51
36 41 51
36 40 51
36 40 52
36 40 52
36 38 52
36 37 51
36 37 52
36 35 52
35 36 52
35 36 52
34 35 52
33 34 54
33 35 53
32 32 53
33 33 54
32 32 53
33 33 54
32 32 53
33 32 53
33 33 53
32 31 54
32 32 53
32 31 54
32 31 53
32 31 52
33 32 54
31 31 53
32 31 53
33 31 53
31 30 54
33 29 53
32 30 53
31 30 52
31 29 53
31 30 53
31 29 53
30 30 52
31 30 53
32 29 53
32 29 53
32 30 52
30 29 52
29 28 53
30 31 52
31 30 50
31 32 52
32 33 52
34 34 53
33 36 53
32 37 54
33 39 53
34 39 53
33 39 52
34 38 53
33 39 51
35 40 50
35 40 51
35 40 50
34 43 50
34 43 50
34 45 49
34 44 51
35 43 50
34 46 51
34 43 49
33 46 49
35 47 51
31 43 47
31 43 52
31 42 51
32 43 49
30 41 48
30 28 51
33 36 53
28 30 50
25 32 53
24 28 51
25 28 51
24 33 50
24 30 55
26 31 54
24 32 52
25 31 51
26 32 52
25 33 51
25 32 53
26 31 52
26 32 52
26 32 51
26 32 52
26 31 51
25 31 51
26 31 52
25 32 50
26 32 52
25 33 52
26 33 52
25 33 52
25 33 52
26 33 52
25 34 52
26 33 52
26 33 51
26 32 52
23 33 50
27 33 53
27 33 52
25 34 52
26 33 53
26 34 52
27 32 52
26 32 52
26 33 52
26 32 52
26 32 53
26 34 53
28 33 52
27 34 52
26 32 52
27 32 52
26 32 52
26 32 51
26 33 51
26 32 51
26 34 52
27 32 52
27 32 52
26 33 52
27 32 52
27 34 51
26 33 52
27 33 52
26 32 53
27 34 52
26 33 51
26 33 51
26 33 52
26 33 52
25 33 51
26 33 52
27 34 53
26 32 52
27 33 52
26 33 52
26 33 53
27 33 53
28 34 52
26 32 53
27 32 53
27 32 51
28 34 52
26 33 52
26 33 52
27 34 52
26 33 52
26 34 52
26 34 52
26 33 52
26 33 52
27 32 53
26 34 52
26 33 52
26 34 52
27 32 52
