35 43 49
36 43 51
36 44 51
35 44 50
35 43 50
35 43 49
35 42 49
35 43 49
34 43 50
34 44 50
35 42 51
36 43 51
34 44 50
35 43 50
37 43 52
37 44 51
37 42 50
36 42 50
35 42 49
35 43 49
35 41 48
33 41 48
35 42 49
35 44 51
35 45 52
35 49 51
34 47 50
33 41 48
34 44 50
34 44 52
33 44 51
36 44 49
36 44 48
38 42 48
42 41 48
38 43 46
36 43 47
38 45 50
38 46 51
39 47 48
40 45 49
38 45 49
41 45 49
41 41 46
41 41 47
42 40 45
40 39 46
37 38 49
37 39 51
35 37 54
33 37 55
32 38 54
32 35 54
31 35 53
30 35 51
29 34 52
29 34 52
29 33 52
28 34 53
28 33 53
28 34 53
27 35 52
27 32 53
27 32 52
26 32 53
27 31 52
26 32 52
27 31 52
27 31 52
26 30 51
26 29 52
26 31 52
26 28 52
25 28 52
26 29 51
26 28 52
26 28 51
26 28 51
25 28 52
26 28 52
26 28 50
27 27 51
25 27 51
28 28 51
27 25 50
27 27 51
26 27 51
26 26 51
26 26 51
26 26 50
27 26 50
26 26 50
26 26 51
26 25 50
27 26 51
26 26 50
26 26 50
25 27 51
27 28 52
27 30 53
27 31 52
26 30 52
29 30 51
29 32 54
33 36 53
33 37 54
36 38 53
37 38 52
37 38 52
41 40 49
40 41 48
39 39 47
38 40 47
38 41 48
38 42 49
37 43 49
37 44 49
37 46 50
36 44 49
37 45 50
34 45 49
37 44 49
36 46 48
36 46 48
34 44 49
33 43 49
32 42 50
34 45 50
33 45 50
35 43 49
38 42 48
36 44 52
36 42 53
35 42 53
34 41 50
36 40 49
36 40 49
36 40 49
37 39 50
37 41 51
37 41 51
36 40 51
38 40 51
36 39 51
36 40 50
36 40 49
37 39 51
37 40 52
37 40 52
36 41 51
38 38 51
36 38 51
36 38 52
36 36 52
38 37 52
38 37 52
37 38 51
36 40 53
36 39 51
35 37 52
34 37 52
34 41 56
35 41 53
36 41 50
37 40 50
37 39 52
35 41 51
34 41 51
33 42 52
33 41 52
31 41 52
31 39 51
31 39 52
33 40 51
32 41 50
32 40 51
33 41 51
