28 43 50
28 44 50
27 44 50
27 42 49
26 41 50
28 42 49
28 43 49
29 41 51
28 43 49
27 41 50
27 41 50
28 42 49
28 41 51
26 41 51
24 41 53
23 41 53
25 39 54
30 41 57
31 40 58
36 37 58
39 34 54
42 35 52
44 31 50
41 30 49
36 31 46
35 33 45
39 32 43
34 30 43
35 27 47
36 24 51
35 28 55
37 26 55
35 29 53
34 25 53
33 24 51
32 26 54
35 22 52
35 24 52
38 26 51
37 38 49
38 32 51
37 29 50
41 29 49
37 41 52
37 40 54
41 25 55
37 24 55
37 25 54
37 27 54
36 30 53
34 30 53
24 18 41
36 43 54
37 25 53
36 31 47
37 32 53
35 30 54
38 34 49
36 33 50
38 28 53
37 37 54
36 35 51
38 32 55
39 31 61
37 39 53
34 33 44
36 35 48
42 35 45
37 41 51
36 43 57
37 40 60
39 43 54
36 42 48
34 43 48
35 43 50
37 44 48
37 42 51
34 47 52
35 44 51
35 42 55
37 42 55
36 42 52
38 40 51
37 37 47
37 37 49
37 33 49
35 33 50
35 32 47
37 32 52
34 30 53
34 32 53
32 32 51
31 31 54
30 32 53
29 29 52
30 30 53
28 30 52
27 29 54
25 29 53
26 28 52
26 28 51
25 29 51
24 27 49
24 28 51
24 27 50
24 27 49
25 27 50
23 26 50
24 26 51
23 26 51
24 26 50
23 26 49
24 25 50
26 27 51
22 28 50
23 27 50
23 25 50
24 27 50
24 26 49
24 25 49
25 25 51
23 24 50
23 26 49
24 26 49
24 24 49
23 25 48
23 26 50
23 25 49
25 25 49
22 26 49
23 24 49
23 26 50
23 26 49
24 26 50
22 25 49
24 26 50
23 25 48
22 26 49
23 26 49
23 26 50
25 26 49
23 25 49
23 26 49
24 26 49
25 25 49
24 25 50
22 24 50
23 25 49
24 25 49
24 25 50
23 25 49
24 25 49
24 26 50
24 25 49
24 26 50
23 25 50
24 25 51
25 29 50
24 27 51
25 27 53
25 29 51
26 25 54
28 30 51
30 32 51
32 31 52
34 35 52
34 38 51
36 39 49
39 37 49
35 40 48
36 40 50
34 41 51
33 42 52
32 41 51
34 43 52
34 43 52
33 43 49
35 41 51
30 46 52
33 44 52
34 46 48
33 41 49
32 40 51
34 42 52
32 40 50
32 37 50
32 38 52
32 39 51
31 37 49
31 40 50
32 33 50
38 41 47
41 39 48
46 34 50
44 33 51
41 31 50
36 34 54
26 43 53
27 45 52
30 48 50
28 45 48
28 47 51
32 43 49
30 48 47
32 48 46
31 48 47
31 46 48
30 47 47
32 46 48
31 47 47
33 47 48
31 47 48
32 46 47
31 47 47
31 46 48
31 46 48
32 46 47
32 48 48
31 46 48
