29 38 52
30 38 52
28 38 52
29 38 52
28 38 51
29 39 51
28 40 51
29 39 51
28 39 51
30 37 51
29 39 50
28 39 52
29 39 52
29 38 52
28 38 51
28 39 51
29 38 53
27 38 51
28 38 52
29 38 53
30 39 51
28 39 53
28 39 52
29 41 51
28 39 51
28 41 52
27 40 52
27 45 53
28 41 53
30 42 52
32 43 51
34 45 48
34 44 46
35 44 45
33 45 45
31 46 47
32 48 48
33 45 47
35 46 48
35 48 48
32 47 49
36 49 47
34 49 46
33 50 46
31 49 44
31 52 45
30 51 44
31 51 45
35 51 47
36 49 48
37 45 47
37 46 47
36 44 47
36 43 47
36 42 47
36 42 50
35 44 50
32 44 51
31 43 51
31 42 51
31 39 49
31 39 52
27 36 51
27 37 49
26 37 51
27 36 52
25 37 50
25 34 51
24 36 51
24 32 51
23 35 51
23 34 51
23 33 52
24 34 52
23 33 51
22 33 50
22 32 49
24 32 49
22 32 50
22 31 50
23 31 50
23 31 50
21 31 50
21 30 49
22 30 51
22 32 50
23 31 50
21 30 49
22 30 50
22 31 49
22 29 49
22 29 49
22 30 50
21 29 49
22 30 50
21 29 50
22 29 49
20 29 49
20 30 50
21 29 49
21 30 49
22 29 50
22 29 49
21 29 50
20 30 49
19 28 49
19 29 48
22 28 49
20 29 50
20 28 49
21 29 49
21 30 48
20 28 49
21 29 49
20 28 48
22 28 49
21 27 49
21 28 48
20 26 49
21 29 48
22 29 48
20 28 48
20 27 49
21 28 49
21 28 48
21 27 49
19 28 49
20 27 48
20 29 50
21 30 49
22 31 49
22 32 50
24 31 51
21 32 49
22 31 50
25 34 50
27 36 52
26 39 51
29 40 52
32 43 51
32 43 50
34 44 50
35 43 49
37 43 44
36 48 47
36 44 49
37 44 49
36 46 46
35 49 45
36 48 44
33 46 44
34 50 48
33 46 49
32 49 45
32 48 46
32 48 45
32 51 48
32 49 46
29 49 46
31 50 46
30 48 44
31 48 45
31 47 46
31 51 46
31 47 47
30 47 48
32 44 49
28 45 52
28 44 51
32 43 52
35 40 50
37 38 48
37 37 46
37 37 52
33 36 51
32 38 54
30 38 52
23 37 54
27 34 59
29 37 53
28 40 51
25 39 50
25 40 52
26 40 51
29 40 51
28 40 51
28 40 51
27 40 51
27 40 51
29 40 51
27 40 52
27 39 51
29 39 52
29 39 51
27 39 52
28 39 52
27 40 51
27 39 52
28 39 51
27 39 52
28 39 51
28 39 52
28 40 51
28 39 52
28 39 51
28 39 51
28 40 52
29 39 51
28 40 52
28 39 51
29 39 51
27 40 51
28 39 52
28 40 50
