31 27 52
31 28 53
31 29 53
31 28 52
32 28 53
31 28 53
31 28 53
31 27 53
31 28 54
30 29 53
31 27 53
33 28 52
31 28 53
31 32 57
33 32 59
37 37 55
39 40 53
39 37 50
39 37 48
40 35 49
38 36 49
39 34 50
36 35 51
36 33 51
39 40 52
38 39 52
40 40 53
39 39 49
38 40 54
38 43 50
40 40 51
37 40 53
37 38 50
38 38 53
38 37 51
37 36 50
35 32 52
35 30 52
32 29 53
33 28 51
32 26 52
32 27 53
32 26 53
32 24 51
30 24 51
29 22 50
29 21 51
31 22 51
28 21 50
28 22 50
28 21 49
28 20 49
28 21 49
28 20 48
27 21 47
28 20 48
28 20 48
28 21 48
26 20 48
27 20 47
24 17 46
26 18 48
26 19 47
25 19 46
25 19 46
26 20 46
25 18 46
28 18 45
26 17 47
26 18 45
26 19 44
24 16 45
25 19 45
27 18 46
26 18 44
26 18 45
25 17 44
23 17 45
25 17 44
25 18 44
25 18 45
25 17 44
25 17 45
26 17 45
26 17 45
25 18 43
25 18 45
26 18 44
26 17 44
25 19 45
25 18 45
25 19 45
24 18 46
25 17 45
26 17 45
25 18 45
25 19 45
25 19 46
25 18 46
26 18 47
27 20 46
27 19 47
27 17 48
27 18 47
28 20 48
29 20 49
29 19 49
30 21 50
31 22 51
34 27 50
35 27 52
35 30 52
37 32 53
36 35 52
39 35 51
38 37 51
40 38 52
40 39 52
40 39 52
39 37 52
40 38 51
38 37 50
40 39 50
40 39 50
41 40 50
42 41 50
40 43 50
39 41 50
39 40 51
39 42 50
38 42 50
39 42 49
40 44 49
40 42 50
39 44 51
38 37 51
38 39 52
37 39 53
37 37 52
36 40 53
35 35 55
36 36 53
33 36 52
32 31 52
32 32 51
31 32 51
31 32 51
28 29 51
29 25 53
28 30 52
29 25 50
31 31 53
31 21 52
31 27 56
31 27 54
30 25 52
32 26 50
32 27 46
31 27 47
31 27 56
31 27 52
32 35 53
32 28 54
32 28 53
32 29 54
33 29 52
33 31 53
31 29 53
31 30 53
31 30 53
31 30 53
32 29 54
31 29 52
32 30 53
32 29 53
33 30 52
32 30 53
31 29 53
32 30 53
31 30 53
31 29 53
31 30 53
33 30 53
32 30 53
32 30 53
31 30 52
32 31 52
32 30 53
33 30 53
31 29 53
31 29 54
32 30 52
32 31 53
32 29 52
31 30 53
33 30 53
32 30 53
32 30 53
32 30 52
31 30 53
31 30 53
31 30 53
32 29 53
31 30 53
32 30 54
30 30 53
32 28 53
32 30 53
31 29 54
33 30 53
31 29 53
32 30 53
31 30 53
32 30 53
31 31 53
33 30 53
32 31 53
31 30 53
31 30 53
31 30 53
32 29 53
32 29 53
31 29 52
32 31 52
32 29 54
32 29 53
34 29 52
31 29 53
33 29 53
32 30 53
32 30 52
31 30 53
31 30 53
32 31 53
31 31 53
31 30 53
32 29 52
32 30 52
31 30 53
32 29 52
31 30 54
31 29 53
32 31 54
31 28 52
32 30 53
33 29 52
31 28 53
32 30 53
32 30 53
32 30 53
32 29 53
32 30 53
31 30 53
31 29 53
31 30 53
33 29 52
32 31 53
32 29 53
32 29 53
32 31 54
30 30 53
32 29 53
32 28 53
