27 33 53
28 33 52
27 34 52
27 33 52
27 34 53
27 34 52
27 34 52
27 35 52
26 34 52
26 33 52
27 35 53
27 35 52
27 34 53
27 35 53
26 35 53
27 34 54
27 35 52
27 33 52
28 36 53
29 34 55
29 31 56
29 31 55
30 32 54
30 35 53
31 36 53
31 38 51
32 38 51
33 39 51
34 41 50
35 40 51
35 39 50
33 40 51
33 41 49
33 41 50
32 43 49
31 43 50
31 44 49
32 45 49
34 44 50
36 43 50
36 48 48
35 47 48
35 46 47
33 44 51
36 49 46
35 48 47
34 46 47
36 47 48
37 48 50
35 48 51
36 46 50
35 44 49
36 44 49
35 41 49
36 43 50
36 43 48
36 42 51
38 41 51
35 38 52
34 38 50
34 37 52
33 36 52
33 36 51
34 35 53
33 36 52
32 33 53
31 33 53
31 33 54
32 34 52
30 33 53
30 32 53
30 33 53
30 32 53
29 31 53
31 32 53
30 32 53
31 31 52
29 31 53
30 31 52
30 29 51
30 29 52
30 30 53
29 28 53
28 28 52
29 29 52
29 28 52
29 28 53
30 28 52
28 28 52
29 28 52
29 29 52
29 27 53
28 27 52
29 26 52
29 27 51
30 26 52
29 28 50
29 28 53
29 28 51
28 27 52
28 25 52
28 27 52
28 26 52
27 26 52
29 27 51
29 26 51
29 26 52
29 26 50
29 28 50
29 27 52
28 26 51
28 26 52
28 26 51
28 26 52
28 25 50
29 26 51
29 27 51
29 26 52
29 26 52
28 25 52
27 26 51
28 26 51
28 27 51
29 26 51
29 28 52
29 27 52
29 31 53
30 30 53
30 30 52
30 33 51
31 34 52
31 33 53
33 35 53
32 36 52
34 33 48
34 36 52
35 39 51
36 38 51
37 37 51
36 40 52
36 40 52
37 40 50
36 40 49
36 42 50
36 43 50
37 43 51
38 44 50
36 47 50
37 47 47
36 46 48
37 47 47
41 60 52
36 48 49
35 47 49
35 46 48
36 44 48
35 44 48
35 44 48
37 44 48
38 42 50
36 43 51
35 44 50
35 44 51
35 42 51
35 43 51
37 41 51
36 40 51
37 41 50
37 41 49
37 43 49
38 44 49
38 41 50
38 39 50
37 39 48
35 43 49
34 43 50
31 46 51
29 48 53
30 45 52
30 46 49
32 44 47
31 44 45
34 46 45
34 44 48
33 42 50
32 42 53
33 46 53
32 41 56
34 42 51
34 41 50
36 41 48
36 37 53
35 35 54
35 33 54
35 38 53
35 40 52
35 43 51
32 41 52
31 42 52
32 38 51
31 39 52
34 40 52
34 41 51
32 41 51
32 41 52
32 39 52
33 40 53
31 40 52
31 40 51
32 40 52
32 42 52
31 41 50
32 42 51
31 42 50
32 42 51
31 41 51
