31 42 50
32 43 51
31 41 50
32 40 51
32 42 51
32 43 51
32 42 51
31 41 51
31 41 51
32 40 51
33 43 51
32 41 51
31 41 50
33 39 52
32 41 51
29 41 52
28 41 56
33 37 57
38 38 54
39 39 51
42 39 47
44 40 45
44 42 41
41 46 44
39 49 42
39 52 43
38 48 43
36 48 45
37 50 43
35 49 42
34 51 45
36 50 46
36 50 46
38 48 47
38 47 47
38 46 49
36 44 48
36 45 49
35 43 48
36 43 50
34 41 50
34 39 51
34 37 50
33 38 51
31 38 51
33 37 51
31 35 51
31 35 52
29 35 52
29 34 53
31 35 53
30 34 53
29 35 54
30 34 54
30 32 54
30 33 53
29 32 52
29 31 53
29 32 53
30 32 51
30 32 53
29 32 53
29 31 54
29 31 53
31 31 53
29 31 52
30 31 51
30 31 52
29 29 52
29 30 52
30 30 53
31 30 53
29 30 52
29 30 54
29 29 52
29 29 52
29 30 52
28 29 52
30 29 52
30 30 53
29 28 52
29 28 52
30 29 53
29 27 52
29 29 52
29 27 52
29 27 51
29 27 52
29 27 52
30 27 53
28 27 52
29 27 51
29 26 52
28 27 52
30 27 51
29 26 51
30 27 51
29 27 52
29 27 52
31 28 51
29 25 52
29 28 52
29 25 51
30 27 51
29 27 51
30 27 51
30 27 52
29 27 52
29 27 52
29 27 53
30 26 53
28 27 52
28 27 52
29 26 53
30 28 51
30 27 52
29 27 52
29 27 52
29 27 52
28 27 51
30 27 52
30 25 52
29 26 52
30 26 51
31 26 53
29 26 52
29 26 52
29 26 51
30 27 51
29 26 51
30 26 51
29 25 51
29 26 51
30 26 52
29 27 51
29 26 51
29 26 52
28 27 52
29 28 52
29 31 50
30 31 52
31 32 52
31 33 52
33 33 53
33 35 53
33 37 52
35 39 52
37 40 50
36 40 50
37 43 50
39 45 49
38 45 49
38 45 49
38 46 48
37 48 48
35 46 47
37 48 46
37 49 46
37 49 47
36 47 46
35 48 45
36 49 45
37 49 44
38 50 45
38 46 49
36 49 47
35 48 47
34 44 48
35 48 45
34 48 47
35 49 45
38 46 41
43 46 38
45 45 39
45 46 43
43 49 46
39 50 48
34 46 48
30 46 45
31 47 47
30 50 49
31 50 48
33 45 48
34 44 50
33 42 50
31 43 50
32 45 49
31 45 49
33 45 48
32 44 51
31 45 49
32 45 49
33 45 49
33 45 49
32 43 50
32 44 48
33 45 49
32 45 49
33 45 49
32 46 49
32 44 49
31 45 49
31 45 48
32 44 49
