31 40 51
30 33 32
31 41 51
31 41 51
30 40 51
30 40 51
30 39 51
31 41 51
31 41 52
30 41 52
32 40 52
31 41 51
31 40 50
31 41 51
31 41 51
31 40 51
31 41 51
31 40 51
30 41 51
31 41 52
32 42 52
32 42 51
31 41 50
30 40 51
30 40 51
31 41 52
30 42 52
32 42 53
32 40 52
33 42 54
35 41 53
36 41 54
35 41 55
33 41 53
32 42 53
33 44 51
31 43 47
31 41 47
30 41 48
30 43 47
31 43 48
32 43 47
33 48 49
33 50 42
34 48 43
31 52 44
30 53 44
30 49 44
32 52 41
32 48 40
33 51 43
34 50 43
35 52 43
37 54 43
39 52 42
37 52 44
37 50 44
37 49 43
36 48 45
37 49 48
36 48 46
37 46 47
33 44 48
34 43 48
32 41 51
30 42 51
30 41 51
30 39 52
29 38 51
29 37 51
30 37 52
29 35 52
29 35 52
27 34 52
29 34 51
29 32 53
28 33 52
29 33 52
27 32 52
28 31 52
27 31 52
27 29 51
27 29 52
27 29 52
26 30 52
27 28 52
27 28 50
27 28 52
26 29 51
28 28 52
27 28 53
27 28 51
27 27 50
26 28 51
25 26 51
26 27 51
27 26 51
26 29 50
27 26 51
27 27 50
26 26 51
27 26 49
26 25 50
27 25 51
25 25 51
25 24 51
27 24 50
27 25 51
27 25 51
28 26 51
27 25 51
26 26 51
27 25 50
27 25 51
27 26 50
27 25 50
28 24 51
26 24 50
27 24 50
26 25 50
27 26 50
26 24 50
28 25 49
27 24 51
27 25 49
26 24 50
27 25 50
28 26 50
28 26 50
27 28 52
26 28 51
27 28 52
28 31 53
28 33 52
32 33 52
31 36 52
31 37 49
32 38 49
35 44 49
37 46 46
38 47 47
38 45 48
37 47 47
36 49 46
36 49 44
37 49 44
36 50 43
37 52 44
36 49 42
37 51 42
38 52 42
37 50 41
35 50 42
36 50 39
40 59 43
37 51 46
34 50 43
33 48 44
29 49 44
31 47 42
34 47 41
37 47 43
38 47 41
37 49 47
36 48 49
34 45 51
30 40 53
27 38 52
27 34 54
28 35 49
30 35 59
29 38 49
30 37 54
29 38 52
29 37 51
30 38 51
30 37 51
29 38 51
28 38 53
29 37 51
30 38 53
29 38 51
29 40 52
29 39 51
28 38 51
30 38 52
30 39 51
29 38 52
28 38 51
27 37 52
29 38 53
28 37 52
29 39 51
29 38 52
29 39 52
28 39 52
29 39 51
29 38 52
29 38 51
28 38 52
29 39 52
29 39 52
28 37 52
28 38 52
29 39 52
29 38 52
28 39 52
29 38 52
29 39 52
