5 32 43
33 44 49
33 44 49
33 45 49
33 45 49
31 43 49
33 44 50
32 45 50
32 43 51
32 44 50
33 44 50
32 45 51
32 44 50
31 44 50
32 43 50
33 42 49
33 44 50
32 44 50
32 44 50
32 44 50
32 44 50
33 43 49
32 45 50
32 45 49
33 43 49
33 44 49
31 43 49
33 45 49
32 43 50
33 44 50
32 44 50
33 43 49
32 45 51
33 45 49
31 45 50
33 44 50
32 44 50
32 44 49
32 43 50
32 45 50
31 44 50
33 43 49
34 44 50
33 44 51
31 43 49
32 42 50
32 43 51
33 42 50
31 44 50
34 45 50
34 46 51
36 47 51
38 46 49
39 44 48
39 44 48
41 42 47
41 42 48
42 42 48
40 41 48
40 42 48
41 42 49
40 43 48
41 44 49
41 42 49
41 41 50
42 44 49
42 42 47
40 44 47
41 43 49
40 44 49
40 43 49
39 42 49
40 42 50
40 42 50
39 42 52
37 39 52
36 40 53
36 39 52
35 38 52
33 37 52
33 36 52
31 34 52
30 35 52
30 34 52
28 34 52
27 35 51
26 34 52
25 32 51
25 34 51
22 35 52
24 35 52
23 33 53
24 34 50
23 34 50
23 33 50
21 35 51
22 35 51
21 34 50
21 35 50
22 34 49
21 35 49
21 34 49
22 34 50
20 36 50
22 33 50
22 35 50
21 34 50
22 33 49
21 34 49
21 33 49
21 34 50
21 34 50
22 32 50
22 33 50
21 34 50
22 34 50
22 34 50
21 34 51
22 34 51
24 33 51
22 33 52
23 35 51
23 35 51
22 35 52
26 34 53
26 37 52
29 34 52
33 36 51
33 36 52
35 35 51
38 36 51
38 39 52
40 40 51
40 40 52
40 40 52
41 38 51
39 39 50
41 39 50
40 39 49
41 40 51
38 40 51
42 40 48
43 41 48
41 39 50
42 41 51
42 43 50
40 38 49
40 41 49
39 40 48
42 39 47
42 41 49
42 44 48
41 47 48
40 47 50
41 45 47
38 47 48
37 50 45
35 48 48
36 48 48
34 47 48
31 41 49
32 46 47
32 47 47
32 46 48
32 46 48
33 46 48
33 46 48
33 47 47
33 46 48
33 47 48
32 47 48
33 46 48
33 46 48
34 45 49
32 48 47
32 48 48
32 45 48
33 47 48
33 47 48
33 48 47
33 46 48
33 46 48
32 47 47
33 47 48
33 47 48
32 45 47
34 46 48
33 48 47
33 47 47
34 46 48
34 46 47
33 47 47
33 47 47
35 46 47
32 47 48
33 48 47
34 48 48
34 46 48
33 46 48
34 45 47
33 48 48
32 48 48
