26 34 52
26 34 52
26 33 52
26 34 52
26 33 52
26 33 51
26 33 53
27 34 51
27 33 52
26 33 52
27 32 53
27 33 52
28 34 52
26 34 52
28 33 52
27 33 53
27 34 53
26 34 51
27 33 52
27 35 52
26 34 52
26 34 52
26 33 52
27 33 53
26 33 52
27 33 52
28 33 52
26 35 52
27 32 53
27 33 52
27 34 52
27 35 51
26 33 53
26 35 53
26 33 51
27 33 52
26 33 50
25 35 52
26 36 53
28 35 52
27 35 54
28 34 53
29 36 51
28 37 51
30 38 52
31 37 52
31 38 52
31 40 52
31 39 50
32 39 53
33 41 51
33 43 50
32 43 50
33 44 50
32 44 51
32 46 50
34 46 51
32 47 50
34 46 50
33 46 50
35 47 51
35 45 50
35 44 51
34 44 50
35 43 50
34 39 50
34 40 51
32 37 52
35 37 52
34 35 52
33 34 52
32 34 52
32 31 52
31 31 53
31 29 52
31 30 53
32 31 55
31 27 53
30 29 54
29 28 51
31 26 53
30 27 52
30 25 51
30 27 52
30 25 52
30 26 51
31 25 51
30 26 52
30 24 50
30 22 51
30 23 50
30 22 51
30 22 50
27 21 49
28 21 48
27 18 48
28 19 48
28 18 47
27 19 47
25 19 47
27 19 48
27 20 47
28 20 47
27 18 46
27 19 48
26 19 46
26 18 46
26 18 46
27 20 46
27 19 47
29 22 49
31 23 48
32 23 49
33 30 50
35 33 52
36 37 51
36 42 51
36 42 51
35 44 51
34 45 51
34 46 51
34 47 51
35 44 50
33 46 49
32 46 49
32 46 48
32 46 51
31 45 49
32 44 51
30 43 52
32 44 53
32 42 54
30 38 50
35 36 52
34 37 51
31 41 48
36 35 50
32 42 46
33 39 50
29 46 61
34 39 56
31 35 52
27 36 54
25 28 54
26 32 51
26 33 51
26 32 52
28 33 53
26 30 51
26 32 53
26 33 53
26 33 53
27 33 51
25 32 52
26 34 52
27 33 51
27 33 52
27 34 52
27 33 52
27 32 53
26 32 53
27 32 52
28 33 52
27 33 52
26 34 52
26 33 51
27 32 53
26 34 52
25 32 53
28 33 52
26 33 52
25 33 53
26 33 53
26 34 52
27 32 52
26 33 52
26 33 52
26 33 52
26 32 51
27 33 52
27 33 52
27 34 52
26 33 52
27 34 52
27 33 52
27 32 52
27 33 52
26 33 53
28 33 51
26 33 52
27 33 52
26 34 52
26 33 52
27 33 51
26 32 52
25 32 52
26 33 53
26 33 52
26 33 52
26 33 53
27 34 52
27 33 52
26 34 52
26 34 52
26 33 52
27 33 52
27 32 53
27 33 53
27 32 52
27 32 52
27 33 52
25 33 52
27 34 53
27 34 51
27 34 52
27 33 53
27 33 52
27 32 52
26 33 52
27 34 52
26 34 52
28 32 52
26 33 52
26 35 52
26 33 53
26 33 52
26 33 52
