34 51 43
34 51 43
35 50 43
33 51 42
35 50 43
35 50 43
34 51 43
33 51 43
33 50 42
34 50 43
33 50 43
34 51 43
34 49 42
34 51 43
34 50 43
34 50 43
34 50 42
34 50 44
34 51 43
35 50 43
35 50 43
34 50 44
34 50 43
34 50 44
33 50 44
34 48 45
33 48 45
33 50 47
34 49 45
35 48 45
35 48 44
33 49 46
32 49 46
34 49 46
33 48 46
32 47 46
32 49 47
33 49 46
32 50 46
34 49 46
34 48 46
35 48 48
36 47 46
35 46 47
35 46 48
36 47 49
38 46 49
37 45 48
40 44 49
41 44 51
40 45 49
41 42 48
40 40 47
38 39 47
39 40 48
39 42 49
39 44 50
40 43 50
40 43 49
40 43 48
38 44 50
39 42 50
38 42 51
39 42 51
39 42 50
40 42 52
38 42 51
37 42 51
35 40 53
35 39 53
33 38 52
34 36 53
34 37 51
32 35 52
31 33 51
29 32 51
29 33 53
28 32 52
26 31 52
26 32 52
25 32 52
25 31 52
24 31 52
25 30 52
24 31 51
23 31 52
24 31 51
24 29 50
22 32 51
22 31 50
24 31 51
24 31 50
24 31 50
23 31 52
23 32 50
23 30 51
23 30 50
22 31 51
23 30 50
22 32 50
23 32 50
23 30 51
23 30 50
23 31 50
21 30 50
23 31 52
24 31 51
23 31 51
22 30 51
22 31 51
23 31 51
24 30 50
22 30 51
23 32 50
24 31 51
24 31 51
24 31 50
24 30 51
24 31 50
23 31 51
24 31 52
25 32 52
26 31 52
26 32 51
28 32 52
28 34 52
29 34 52
33 35 52
34 36 52
37 38 52
39 38 51
40 39 50
39 40 50
41 39 52
42 40 51
41 41 51
40 41 50
41 47 55
42 41 51
44 41 48
42 40 50
41 40 51
42 40 49
43 41 49
42 39 48
42 38 49
41 40 50
41 40 49
42 40 50
42 41 48
40 45 47
40 45 48
38 46 49
36 44 50
37 44 49
37 42 48
37 43 47
37 46 47
34 51 42
33 52 42
34 51 43
35 48 45
34 50 44
34 50 44
34 50 46
35 51 45
34 49 44
33 49 44
34 51 43
34 51 44
34 50 44
33 50 44
35 50 44
33 49 44
34 49 44
33 49 45
32 50 45
34 50 44
33 49 44
34 49 44
34 50 45
33 50 44
33 51 44
34 50 44
35 49 45
34 49 45
34 49 44
35 49 44
34 49 46
33 49 45
34 49 45
33 49 45
34 49 45
33 49 45
34 49 44
32 49 46
34 47 45
33 49 46
33 49 45
33 48 45
33 49 45
33 50 44
33 49 45
33 49 45
33 48 45
34 50 44
34 48 45
33 49 45
32 49 44
33 48 45
33 49 45
34 50 45
32 49 45
