30 27 52
29 28 53
30 29 54
31 29 53
30 28 54
30 29 54
32 28 53
32 28 53
33 28 54
34 27 53
36 28 54
38 27 53
37 30 52
39 28 51
38 31 47
36 27 49
36 32 51
35 32 51
37 35 50
37 37 53
37 37 53
37 40 52
37 40 52
36 37 53
36 39 53
37 38 50
38 39 50
36 42 53
36 42 53
37 40 54
37 40 54
37 38 50
38 37 50
37 35 50
38 35 52
36 35 51
34 28 53
31 31 50
32 26 52
31 30 52
29 23 52
28 27 52
28 25 52
27 24 50
25 22 50
25 24 52
26 24 50
25 25 50
25 23 50
25 25 50
24 23 49
25 22 50
24 24 49
24 23 48
23 22 50
26 22 49
24 21 49
25 22 49
23 22 48
24 23 48
24 22 48
23 22 48
25 22 47
24 22 48
25 23 48
24 21 47
24 22 47
24 22 46
24 20 47
24 23 47
23 21 47
22 21 47
24 20 46
24 19 47
24 20 45
24 20 46
24 20 46
24 20 45
24 20 46
24 21 47
25 21 47
24 21 47
23 21 46
24 22 46
26 22 46
23 19 48
25 20 47
24 21 47
23 21 46
25 21 48
24 22 48
25 22 48
24 22 48
25 21 47
24 21 48
24 21 48
23 20 49
24 21 47
24 21 47
24 21 49
24 21 48
24 21 49
24 23 48
26 22 49
25 24 48
25 22 47
25 23 48
26 21 49
26 23 49
27 22 50
27 24 50
29 23 49
28 23 51
29 25 51
29 25 51
31 26 51
32 28 53
33 28 53
32 28 53
33 32 53
35 32 52
37 34 52
38 33 52
39 36 52
40 37 53
38 37 50
39 38 51
39 38 51
38 38 52
39 39 51
38 41 51
39 40 51
40 42 50
40 43 50
40 42 50
38 41 49
39 40 50
39 43 48
44 45 50
40 39 48
38 43 49
40 40 50
39 40 50
38 40 52
38 39 52
36 38 51
37 38 50
38 40 46
37 39 51
38 43 52
38 34 54
38 33 54
40 34 50
41 45 61
31 40 52
34 40 53
35 41 52
38 42 50
35 39 51
35 39 52
37 38 52
35 40 52
35 39 52
36 39 52
34 39 51
35 41 52
35 42 52
34 40 52
36 40 52
35 40 51
35 41 52
36 41 52
35 41 52
35 41 52
36 42 51
36 39 52
36 42 52
35 41 51
36 39 50
36 39 51
36 41 51
35 42 51
36 40 52
35 41 51
35 41 51
36 41 51
34 40 51
36 40 51
35 41 51
35 40 52
36 40 52
35 40 51
35 41 51
35 40 51
35 41 51
35 40 52
35 40 51
35 40 52
35 41 51
35 40 51
36 40 51
36 40 51
36 41 52
35 40 52
35 41 52
35 40 51
35 40 51
34 40 51
36 40 52
35 40 51
35 41 51
36 40 51
34 39 51
35 41 51
