27 33 52
25 32 53
27 32 52
26 33 51
26 32 52
25 32 51
26 33 53
26 33 51
26 32 52
26 32 52
27 32 52
26 32 53
26 32 52
24 32 52
26 31 51
27 32 51
26 33 53
26 33 52
26 33 53
25 32 54
25 33 53
26 32 51
26 33 51
27 33 53
26 33 52
26 31 51
24 31 53
25 35 52
26 34 52
28 35 52
27 34 50
26 33 52
27 39 54
28 38 52
28 39 52
31 39 50
29 38 50
33 42 52
32 40 50
30 42 52
32 41 52
32 42 51
33 43 52
32 45 53
32 44 52
33 43 51
33 41 52
34 42 52
34 40 52
34 38 51
34 39 52
34 38 52
35 39 52
35 36 52
34 35 51
33 35 52
32 33 52
32 32 52
33 33 52
32 31 52
32 29 54
30 29 53
32 28 52
31 30 53
31 29 52
30 27 53
29 26 52
30 27 52
30 28 52
30 29 53
31 27 52
30 26 52
30 27 53
32 26 53
31 26 52
30 27 51
31 26 52
30 26 52
30 26 52
30 27 51
31 26 51
30 26 52
30 27 52
30 27 51
30 25 51
31 26 51
31 27 52
30 26 51
31 26 51
31 25 52
30 25 52
30 25 51
30 25 51
29 25 51
30 25 51
29 24 51
30 25 51
30 24 52
29 24 52
30 25 51
29 23 51
29 24 51
28 24 51
29 23 51
28 23 51
28 23 52
29 24 51
28 25 52
28 24 52
30 23 51
29 24 50
29 24 50
29 23 50
29 23 50
27 23 51
29 23 51
28 23 50
29 23 50
29 22 49
30 24 51
28 23 50
27 21 50
28 23 49
27 22 50
28 21 49
27 21 49
28 22 49
27 22 48
27 21 49
27 21 48
27 20 49
27 20 48
26 20 48
25 19 48
28 20 47
27 18 48
26 20 48
27 20 48
27 18 47
26 19 48
27 20 48
25 20 47
27 20 48
27 19 48
27 21 49
28 20 48
27 19 49
26 19 47
29 20 48
27 22 48
26 21 49
27 20 47
27 21 48
26 19 47
26 20 47
26 20 46
26 20 47
27 21 49
31 25 49
33 30 50
36 31 51
36 33 51
35 37 52
36 36 53
37 40 53
37 40 52
36 42 49
34 45 53
35 45 52
33 44 50
35 45 51
34 44 49
35 47 52
32 44 52
31 42 52
32 41 52
33 39 52
34 39 50
32 31 53
34 35 55
30 32 49
26 32 53
28 33 52
27 34 51
25 31 50
28 32 50
25 32 53
26 33 52
25 31 53
26 34 50
26 32 51
26 33 52
25 31 51
25 32 52
25 32 52
25 32 52
27 32 52
25 32 52
26 33 51
27 32 52
25 33 51
25 32 53
26 30 51
25 32 51
27 31 52
26 33 52
26 32 53
26 33 52
26 32 52
25 32 52
25 32 51
25 33 51
25 32 52
26 33 52
26 31 52
26 31 52
26 32 52
26 32 52
26 32 51
25 32 52
26 31 52
25 32 52
27 33 51
26 32 52
26 33 51
26 33 52
25 31 52
25 33 51
26 32 51
26 33 51
26 32 54
26 31 51
27 34 52
26 33 52
26 33 52
26 34 53
27 32 52
26 34 51
26 32 53
26 33 51
26 33 52
28 33 51
26 33 53
26 32 51
26 32 53
25 33 53
25 32 52
27 31 52
27 33 51
26 32 52
26 32 52
27 33 52
