38 35 53
39 34 53
37 35 53
37 35 53
35 35 53
36 34 52
36 34 53
36 35 52
36 35 52
37 35 53
37 34 53
37 34 52
37 34 52
37 34 53
37 34 52
36 34 53
37 35 52
35 33 53
37 34 52
36 34 54
37 35 53
36 35 53
36 34 54
38 31 55
40 32 53
41 41 57
41 34 54
40 37 54
40 39 51
40 40 50
37 40 50
35 37 49
33 37 49
33 41 50
31 39 50
29 39 52
30 40 52
31 41 48
30 43 50
31 44 50
31 44 49
30 50 49
32 50 49
30 51 50
31 51 41
31 49 44
35 51 43
34 51 45
34 54 39
34 54 43
35 53 43
34 48 44
35 50 46
36 50 46
36 47 45
36 44 48
36 41 48
36 41 48
35 38 51
31 35 52
33 37 50
30 33 52
31 30 51
29 28 52
29 26 52
27 28 51
27 21 53
28 23 52
28 23 48
27 21 49
27 21 49
27 21 49
25 23 47
30 19 48
28 20 48
25 17 45
27 18 46
26 18 45
26 18 46
28 17 46
26 17 44
26 18 45
26 17 45
27 17 44
27 17 44
26 17 42
26 18 45
24 16 44
25 16 42
26 17 43
25 15 41
26 16 41
25 15 40
25 15 41
25 16 41
24 15 41
25 16 41
25 15 40
25 16 41
25 14 40
25 16 40
24 14 40
25 15 40
26 16 40
25 15 40
24 14 39
25 14 41
26 14 40
24 15 39
25 15 40
24 14 39
24 14 39
26 13 38
25 15 39
25 13 38
26 15 38
25 15 39
24 14 41
24 14 40
26 15 42
26 15 41
26 16 43
26 17 44
27 18 45
26 17 47
27 19 49
27 21 50
28 24 50
29 25 51
30 28 51
32 31 51
34 32 51
36 35 50
37 37 52
36 40 52
35 41 50
36 44 50
33 44 51
35 47 47
36 47 49
35 48 45
36 50 46
36 50 46
36 50 45
35 50 44
37 50 44
37 48 43
36 49 43
39 53 47
36 51 43
38 55 45
37 51 42
35 46 42
36 51 47
36 48 44
32 51 47
32 49 45
32 49 46
30 47 48
29 43 49
29 49 48
30 39 46
32 42 48
35 41 48
35 40 49
36 37 50
37 35 50
34 35 52
34 37 54
33 40 54
33 39 56
33 40 51
33 44 62
31 32 49
30 36 55
31 33 54
30 38 52
31 37 53
31 37 53
29 36 51
31 36 53
31 38 52
31 38 52
30 38 51
29 36 52
30 35 52
32 37 52
30 37 52
30 36 52
31 39 53
31 38 52
31 37 53
31 38 53
30 37 53
31 36 53
30 38 53
31 37 52
31 36 52
31 36 52
31 36 51
31 36 51
30 37 52
31 36 53
31 36 52
31 37 53
31 37 52
31 37 52
31 37 52
31 37 52
32 38 53
31 38 52
30 36 53
30 36 53
30 37 52
30 36 52
30 37 52
31 36 53
31 36 52
30 37 52
29 37 52
30 38 53
30 37 52
31 37 52
