33 47 49
58 33 47
33 47 48
32 47 48
32 45 49
33 46 48
33 45 49
33 46 48
33 45 48
31 45 48
33 47 48
33 45 48
33 46 48
32 46 48
33 45 48
33 45 49
32 47 48
32 45 48
33 46 48
33 46 49
33 45 48
32 46 48
33 46 48
33 46 48
33 46 48
33 44 49
32 45 48
32 46 48
33 45 48
32 46 48
33 45 48
33 44 48
33 45 49
32 44 49
32 44 49
32 46 50
31 48 49
33 47 48
34 47 49
34 46 48
36 45 48
37 44 49
36 44 49
37 44 49
37 43 49
38 43 49
38 41 49
41 41 50
41 41 50
41 43 49
40 41 48
41 41 48
39 42 49
40 43 49
40 42 49
40 43 50
42 42 48
40 45 48
42 42 48
41 43 51
40 42 52
40 43 51
39 43 51
37 39 54
38 39 54
37 38 50
35 36 50
34 35 50
32 36 50
30 34 52
27 34 51
27 33 51
25 35 52
24 34 52
24 33 52
21 33 51
24 33 50
22 33 52
22 33 51
22 32 51
22 33 50
22 33 50
23 32 50
22 33 50
23 32 50
23 33 51
23 33 50
23 33 50
22 33 50
22 32 50
22 32 50
22 31 50
22 32 50
23 33 51
22 32 51
23 34 51
24 33 51
25 33 52
24 33 52
27 35 52
27 35 53
28 33 52
29 35 53
31 36 51
35 35 49
37 37 50
38 37 51
38 38 51
39 40 52
39 39 52
42 40 52
41 39 51
41 39 51
40 41 50
41 40 61
41 41 49
40 40 47
39 40 50
41 41 50
41 41 49
41 41 49
40 40 49
40 41 49
42 42 50
42 42 48
41 44 47
40 44 47
40 47 47
38 47 47
38 49 47
37 50 45
35 47 45
31 58 49
33 49 45
33 48 47
34 47 46
32 49 46
32 47 46
34 48 46
33 48 47
34 48 47
33 47 46
33 48 46
33 47 46
33 50 46
33 48 45
33 48 45
34 50 45
34 49 46
34 48 45
35 48 45
33 48 45
32 49 46
33 49 46
33 49 44
34 49 45
34 48 45
33 49 45
33 50 45
34 49 47
34 49 45
34 50 45
34 49 45
35 49 46
34 48 45
34 48 45
34 49 46
33 49 46
32 49 45
33 50 46
34 50 45
32 49 46
