30 41 51
31 44 50
32 42 51
31 42 52
31 42 51
31 42 51
31 42 51
32 43 51
32 42 51
31 42 51
32 42 51
31 42 50
31 41 50
32 43 51
32 42 50
32 42 51
31 44 51
31 42 51
33 41 51
32 42 51
33 43 50
31 42 51
31 43 51
32 43 50
31 43 51
30 42 50
32 41 50
31 43 51
32 42 50
31 43 51
32 42 51
32 43 51
32 43 50
31 43 51
31 43 50
32 43 51
33 43 51
31 42 50
31 42 51
32 43 50
32 43 51
31 42 51
33 43 51
32 43 51
32 42 51
31 42 51
30 43 52
30 41 51
31 47 51
34 46 53
38 45 52
40 45 50
39 45 47
40 44 44
40 42 45
38 41 45
38 43 47
37 42 52
39 48 48
44 44 51
39 46 50
40 44 50
39 42 49
40 42 50
40 40 50
39 42 51
40 39 51
41 39 50
39 37 51
39 36 51
38 38 52
39 36 51
37 35 53
36 35 52
35 33 53
34 33 52
33 33 52
33 32 54
34 32 53
34 34 54
34 31 53
32 32 53
33 31 53
32 31 53
32 30 53
32 30 52
31 29 52
30 30 53
32 29 53
33 29 52
31 30 52
31 30 53
31 29 53
31 29 52
31 29 52
31 28 51
31 30 53
30 30 53
30 29 52
30 29 52
31 28 52
31 31 52
32 32 52
33 32 52
33 34 55
32 35 52
33 35 52
34 36 52
36 37 50
39 39 50
39 38 51
42 41 50
41 40 52
40 42 51
40 44 51
41 42 52
40 43 49
39 42 51
39 44 49
39 44 46
39 43 48
39 44 49
40 43 47
40 42 48
40 45 47
43 50 50
41 43 48
37 43 48
37 36 44
38 42 47
37 42 47
39 43 51
38 45 52
37 44 51
34 44 52
34 42 50
32 40 50
29 40 48
30 46 51
29 40 58
29 42 48
30 41 51
29 41 49
30 43 51
29 42 50
28 42 50
29 42 50
29 42 52
29 42 51
30 43 50
28 42 51
29 42 50
29 44 50
28 43 50
30 42 50
29 42 51
29 43 51
28 43 51
30 42 49
28 43 50
29 43 50
29 43 51
27 43 51
29 42 49
28 44 50
28 42 51
29 42 49
29 43 50
28 42 50
28 41 50
30 42 50
29 42 51
29 42 51
28 42 49
29 43 49
30 44 52
29 43 50
29 41 50
28 42 49
32 45 48
29 42 49
30 43 51
31 43 50
31 42 50
30 43 49
31 43 49
32 46 51
30 42 51
31 45 50
32 44 50
33 46 49
32 44 49
32 43 50
33 44 50
32 44 49
