33 37 52
33 35 52
32 36 52
34 35 53
33 36 53
33 36 53
33 35 53
33 36 52
32 36 53
34 37 53
34 36 52
33 36 52
32 36 53
33 37 53
33 36 53
33 39 55
34 36 55
36 39 54
38 34 53
38 38 52
38 36 53
36 39 51
36 37 51
35 37 51
35 39 50
35 40 50
35 40 52
35 38 51
34 41 50
35 42 50
36 42 50
35 44 50
36 43 50
37 44 49
36 43 47
34 44 50
36 42 50
35 44 50
35 46 48
36 46 49
36 45 48
36 46 49
35 45 49
37 45 50
36 44 47
36 44 51
37 42 49
36 42 51
38 42 50
38 38 50
36 40 50
36 41 50
35 39 51
35 40 52
35 35 50
33 40 53
31 36 52
31 38 55
30 37 52
31 34 53
29 37 52
29 33 51
29 33 54
29 34 53
28 33 51
27 34 52
27 32 52
29 32 52
27 31 52
26 31 53
26 27 51
25 29 51
26 28 52
26 30 51
27 27 51
25 30 51
26 27 52
27 27 51
26 27 51
26 28 51
27 26 52
26 27 50
26 27 52
27 26 51
26 25 51
27 26 51
25 26 50
26 25 52
26 24 51
26 25 50
26 24 51
27 26 49
26 24 50
26 25 50
27 25 51
28 24 50
27 24 49
27 23 49
27 23 49
28 24 51
28 23 50
27 25 51
27 24 50
25 23 50
27 24 49
27 24 51
28 23 49
27 22 49
27 23 50
27 23 51
26 24 49
27 23 50
27 22 49
26 22 49
26 22 50
27 22 49
27 23 50
27 22 50
27 23 49
27 23 50
26 23 50
27 24 49
26 22 50
27 21 49
26 23 49
27 22 50
26 23 49
27 23 49
26 24 50
27 24 50
27 23 50
27 23 49
28 22 51
27 23 51
26 23 50
27 25 50
26 23 49
27 25 50
27 23 51
27 27 50
26 27 52
27 26 49
28 28 51
26 27 51
27 28 53
28 29 52
28 30 54
28 31 51
28 32 53
30 35 52
33 35 53
32 38 51
35 38 51
33 41 52
38 41 51
37 40 51
37 43 52
37 42 50
37 44 51
37 43 49
38 43 49
37 44 49
39 43 49
38 43 49
40 44 49
38 42 48
40 42 48
39 43 48
40 43 49
37 44 48
39 43 49
40 43 49
40 45 49
40 44 49
40 44 48
40 42 47
39 43 47
39 45 48
40 45 50
39 45 48
39 45 48
40 46 48
39 44 47
40 44 47
41 44 46
39 45 46
39 44 47
38 45 48
37 45 49
37 46 48
39 45 50
36 44 47
37 45 48
37 45 49
35 44 48
37 46 47
37 44 49
38 45 49
37 44 50
38 44 48
35 45 39
40 36 49
41 43 51
39 44 42
38 44 52
38 40 51
31 43 55
32 40 51
31 45 50
34 42 50
37 42 48
35 46 52
33 40 51
34 39 51
35 44 51
33 37 50
34 38 52
33 41 51
35 42 50
33 40 52
33 39 51
36 38 51
35 40 51
34 41 52
35 40 52
33 41 52
35 40 52
35 39 51
34 41 51
35 41 51
34 39 53
34 40 51
35 41 51
34 40 51
35 39 51
34 41 52
35 41 51
35 41 52
