28 44 48
28 43 49
28 43 48
29 44 49
27 43 50
27 42 50
28 44 49
29 44 49
29 44 49
28 44 49
27 44 49
28 43 50
29 43 49
28 44 49
27 43 50
27 42 50
28 44 50
27 42 51
27 43 49
27 43 49
27 42 50
28 44 49
26 43 49
28 43 48
27 43 51
27 43 50
27 40 52
30 42 54
32 41 52
36 41 49
36 38 50
35 40 49
34 42 48
32 45 48
31 45 47
35 46 49
34 48 50
34 45 47
32 46 47
36 49 46
33 48 47
33 49 46
33 52 46
31 52 45
30 51 45
34 52 45
34 51 46
36 48 47
36 48 48
37 45 47
37 46 47
37 44 47
36 42 44
35 43 46
35 44 51
34 44 51
32 45 51
30 43 52
30 42 52
29 40 52
28 40 50
30 39 48
26 38 51
27 37 53
29 36 52
27 35 50
25 36 51
26 36 52
26 35 52
24 36 53
28 35 53
26 33 51
24 31 51
23 34 50
24 33 50
24 34 51
25 33 51
25 31 52
23 32 51
24 32 52
23 32 52
26 32 52
25 32 51
25 32 51
24 33 50
23 32 51
25 31 51
24 32 52
25 31 51
23 31 50
23 32 51
23 32 50
24 32 51
23 29 50
24 30 52
23 31 51
24 31 51
23 30 52
23 31 51
25 32 50
24 31 51
23 31 51
22 31 50
23 31 49
24 31 50
23 31 50
23 30 51
24 31 51
23 30 51
24 29 50
23 29 50
23 30 50
24 30 50
23 30 50
22 31 50
23 32 51
25 32 51
25 33 51
26 33 51
24 34 51
25 35 52
25 36 51
25 36 52
27 40 50
28 43 50
31 44 51
32 45 50
32 43 49
33 41 49
35 42 49
34 41 49
34 40 48
35 42 49
31 43 50
30 44 50
29 42 49
30 43 50
32 45 51
30 45 49
32 46 49
30 45 48
31 47 49
31 45 48
31 45 49
33 46 47
33 46 46
30 47 49
32 48 48
32 47 45
33 48 48
34 47 49
33 47 47
31 46 48
32 44 49
30 46 50
31 45 51
33 47 50
35 45 48
38 41 45
36 40 46
36 37 48
35 35 48
32 41 54
31 40 54
32 43 59
30 39 50
30 38 52
23 31 53
27 38 52
29 38 51
30 40 51
29 41 52
29 40 51
29 40 51
28 38 51
28 40 51
28 41 51
29 40 51
29 38 51
28 39 51
27 39 51
29 39 51
28 39 51
29 39 51
30 39 52
28 41 52
29 40 51
29 41 52
29 40 51
