42 44 46
41 45 47
42 45 47
42 45 46
42 45 46
43 44 46
42 46 47
42 44 47
42 45 46
43 46 47
42 45 46
42 44 46
43 45 46
42 46 47
42 45 47
43 46 46
41 44 46
42 44 47
42 45 46
41 45 46
42 44 47
42 46 48
42 44 46
42 45 47
41 44 46
42 45 47
41 44 47
41 43 48
42 42 49
41 43 49
41 44 47
40 44 48
39 44 49
39 42 47
39 44 48
41 44 48
39 43 48
42 44 48
41 45 48
41 43 50
39 46 48
40 43 48
39 44 47
41 44 47
39 45 49
37 43 50
39 43 52
38 41 51
37 41 49
39 41 51
38 38 51
37 39 52
35 37 51
34 37 51
33 36 52
33 33 53
32 36 53
30 32 53
30 31 52
28 31 52
29 32 52
29 31 53
27 30 53
26 32 53
28 31 53
27 32 53
28 32 53
28 32 52
28 32 53
29 32 52
28 30 51
28 30 53
28 32 53
28 32 52
29 32 52
28 32 53
28 32 53
28 32 53
28 32 53
29 33 53
30 33 52
30 33 54
30 32 53
31 34 53
30 33 53
30 33 52
30 34 52
31 35 53
32 36 54
33 36 53
34 38 52
34 38 52
36 41 52
37 41 51
39 40 50
38 41 50
39 42 51
38 42 51
38 43 50
39 44 51
37 47 56
39 43 50
37 41 47
38 41 49
37 43 49
39 44 51
39 45 49
40 43 49
40 43 50
40 45 48
40 43 49
41 45 48
40 43 48
40 44 48
39 45 48
40 43 48
42 43 48
40 44 48
41 44 49
39 44 48
39 44 48
39 44 49
40 43 50
40 44 48
39 41 47
39 43 47
39 42 48
40 43 48
40 43 48
40 43 49
39 44 49
39 45 49
38 47 49
39 47 49
35 46 48
33 46 49
33 43 51
32 39 51
32 39 51
34 42 51
34 44 51
33 43 50
33 42 51
32 43 50
33 43 51
33 42 50
32 42 50
32 43 51
33 42 51
33 42 51
32 42 51
33 42 50
32 43 50
32 42 51
33 42 50
33 42 51
33 41 50
33 42 51
32 41 51
34 43 50
34 43 51
33 42 50
33 43 50
33 42 50
33 43 50
33 42 51
31 43 50
33 42 50
33 42 50
32 43 51
33 43 51
