30 34 53
57 30 34
29 35 53
31 37 55
31 34 53
30 35 54
30 36 53
30 34 53
31 36 54
30 35 53
30 35 53
29 34 52
30 36 52
29 35 53
34 42 52
33 40 55
33 33 58
34 37 55
34 40 51
32 43 46
37 51 40
37 50 38
38 50 35
36 54 35
35 53 42
36 49 46
33 47 44
34 43 45
35 47 45
32 49 45
35 47 49
34 44 46
33 43 49
37 46 48
37 44 47
38 45 46
38 48 47
37 47 50
36 47 48
36 42 48
36 45 47
37 46 51
36 44 52
38 42 51
38 38 51
37 36 50
36 30 49
34 28 49
31 25 49
30 24 51
30 26 51
30 28 51
30 25 52
28 25 52
28 24 51
28 23 52
27 24 50
27 22 50
27 22 49
26 21 51
26 21 50
27 23 49
26 23 48
25 21 50
25 22 49
26 22 48
26 22 49
26 22 49
26 21 49
27 21 49
25 21 48
26 21 48
26 20 48
26 20 48
27 21 48
26 21 48
27 20 47
25 20 48
26 19 46
26 19 47
25 19 46
26 20 45
26 19 46
25 19 46
25 18 47
26 19 46
27 21 46
26 18 47
26 19 48
25 21 47
26 19 47
25 20 45
26 19 47
27 19 47
27 20 48
27 21 49
27 21 50
28 21 51
28 22 51
30 24 51
32 25 51
33 26 52
35 27 51
36 31 52
36 31 51
37 37 50
36 38 52
39 40 52
37 39 53
37 40 51
38 41 52
37 41 51
36 43 49
38 47 50
37 43 52
39 43 51
38 42 50
36 42 49
38 42 50
38 41 50
36 43 51
38 41 50
37 43 50
38 41 50
36 43 50
35 41 49
35 41 49
34 40 52
33 43 53
34 43 51
34 44 50
32 43 48
34 43 46
36 41 49
35 41 49
34 40 49
35 38 54
32 36 58
31 32 58
30 19 53
30 35 50
32 34 51
27 36 56
26 38 54
29 37 51
30 39 52
31 40 53
31 37 52
30 36 53
31 36 53
31 36 53
32 37 53
31 37 52
31 37 53
30 36 53
30 38 53
30 37 52
30 36 53
30 37 53
30 37 53
30 37 53
30 36 53
30 35 52
31 38 52
30 36 52
30 37 53
30 38 53
31 37 53
30 36 52
30 36 52
29 38 52
31 37 52
31 38 53
30 38 51
31 36 52
31 37 52
30 36 53
30 37 53
31 37 53
30 38 53
30 39 53
31 38 53
32 39 51
31 38 51
31 38 52
30 38 53
30 36 52
31 39 53
31 38 53
31 39 52
31 37 52
29 38 52
32 38 52
31 39 52
31 38 52
29 39 53
30 38 52
30 39 52
31 38 52
30 39 52
31 38 52
30 37 53
31 38 52
30 38 52
31 38 52
30 38 53
31 38 53
30 38 52
31 38 52
30 38 53
30 38 52
31 39 52
31 39 53
30 38 52
30 39 52
30 38 51
31 38 52
31 38 53
30 39 52
30 39 53
29 37 51
31 38 52
32 39 52
30 38 53
30 38 53
31 38 52
32 38 52
31 37 52
31 39 52
31 39 52
31 39 52
32 40 53
30 39 53
30 38 52
30 39 52
30 38 52
31 37 52
32 38 52
31 37 52
30 39 52
30 38 53
30 39 53
30 39 52
31 40 53
31 39 52
30 38 53
