31 36 53
32 36 53
31 35 52
31 35 54
30 35 53
31 36 53
31 35 52
30 36 53
31 35 52
30 36 53
31 35 52
32 35 53
32 35 53
30 35 53
31 35 52
31 36 53
31 36 53
31 36 52
30 36 53
30 35 53
31 35 53
31 36 53
31 36 53
32 36 56
33 32 55
36 35 56
35 38 55
33 37 52
37 40 51
33 46 51
33 40 49
35 39 52
32 39 52
31 39 50
30 39 48
29 40 49
28 40 49
32 43 49
31 46 48
32 46 47
34 51 44
32 52 47
34 50 49
33 50 47
32 49 47
34 49 44
33 49 45
34 48 46
34 46 47
34 45 49
35 47 48
34 44 50
33 42 50
32 42 51
29 41 50
29 39 51
29 38 51
28 37 50
26 34 50
26 33 51
25 32 51
26 33 52
25 32 52
25 30 52
25 31 53
24 31 50
24 28 50
25 28 50
24 27 50
24 27 50
23 27 50
22 28 50
23 28 49
25 26 50
24 29 50
24 27 49
23 26 50
23 26 50
22 26 49
24 26 51
24 26 49
23 25 48
23 26 48
22 25 49
23 25 48
23 24 49
23 24 48
22 25 49
23 26 49
23 26 49
23 24 48
23 25 48
22 24 48
22 24 48
22 24 49
25 24 49
23 23 49
22 24 48
22 24 48
22 24 48
24 24 49
22 24 47
22 23 48
22 23 49
22 24 48
23 25 47
24 24 48
25 24 49
24 25 49
22 23 48
23 25 48
23 24 48
24 24 48
23 23 49
23 24 48
24 24 48
23 24 49
22 22 49
22 24 47
23 23 48
23 23 48
22 24 49
22 23 48
22 22 48
22 23 48
22 24 47
22 24 48
23 23 47
23 23 48
23 24 48
23 23 47
22 22 47
22 24 48
22 24 48
23 24 48
22 24 48
23 24 48
22 23 47
24 24 48
22 25 49
22 24 49
24 25 50
23 25 49
24 28 49
26 29 52
26 32 51
28 32 51
28 33 53
29 35 52
31 38 51
32 39 50
31 41 51
31 43 49
29 43 48
31 46 48
32 48 47
32 50 48
31 52 44
33 48 45
36 50 52
31 48 42
33 48 45
32 50 44
32 50 44
34 50 41
34 52 42
33 48 43
33 47 43
34 51 42
31 49 45
31 50 45
29 50 50
30 45 43
29 48 45
27 44 47
26 43 46
29 38 50
30 42 49
32 42 50
31 44 52
30 42 50
30 43 52
31 40 54
30 36 53
31 32 52
32 32 52
33 37 56
32 27 51
33 32 61
29 37 52
32 36 52
31 33 53
30 34 54
32 33 52
31 34 53
32 35 53
31 34 52
31 35 53
32 34 52
32 34 53
32 33 53
30 34 52
31 34 53
31 35 53
32 34 53
32 34 53
32 35 53
32 33 53
31 34 53
31 34 53
30 34 53
31 34 53
32 34 52
31 34 54
31 34 53
31 33 54
32 34 53
32 33 53
31 34 53
30 34 53
31 34 53
32 33 53
31 33 53
32 34 53
31 33 53
31 36 53
32 34 54
31 34 53
33 34 53
32 34 53
31 33 53
31 34 53
