33 48 46
33 49 46
34 49 46
35 49 46
33 48 45
34 48 45
34 50 47
33 48 46
34 50 46
34 48 45
33 48 46
33 47 46
33 48 46
34 47 46
32 49 46
33 49 46
34 49 46
33 48 45
33 48 47
33 48 46
33 48 46
33 48 47
32 47 46
33 48 47
34 48 47
34 47 47
33 47 46
33 47 47
32 49 47
32 48 47
35 47 47
34 48 46
34 47 46
34 48 48
35 49 48
36 48 48
36 47 48
37 48 46
37 47 48
38 46 48
40 45 49
41 44 48
41 42 48
39 38 48
38 38 49
39 43 49
40 45 49
40 43 48
41 43 50
40 41 49
39 43 52
38 42 51
39 41 51
38 41 51
37 40 52
37 40 52
36 39 52
35 38 53
33 36 53
34 37 51
31 35 51
31 35 53
31 34 52
29 33 52
27 33 52
28 35 52
25 34 51
26 33 52
26 33 52
24 34 52
24 33 51
24 35 51
24 33 52
23 33 51
23 33 50
24 32 51
23 34 51
23 33 51
23 34 52
22 33 51
23 33 51
24 32 51
21 33 50
23 32 50
23 33 51
23 33 50
23 32 51
24 33 51
23 34 50
23 33 50
23 33 50
22 33 51
22 33 50
24 33 51
23 34 49
24 32 50
23 32 51
22 32 50
22 33 51
24 33 51
25 33 51
21 32 51
21 33 50
23 32 51
24 32 51
24 31 52
26 32 52
27 34 52
30 34 52
31 34 52
34 35 51
34 36 52
36 37 51
39 37 51
37 39 52
38 38 51
39 38 52
40 40 52
40 39 51
40 40 52
40 40 51
40 41 47
41 40 50
41 41 48
40 38 49
40 40 51
40 40 49
39 39 49
38 40 49
39 40 49
42 43 48
39 47 47
39 48 49
37 47 47
35 48 46
34 50 47
32 49 45
33 49 46
33 48 46
34 49 46
34 49 46
33 48 45
34 49 46
33 48 45
34 49 44
33 48 44
34 48 45
34 49 45
34 49 43
33 49 45
33 49 45
34 49 45
34 49 45
34 50 45
34 50 45
34 50 45
34 49 45
33 50 44
33 49 45
32 49 45
33 50 45
32 49 45
33 49 45
34 50 45
34 50 45
33 49 44
34 50 44
33 50 46
34 49 45
33 50 45
33 49 45
35 49 44
33 50 45
35 49 45
36 49 44
34 50 45
35 49 45
33 50 45
33 49 45
34 49 45
34 49 45
33 50 46
34 50 45
34 48 45
33 51 45
32 50 45
34 50 45
34 48 45
32 48 45
34 49 45
