33 49 47
33 49 47
33 47 45
32 49 46
33 46 46
32 48 46
32 48 46
32 49 47
31 49 46
33 48 46
33 48 47
32 48 46
33 47 45
34 49 47
33 48 47
32 47 46
33 48 47
34 47 48
32 50 47
32 49 46
32 49 46
33 47 44
36 49 47
36 46 49
36 46 49
36 46 49
36 45 47
34 46 48
37 47 47
37 46 48
38 45 49
37 46 49
38 45 48
40 45 49
40 44 47
40 44 48
39 43 48
39 42 49
40 43 49
40 43 49
41 43 49
40 45 48
40 43 49
39 42 50
39 42 50
38 44 50
38 44 48
40 41 49
40 43 49
40 44 48
39 44 49
38 43 51
38 43 53
39 42 52
37 40 51
36 38 50
35 36 50
33 36 52
33 34 50
31 34 53
29 33 53
30 33 54
28 32 52
26 32 52
27 30 52
25 29 51
25 30 51
25 31 52
24 31 51
25 31 51
23 30 52
24 30 51
23 30 51
23 30 52
24 30 50
24 29 51
23 28 51
23 29 50
24 29 50
24 29 51
24 30 50
23 28 51
23 30 51
23 29 50
23 30 50
23 29 51
24 30 50
26 31 52
26 31 53
27 32 53
29 32 52
30 33 52
33 34 53
34 35 52
36 36 51
39 37 51
41 39 52
39 40 52
40 40 53
40 40 50
41 39 49
39 38 49
40 40 51
40 40 50
42 42 51
41 43 49
40 42 50
41 40 47
40 43 50
42 42 49
41 40 49
42 42 49
41 42 49
40 42 49
40 42 48
40 42 49
41 43 47
41 46 47
39 45 48
40 46 47
37 47 48
36 49 46
35 49 48
34 50 47
33 49 43
34 49 46
32 49 46
33 48 46
33 49 44
33 49 44
32 50 44
32 49 43
33 51 44
34 49 45
34 50 44
33 49 45
34 50 44
33 51 44
34 50 45
34 49 44
33 50 44
33 51 43
33 50 43
34 49 44
33 50 44
34 49 44
33 49 45
34 49 44
34 50 44
33 49 44
34 50 44
34 48 44
33 50 44
33 50 44
34 51 43
34 49 44
34 49 43
34 50 44
33 50 45
33 51 44
35 50 44
35 51 45
33 49 45
33 49 44
33 50 44
33 50 44
33 50 45
34 50 43
34 49 45
32 50 45
34 50 43
34 51 44
33 51 45
33 51 44
34 49 44
