31 36 54
30 35 53
32 37 52
30 36 53
30 36 53
31 35 52
31 36 52
31 36 53
30 36 53
30 37 53
32 37 53
30 37 53
31 36 53
31 36 52
31 37 53
31 37 53
31 37 52
31 38 53
32 36 52
32 35 53
31 36 52
30 37 53
32 37 52
31 36 53
31 37 53
30 36 52
31 36 52
31 37 53
31 37 53
31 35 53
30 36 54
32 36 53
31 36 53
32 36 52
31 36 54
31 37 53
31 36 52
33 41 55
34 44 53
36 44 52
36 48 48
38 47 47
37 47 46
38 42 45
37 42 45
35 42 47
37 44 48
38 44 48
38 47 51
38 49 48
39 47 47
40 46 47
39 44 47
38 48 46
39 49 48
40 49 50
40 46 47
39 48 46
38 44 48
39 44 46
37 45 46
38 46 48
40 45 49
40 47 47
43 41 49
49 34 48
41 41 48
39 41 48
37 40 48
39 43 51
39 43 50
40 44 49
40 41 50
41 38 50
43 37 50
43 41 50
43 39 50
42 35 50
42 36 50
43 35 50
42 37 50
42 35 53
41 36 53
42 35 52
40 33 49
40 35 52
38 34 51
38 34 51
38 33 53
39 34 52
37 33 55
37 33 54
37 34 54
36 33 53
36 32 54
35 30 52
35 28 52
33 26 51
32 26 52
31 25 52
32 24 51
31 24 51
31 22 50
30 20 51
29 22 49
29 21 50
29 20 48
28 20 49
28 19 49
28 20 48
28 21 48
29 20 48
28 20 49
28 19 48
27 19 48
28 19 47
29 20 47
26 19 46
26 19 47
28 19 48
27 18 47
28 19 46
27 18 46
26 18 46
28 18 47
26 17 47
27 21 46
28 20 49
28 21 49
29 21 50
30 24 51
32 26 53
32 26 54
32 28 55
33 28 53
35 31 53
36 32 53
38 33 52
37 33 51
37 33 50
37 33 50
37 36 50
39 39 52
40 41 52
41 41 51
40 40 50
38 39 51
40 40 51
38 41 49
37 42 51
38 42 49
34 28 45
37 40 51
36 40 55
38 40 52
35 39 51
36 41 51
36 41 49
36 41 49
36 40 49
35 40 51
36 40 52
35 39 52
35 35 55
32 37 49
31 38 52
29 35 52
30 34 53
31 37 53
31 38 53
33 39 52
32 38 51
32 39 52
31 38 53
32 38 53
31 37 52
32 38 52
31 38 52
31 37 52
31 37 53
33 37 52
33 36 52
31 38 52
31 37 53
29 38 52
31 39 53
31 38 52
32 37 54
31 38 53
32 39 53
31 38 53
30 39 52
31 39 53
32 38 53
31 39 52
31 38 53
31 38 52
33 39 52
31 38 52
31 39 52
32 39 52
32 38 52
32 39 52
32 38 52
31 38 51
32 37 53
31 38 52
32 39 52
