28 42 51
55 28 33
55 28 33
29 41 50
30 41 51
28 41 50
28 43 51
29 42 51
29 42 50
30 42 51
29 41 50
27 42 51
29 43 50
30 42 51
29 41 51
29 42 50
27 42 51
30 43 51
28 42 50
29 42 51
28 42 50
29 42 50
28 42 50
28 41 50
28 41 51
28 43 50
28 42 49
29 41 49
27 44 52
31 42 50
30 41 52
30 39 56
33 39 53
35 37 51
34 42 50
36 43 47
36 44 46
35 45 47
35 43 48
36 43 50
35 49 51
33 48 48
34 48 44
33 50 45
33 51 43
32 50 46
31 52 47
30 51 44
31 52 44
33 50 45
35 52 43
34 50 46
35 47 46
36 46 46
34 45 46
35 44 46
34 46 47
31 46 48
32 44 49
29 46 49
29 44 49
27 44 49
27 40 51
28 43 49
27 41 49
25 38 52
25 39 53
24 39 52
23 38 51
24 39 50
26 37 51
26 36 51
24 34 51
23 35 52
23 36 50
22 33 51
24 33 50
23 34 49
23 34 51
23 34 51
23 33 52
23 33 51
22 32 50
22 32 50
23 32 51
22 30 51
22 34 50
21 32 50
22 30 49
22 31 51
23 32 50
23 31 50
22 30 51
22 31 51
23 32 49
22 31 50
23 30 48
22 30 50
22 31 50
22 30 51
22 31 50
22 30 48
21 31 50
22 30 50
22 29 49
20 30 50
22 29 50
22 29 51
22 29 50
22 30 50
22 30 50
22 30 49
22 30 49
23 30 50
22 29 51
23 31 49
21 29 50
21 28 48
22 30 50
21 30 49
22 29 50
22 30 49
20 29 49
21 29 50
22 29 50
22 31 49
20 29 49
22 30 49
21 30 49
23 30 50
22 29 50
21 29 50
23 30 50
23 28 50
21 30 50
21 28 48
21 30 49
21 29 48
21 29 49
22 29 49
20 30 50
21 29 49
22 30 50
23 30 50
23 29 50
22 30 49
22 29 49
21 30 49
19 29 50
22 30 49
22 29 49
22 30 49
22 30 50
22 33 50
23 31 51
23 33 50
23 34 52
23 35 52
23 34 51
22 36 49
24 35 51
25 39 52
26 40 50
28 40 50
30 43 49
30 44 50
30 44 49
32 44 49
31 46 46
31 48 46
30 46 48
30 45 48
30 46 46
29 47 44
31 50 46
30 51 44
31 53 44
30 52 44
30 53 43
29 50 44
30 51 42
30 52 43
31 50 43
30 51 41
25 49 43
31 51 42
31 55 47
32 51 40
33 51 40
32 52 46
31 52 43
30 47 43
29 49 44
30 50 46
29 49 48
31 48 45
33 49 44
36 45 43
37 42 45
36 40 49
31 44 47
32 47 50
27 50 47
28 46 47
28 48 52
26 45 47
29 49 48
28 52 45
25 47 45
30 46 46
29 47 46
28 48 46
29 46 46
29 48 47
29 46 46
28 47 47
28 46 46
29 46 46
29 47 46
28 47 46
27 47 47
27 46 47
28 47 46
27 48 47
29 46 47
29 45 48
28 44 48
28 46 48
28 46 47
27 45 47
29 45 49
28 47 47
28 46 47
28 45 48
28 47 47
28 47 48
29 46 47
27 46 48
28 45 47
28 47 47
