34 49 44
33 49 45
33 51 45
34 50 45
33 49 45
35 51 45
32 49 45
35 49 44
33 50 45
33 49 45
33 49 44
33 49 45
34 48 46
34 49 45
33 48 45
35 48 46
33 49 45
35 49 45
34 49 44
34 48 44
34 49 45
34 48 45
33 49 46
34 49 45
33 48 46
33 50 47
33 52 47
35 48 45
36 47 47
37 48 46
38 46 47
39 45 49
39 44 47
39 42 47
40 44 48
42 46 48
42 47 48
41 44 47
42 42 47
40 42 47
41 43 48
40 43 48
40 43 48
41 41 48
41 41 51
40 41 49
39 41 51
39 40 52
39 40 54
38 36 52
40 35 51
38 34 50
36 34 51
33 31 52
33 30 52
31 29 51
31 28 52
30 27 52
28 25 51
28 24 51
28 25 52
28 24 51
27 24 49
27 24 50
26 23 49
26 24 51
27 24 49
26 23 49
26 23 51
26 23 51
24 23 50
25 23 49
26 25 51
28 23 51
26 25 49
26 22 49
26 23 50
25 24 48
26 21 48
26 22 49
26 20 46
26 20 47
27 18 46
26 18 45
26 17 45
26 16 43
27 16 43
27 15 43
26 15 42
27 14 42
26 15 41
26 15 42
26 14 43
26 15 44
28 16 44
27 15 46
28 21 47
30 25 50
33 28 49
36 28 52
36 30 50
38 33 50
39 35 50
42 39 49
42 42 50
43 43 51
41 43 48
41 44 49
41 48 54
40 41 48
40 42 50
41 41 49
40 41 49
40 42 49
40 42 49
41 42 48
41 42 49
40 44 50
38 47 48
36 50 44
37 55 40
34 47 39
33 53 43
35 51 42
35 52 42
34 51 43
34 51 42
35 51 42
35 51 42
34 50 42
35 52 42
34 51 42
35 50 43
35 50 43
35 51 43
34 51 42
34 50 42
34 51 42
34 50 43
34 51 42
35 51 42
34 51 42
34 51 44
34 51 42
34 50 43
35 50 43
34 51 42
34 52 42
34 51 42
36 50 42
34 50 42
35 51 42
35 51 43
34 51 42
35 52 42
35 51 43
33 50 42
35 50 42
34 50 42
33 52 41
34 51 43
35 50 42
34 51 43
34 50 42
35 50 42
34 50 42
35 52 42
34 50 43
35 50 43
34 51 42
