26 33 40
27 40 51
25 41 50
27 41 50
26 41 50
27 39 51
26 41 51
26 40 50
25 40 51
28 40 51
26 41 50
27 40 51
26 40 51
27 40 51
26 41 51
26 39 51
25 41 50
27 40 51
26 41 51
26 41 51
28 41 50
27 42 50
28 43 49
28 45 48
28 45 48
29 46 50
30 48 50
30 47 50
30 49 50
32 47 49
32 47 49
32 47 48
33 47 47
33 48 47
32 45 44
30 46 43
29 49 41
28 48 39
26 50 41
28 51 42
29 50 45
30 50 47
31 48 47
32 48 48
32 48 48
31 48 47
31 49 45
31 50 46
32 50 45
31 50 44
31 50 44
32 51 46
32 50 46
31 51 46
31 50 45
28 52 45
28 50 47
31 49 46
32 49 44
34 47 43
34 46 43
33 43 42
33 41 48
28 50 53
29 48 52
30 46 51
31 47 49
33 48 51
34 47 50
34 44 51
35 41 53
38 41 51
40 40 51
41 36 49
43 34 45
41 34 46
40 34 47
37 37 49
34 37 52
33 37 52
36 39 51
32 39 53
33 42 50
32 42 53
32 44 51
29 43 52
27 46 51
30 44 51
32 50 50
31 47 49
31 46 48
31 40 48
32 45 48
32 46 49
34 46 50
31 46 48
34 46 49
34 45 48
35 48 49
34 48 48
36 48 49
37 46 49
35 44 49
36 45 49
35 45 50
35 43 50
33 42 51
34 40 51
33 40 52
32 40 51
32 37 52
33 39 51
34 36 53
32 38 52
30 34 52
29 32 52
30 32 53
29 30 54
30 30 51
29 29 52
29 30 53
30 29 52
29 27 52
29 28 52
29 29 53
28 27 52
29 26 51
28 28 53
28 25 52
28 26 51
28 26 51
28 24 51
28 24 51
27 25 51
27 26 51
28 24 51
26 24 50
26 23 50
26 23 51
26 22 51
27 23 51
28 24 50
26 24 50
27 24 51
27 22 50
28 23 50
28 24 49
26 24 50
27 26 50
29 27 51
29 28 51
30 29 51
30 32 51
31 33 54
31 34 53
32 37 54
31 37 53
31 38 52
31 39 52
33 40 52
31 42 49
33 42 51
33 39 52
31 41 52
32 42 52
34 44 49
32 42 51
32 43 51
33 43 48
32 43 49
32 44 50
32 43 49
32 44 49
31 48 52
34 46 52
31 45 49
32 44 50
32 44 49
29 43 50
32 43 50
33 44 49
31 43 51
32 41 52
30 44 54
32 38 50
35 38 52
35 38 52
37 40 51
35 40 51
36 39 52
36 36 50
38 37 52
39 36 48
36 36 49
37 38 47
37 43 52
34 44 48
30 53 51
29 55 50
30 51 49
31 52 42
29 52 47
28 48 45
31 49 45
31 49 44
31 52 45
31 48 44
32 46 43
29 47 45
29 46 47
28 51 45
30 52 42
31 51 40
33 51 39
34 53 39
31 50 38
33 51 43
33 56 32
32 53 31
33 54 33
29 51 36
31 55 34
30 53 33
31 53 34
30 53 33
30 53 34
30 53 34
30 54 35
30 53 35
30 54 35
30 53 35
31 54 36
33 52 35
31 51 36
31 52 36
30 54 36
30 54 35
30 53 35
30 54 35
30 53 37
31 53 35
32 53 36
30 52 36
30 53 35
30 53 35
30 54 36
30 53 37
30 53 36
30 53 36
30 52 36
30 52 35
30 54 35
30 53 36
30 53 36
30 52 36
