34 50 43
23 34 50
36 50 43
37 49 43
35 51 43
35 49 43
36 50 43
34 50 43
35 51 44
35 51 43
35 50 43
35 52 43
34 52 43
36 50 43
36 50 43
36 50 43
35 50 43
35 50 44
33 49 43
35 49 45
34 49 43
34 49 46
33 49 44
35 50 45
35 51 46
36 54 45
38 51 45
39 46 47
39 44 47
40 41 47
40 41 47
39 43 49
40 43 49
40 44 49
40 42 49
39 42 48
40 42 49
39 41 50
40 42 49
40 42 49
40 44 49
41 43 49
41 42 48
40 43 48
40 42 48
41 42 49
39 42 49
41 42 50
40 42 50
40 41 49
40 42 50
40 42 50
40 41 51
40 42 51
40 42 51
38 41 51
37 40 52
36 38 53
35 37 52
33 37 52
31 36 51
31 34 52
29 34 52
29 33 51
28 33 52
26 32 52
25 32 51
25 33 51
24 32 52
24 32 52
23 33 51
23 33 51
22 32 50
21 32 50
22 33 50
22 32 50
22 33 50
21 32 50
22 32 51
22 32 50
22 32 51
22 32 50
22 33 50
22 31 50
22 32 51
21 31 50
23 32 51
23 32 50
24 33 51
24 32 51
23 33 51
24 33 51
25 34 53
26 34 51
26 35 52
27 35 51
30 35 52
33 36 51
34 36 53
35 38 53
38 37 52
39 39 52
37 40 51
37 38 51
38 40 51
39 40 51
39 40 52
38 41 51
39 41 51
39 43 58
40 42 50
40 39 44
38 42 49
41 41 50
41 40 50
40 40 49
39 41 48
41 41 47
41 42 49
41 43 48
40 44 50
41 44 48
40 43 49
38 48 48
36 48 43
33 57 47
34 47 40
34 49 46
34 49 46
33 48 45
33 50 46
34 49 44
34 49 46
35 48 46
34 49 46
33 50 46
34 50 45
33 50 45
34 49 45
34 50 45
34 49 46
35 49 45
33 49 45
33 49 46
34 49 46
34 49 45
32 50 46
34 48 46
33 48 46
33 49 46
32 48 45
33 48 45
33 48 45
34 48 46
35 50 45
33 48 45
33 48 46
33 48 46
33 48 45
33 48 46
33 48 45
33 48 46
33 48 46
33 47 46
34 48 46
33 50 46
32 49 46
33 49 45
33 50 46
32 49 46
33 49 47
33 49 45
33 49 45
33 49 46
