17 41 33
38 37 33
36 36 51
36 38 52
37 37 51
37 37 52
37 38 52
37 36 52
37 37 52
38 37 52
36 37 52
37 37 51
37 36 52
36 38 52
36 36 52
37 38 53
37 37 51
36 37 52
37 37 51
36 36 52
32 39 53
34 42 53
35 42 53
41 39 55
42 41 52
43 38 50
44 39 49
44 37 48
42 38 48
39 41 48
38 37 47
38 37 47
38 43 49
38 45 48
37 45 48
38 45 48
37 47 48
37 47 47
37 46 47
38 45 47
37 46 47
38 44 47
39 46 47
39 46 45
39 46 46
37 46 48
39 47 47
39 46 48
39 47 47
39 46 46
38 45 47
37 45 46
39 47 47
37 45 47
37 46 46
38 46 48
37 46 47
37 47 47
38 46 49
37 46 47
37 46 49
37 45 48
38 44 48
37 44 49
38 43 49
38 43 49
37 44 50
37 44 50
37 44 49
37 41 51
36 37 50
36 36 50
37 36 51
36 34 52
36 34 51
35 35 52
35 33 52
35 33 53
34 31 53
34 31 53
34 30 54
33 29 52
33 29 53
33 28 52
32 29 51
34 29 52
33 29 52
32 29 53
33 28 53
31 28 53
33 28 52
33 27 52
32 28 52
32 27 53
32 28 52
32 28 52
32 29 53
34 27 52
34 28 52
31 28 52
32 27 53
33 27 52
33 27 52
33 28 53
32 26 51
32 27 51
32 27 52
32 26 52
31 28 53
32 28 52
32 27 52
31 26 53
31 28 52
32 29 53
32 29 51
33 27 53
33 27 52
32 27 52
33 28 52
33 29 52
32 29 52
33 33 51
33 32 50
34 37 54
33 38 52
34 39 52
34 39 51
35 41 50
35 44 52
36 43 50
36 44 48
37 45 47
37 47 47
37 45 44
38 49 47
37 52 45
37 49 45
36 48 45
35 47 45
38 49 47
36 49 46
36 49 46
36 48 47
34 47 47
31 42 47
38 41 49
39 41 50
43 37 49
43 36 50
41 40 48
41 39 52
41 42 49
40 38 52
39 37 52
39 34 53
37 35 54
35 37 50
