30 47 47
29 47 48
30 48 47
32 47 47
31 46 47
32 47 46
32 45 45
31 47 46
30 47 46
29 48 48
30 47 47
29 47 48
28 46 48
30 47 48
30 46 48
30 45 48
29 47 48
30 48 48
28 47 48
28 44 48
28 42 50
30 43 50
30 43 50
29 42 50
31 45 48
31 46 48
33 48 48
34 49 48
35 50 47
36 48 46
35 49 47
34 46 47
35 46 47
34 44 47
33 44 48
35 42 48
35 48 49
37 45 48
37 47 48
37 46 47
36 41 48
37 45 47
35 48 46
36 49 47
29 44 49
38 48 46
37 47 46
37 49 46
39 51 46
39 49 47
35 50 48
36 48 50
37 48 50
37 45 47
36 44 46
39 45 45
38 41 47
39 43 46
38 42 48
40 40 48
38 40 48
40 41 50
38 39 50
38 40 51
37 39 51
36 37 53
36 40 52
36 39 54
33 34 53
32 34 52
31 33 52
29 32 52
31 31 52
30 34 53
29 31 53
31 33 52
28 32 53
28 34 53
29 33 54
29 33 53
28 32 53
29 30 53
28 30 52
27 29 51
27 30 52
27 29 51
26 27 50
26 28 51
28 27 52
26 30 51
27 27 51
27 28 51
28 30 51
26 27 53
25 28 52
27 28 51
27 28 50
26 28 52
26 28 53
26 28 52
27 27 51
28 27 51
27 28 52
28 27 51
26 26 50
27 26 51
26 28 51
27 26 51
26 25 50
27 27 50
28 27 51
28 29 52
28 30 52
29 32 53
30 33 53
30 33 53
31 33 53
29 35 53
32 35 52
32 36 52
35 36 52
35 39 53
36 41 53
37 39 51
37 41 49
38 40 49
39 40 48
40 43 48
40 43 48
39 44 49
40 44 48
41 46 48
40 44 48
40 45 47
40 45 46
40 46 46
40 47 48
40 46 47
40 46 47
40 47 47
40 49 45
41 50 45
38 47 46
40 47 46
39 48 45
42 47 46
40 46 46
39 46 46
39 45 47
38 47 47
37 47 46
37 43 48
37 46 46
35 45 47
36 45 47
39 45 45
40 43 47
41 42 44
41 41 45
39 42 51
35 40 59
32 42 56
29 42 55
31 42 48
32 45 51
29 42 50
31 43 50
30 43 50
31 43 50
30 43 50
30 43 50
31 43 51
30 41 50
31 42 51
31 42 50
31 41 51
30 42 51
31 42 51
30 42 52
31 43 50
30 42 51
29 42 50
31 43 51
29 41 51
30 42 50
30 41 50
31 42 51
30 42 51
29 42 50
