30 45 50
30 45 50
30 43 49
30 43 50
30 43 50
30 43 50
31 44 49
31 44 49
30 44 50
30 44 51
28 43 51
28 43 53
29 45 52
29 45 50
32 45 52
33 42 49
36 44 52
38 42 49
41 43 47
43 40 46
43 41 44
41 43 44
37 48 45
35 48 44
35 47 47
37 47 48
36 47 47
36 47 48
35 46 46
35 45 46
35 47 47
36 48 46
34 45 45
36 48 46
36 47 48
35 48 49
38 48 49
36 46 48
37 45 49
37 45 49
37 42 49
37 41 50
36 43 50
37 39 52
36 38 52
36 38 52
33 37 51
34 36 52
34 36 51
34 33 52
33 34 51
31 32 52
32 30 52
31 31 53
32 30 54
31 30 53
30 30 51
29 30 53
29 29 51
28 29 52
31 30 52
29 28 52
29 28 54
31 29 52
29 29 52
30 29 51
29 28 52
31 27 52
28 27 51
30 28 51
28 26 52
30 27 52
30 27 52
29 27 52
29 26 51
30 26 50
29 26 52
29 26 51
29 27 52
28 26 51
28 26 52
29 26 50
28 27 52
29 25 51
28 27 52
28 25 51
28 26 50
28 26 50
29 26 51
29 27 52
30 26 52
28 26 52
29 26 53
29 25 51
30 27 51
28 25 51
28 27 51
27 26 51
29 27 52
29 29 53
31 30 52
32 30 52
31 32 53
32 33 54
32 35 53
34 34 52
34 36 53
35 36 51
36 38 51
36 38 52
36 40 51
37 38 50
37 40 51
37 43 50
38 41 51
37 36 48
37 45 49
37 45 51
37 44 49
37 45 49
37 45 48
36 44 48
38 44 47
38 45 48
37 45 48
37 46 47
38 48 48
36 47 46
40 48 49
38 47 48
37 46 46
37 46 46
36 45 47
37 46 47
36 47 48
36 44 48
35 45 47
37 46 48
38 46 47
41 43 46
42 42 46
42 44 44
44 43 40
42 44 47
38 44 54
36 41 52
34 37 51
31 43 54
28 43 51
31 39 55
29 40 53
33 42 51
31 41 51
33 42 50
31 39 52
31 39 51
34 41 51
29 41 51
31 42 52
31 42 51
31 41 51
32 42 50
31 41 50
31 41 50
32 43 50
31 43 51
31 42 50
33 41 50
30 42 51
30 41 51
31 42 51
30 42 51
31 42 52
30 42 50
33 42 50
31 42 50
