33 49 43
35 51 42
34 51 43
33 51 42
34 50 42
33 51 42
34 51 43
34 51 42
34 50 43
33 50 43
33 50 43
33 50 43
34 51 43
34 50 43
34 51 44
33 51 44
34 50 43
32 51 43
32 51 43
32 53 44
35 49 44
36 49 44
35 50 44
35 50 44
38 50 44
38 49 45
37 49 46
39 48 45
39 48 47
40 46 46
40 46 46
40 45 47
40 44 48
40 42 48
40 41 48
39 44 49
40 43 49
41 43 48
40 44 50
39 41 51
39 44 51
38 43 52
37 42 53
37 39 50
37 36 51
35 35 51
33 33 50
32 34 52
31 32 52
30 31 52
28 31 53
28 30 52
26 31 53
26 28 52
24 31 51
26 30 51
24 31 52
26 29 53
24 30 51
24 28 50
24 28 50
24 31 51
25 30 50
25 31 51
23 28 51
24 29 50
24 29 50
23 29 51
25 29 50
23 29 51
24 27 51
24 28 50
23 29 51
25 29 51
24 28 51
25 29 51
25 28 51
24 27 51
24 29 51
24 27 52
25 29 51
26 28 52
26 29 51
28 31 53
29 30 53
32 34 52
33 34 53
32 34 52
35 37 53
38 36 52
39 39 50
40 40 51
40 40 51
39 39 52
40 40 52
41 39 50
39 42 51
41 41 50
41 41 49
40 42 51
41 43 57
41 43 49
41 40 49
41 38 50
40 41 49
41 41 49
40 40 50
40 41 49
39 41 50
40 41 50
41 43 49
40 46 48
37 46 46
37 50 46
35 49 44
34 51 44
33 53 46
34 49 44
33 51 44
34 48 43
34 49 43
33 51 44
35 49 44
34 50 43
35 50 44
34 50 43
34 51 43
35 51 44
33 51 43
33 51 43
34 51 44
33 51 44
34 51 43
34 49 45
34 50 44
35 49 44
34 49 44
35 51 43
33 50 43
34 50 44
34 50 44
34 50 43
34 50 44
34 50 44
34 50 44
34 50 45
35 49 44
34 50 45
33 49 44
34 49 44
34 49 43
33 50 43
33 49 44
34 51 44
34 50 43
34 51 44
34 50 44
34 50 44
33 50 43
34 50 43
35 51 43
33 49 44
34 49 43
34 49 43
34 50 43
33 50 44
33 50 45
34 50 44
34 49 44
34 50 44
34 49 44
33 51 43
34 49 44
33 50 44
