37 40 52
40 40 52
39 39 51
42 41 51
42 40 48
40 40 47
40 43 48
39 41 47
39 43 49
39 42 49
39 43 49
39 44 48
40 44 48
41 45 48
40 47 50
39 44 48
38 46 49
37 46 51
40 44 49
40 43 49
38 39 51
39 38 50
37 35 50
37 32 52
35 33 53
34 31 52
33 30 52
32 28 52
30 29 52
31 30 52
30 26 53
28 27 51
28 25 51
28 24 51
28 23 50
28 23 50
27 23 51
26 24 50
27 23 49
27 21 51
27 22 49
29 22 49
27 22 50
28 21 50
27 21 50
28 21 48
27 22 49
29 20 48
28 21 48
27 21 49
28 23 50
28 24 50
27 25 52
29 26 52
30 26 53
28 25 52
29 26 52
30 28 53
31 29 53
33 31 53
34 30 53
35 34 54
36 36 51
37 37 53
38 38 52
39 38 52
39 40 51
40 41 50
41 42 48
41 44 48
41 44 48
41 43 48
42 44 48
41 42 47
42 44 46
42 44 45
42 45 45
41 44 45
43 43 44
41 46 45
41 45 47
40 48 46
39 46 47
40 47 46
38 46 47
37 46 48
38 45 48
36 45 48
37 46 48
35 42 48
37 36 52
38 41 49
36 42 50
34 44 51
37 45 53
36 44 54
37 39 52
33 36 42
34 37 46
29 39 36
33 41 52
34 40 52
35 42 51
34 41 52
33 39 52
35 40 53
34 41 52
35 40 52
35 40 51
35 40 52
34 39 51
36 40 51
35 39 51
35 39 51
35 40 51
35 40 52
35 40 52
34 40 51
35 40 52
36 40 51
36 39 51
36 40 51
35 40 52
35 40 51
35 40 52
35 41 52
35 40 52
35 40 52
35 40 51
35 40 52
36 40 52
35 41 52
34 40 51
36 41 52
35 40 52
35 40 52
36 40 52
36 41 52
34 41 52
36 38 52
36 39 51
35 41 52
35 41 52
36 40 51
36 40 51
36 41 52
35 39 51
35 41 51
36 40 52
34 40 51
36 39 52
36 41 51
35 41 51
35 39 50
35 41 52
35 40 51
35 40 52
35 41 52
35 41 52
35 40 51
36 40 51
35 41 52
35 40 52
35 40 52
36 42 51
35 40 51
37 40 52
36 40 51
36 41 51
35 40 52
35 42 51
36 41 51
35 40 52
35 41 51
34 42 52
34 39 51
36 40 52
35 40 52
