31 37 53
31 37 53
32 35 53
31 39 53
31 37 52
31 37 53
31 38 53
31 37 54
31 37 52
30 38 53
32 40 55
33 41 53
34 41 54
34 41 53
38 41 50
38 40 48
37 38 49
37 41 49
38 40 49
37 42 49
38 43 50
36 42 48
38 46 50
38 45 52
38 45 50
36 42 47
39 43 48
38 44 50
38 42 49
37 44 51
39 45 49
40 43 49
39 44 50
40 44 51
39 44 50
40 41 50
39 38 50
40 39 50
41 40 51
41 41 52
40 40 51
39 37 50
38 35 50
36 34 51
37 31 52
37 33 52
37 35 52
34 31 52
36 34 53
34 32 53
35 31 52
36 29 55
33 31 53
33 29 53
33 27 52
32 28 51
31 27 52
29 26 53
27 22 53
31 26 52
31 26 53
30 24 53
31 25 50
30 25 50
30 26 50
28 21 51
29 22 50
29 22 50
28 21 49
28 21 49
29 23 50
29 19 49
29 20 48
28 18 48
28 19 48
29 20 47
28 19 48
27 19 47
28 18 47
29 19 46
28 19 47
26 17 46
28 17 44
28 16 45
27 16 45
29 17 45
27 15 44
27 15 43
28 17 44
27 16 43
28 16 43
27 16 44
28 15 43
27 16 45
27 16 42
27 15 43
28 15 42
28 16 42
27 16 43
27 14 42
26 16 42
25 14 40
27 15 43
26 16 41
25 15 40
26 13 41
26 14 41
27 13 41
26 14 40
26 12 39
26 14 40
27 15 40
25 14 40
27 14 39
27 14 39
26 14 39
26 12 38
26 14 38
25 13 40
27 12 39
26 14 38
26 14 38
26 14 38
26 14 38
25 13 37
26 13 37
25 14 38
25 13 38
26 13 37
25 14 38
25 14 37
25 13 37
24 13 35
26 15 36
25 14 36
25 13 36
25 13 36
25 13 36
26 14 36
25 13 37
24 14 36
25 13 36
24 14 37
26 15 37
25 14 37
25 12 38
25 13 39
25 14 40
25 15 41
25 17 42
27 17 42
26 16 44
26 15 45
27 15 43
25 14 41
26 14 41
25 15 41
26 15 38
24 13 39
26 13 38
25 14 37
25 15 38
27 13 38
25 14 37
24 14 37
24 13 36
25 13 37
24 15 37
24 15 37
23 14 36
25 12 36
26 13 36
25 14 37
24 12 37
25 14 37
24 13 35
23 13 37
24 13 35
25 13 36
24 14 35
24 14 35
25 15 35
25 13 35
25 13 35
25 14 36
24 14 35
24 14 37
26 15 38
26 14 41
26 15 42
26 14 40
26 16 42
26 17 44
26 16 45
27 17 47
28 16 46
29 17 45
28 17 45
30 19 47
31 22 48
32 24 49
33 26 52
34 28 53
34 28 53
34 31 53
36 32 54
34 33 53
36 36 53
35 35 53
36 35 53
34 36 52
37 38 52
36 36 52
37 35 52
35 37 51
36 38 52
37 37 52
37 38 54
36 39 53
36 38 53
36 38 51
35 37 52
36 37 53
35 38 52
36 37 52
34 38 53
34 38 51
34 38 52
33 39 53
34 40 54
35 40 53
34 38 51
36 41 53
32 41 53
32 39 53
32 39 53
33 39 52
32 39 52
31 39 51
32 38 53
30 37 51
31 39 52
31 39 51
31 40 52
31 38 53
31 38 53
30 36 52
30 34 54
29 33 54
29 37 52
32 34 56
30 35 52
31 34 54
32 36 53
32 33 53
30 32 52
30 32 53
29 32 52
30 32 54
30 33 53
31 33 53
32 32 52
31 33 54
30 34 52
30 35 53
31 35 53
30 33 53
31 33 53
32 34 52
31 35 53
30 34 53
30 35 53
31 34 53
31 36 53
31 35 53
31 35 53
31 33 53
30 34 53
30 34 54
31 35 52
30 35 52
32 35 53
32 35 52
31 35 53
31 35 54
31 35 53
30 34 53
31 35 53
30 35 53
30 35 53
31 35 52
31 34 53
32 36 53
32 36 54
29 34 53
31 36 52
30 37 53
30 35 53
30 35 53
32 34 53
31 35 52
31 34 53
31 36 54
31 35 53
31 35 52
30 36 54
31 36 53
31 35 52
31 36 53
31 35 53
30 38 52
31 36 53
32 36 52
