42 50 37
30 41 51
31 41 51
30 40 51
31 41 51
31 41 50
31 42 51
30 42 52
30 41 51
32 42 55
34 39 52
36 39 54
33 41 51
33 40 53
34 38 52
33 39 53
33 38 51
33 39 52
32 41 52
33 42 50
31 42 49
31 42 48
30 41 48
29 41 47
28 44 47
29 47 45
30 46 47
34 50 47
34 53 45
34 52 42
31 46 43
35 50 46
33 50 45
34 51 45
36 50 45
36 50 43
36 50 44
37 49 44
37 50 44
36 49 45
38 51 45
37 48 46
34 49 46
33 46 47
34 46 49
32 43 49
32 43 48
31 43 49
29 40 51
30 39 49
28 39 52
29 39 52
29 38 52
26 39 52
28 35 51
27 35 52
25 33 51
26 33 52
26 34 52
25 33 53
24 33 52
24 31 51
24 31 52
25 30 51
26 31 53
23 31 50
25 29 51
24 31 51
24 30 50
23 30 50
23 28 51
23 28 51
23 28 50
23 28 51
24 28 51
23 28 51
24 27 50
23 28 50
23 29 49
23 28 50
23 28 50
23 26 48
23 28 49
24 27 50
23 27 49
23 27 50
23 27 49
24 27 50
22 27 50
23 25 49
22 25 47
22 25 48
23 27 49
23 25 50
22 25 49
23 26 49
22 25 48
22 25 49
22 26 49
23 25 49
24 25 50
23 26 49
22 24 49
21 26 48
21 25 48
22 24 49
22 24 48
23 24 48
24 25 48
23 24 47
22 25 47
23 23 48
22 23 48
22 25 49
23 29 49
23 27 51
24 30 52
23 31 49
24 31 52
24 32 53
26 35 53
28 36 52
30 39 52
33 38 52
33 41 50
33 42 49
33 41 49
33 43 50
34 45 49
34 47 47
34 49 47
34 50 45
35 51 46
34 51 44
33 51 45
34 47 43
34 48 45
36 49 43
37 51 44
37 51 44
35 48 42
34 48 45
35 51 45
33 47 45
32 46 43
30 45 44
32 44 43
34 46 46
35 44 46
36 48 48
36 45 49
34 45 47
30 42 51
29 40 55
29 41 58
29 40 51
27 40 51
28 39 52
28 40 51
28 38 50
27 38 52
28 38 51
27 38 52
26 39 52
29 38 50
27 39 52
28 38 51
27 37 52
26 37 52
26 38 51
27 36 52
27 38 51
26 37 52
27 38 52
27 37 52
27 36 53
27 38 52
26 39 52
27 37 51
27 37 51
28 38 51
27 38 52
27 38 52
28 37 52
26 38 51
26 38 51
