32 41 50
33 42 51
32 42 51
32 42 51
33 41 51
32 40 51
33 41 52
31 40 51
31 41 51
31 41 51
31 42 51
32 41 51
31 41 51
31 41 51
33 41 52
32 41 51
32 41 52
32 40 52
32 40 52
31 41 51
32 42 52
32 41 51
33 41 51
32 41 51
32 41 50
31 42 52
32 41 52
33 42 51
32 42 50
32 41 51
30 43 52
28 45 52
29 49 51
33 45 49
33 47 48
35 46 47
36 44 45
38 45 44
39 46 44
39 47 45
35 49 42
33 51 43
33 49 43
33 50 44
33 51 44
33 54 44
35 50 41
33 53 42
34 50 43
35 52 42
34 54 40
33 54 39
33 52 39
33 54 38
33 53 40
33 54 41
35 53 40
36 53 42
37 52 44
39 51 42
37 48 40
35 47 40
37 48 41
36 49 42
34 50 44
33 51 45
33 51 43
33 49 43
29 50 43
28 49 46
31 48 45
29 49 45
28 48 45
26 47 47
27 48 44
26 47 46
26 46 47
27 45 45
26 47 46
25 47 46
25 45 46
24 44 47
25 45 48
25 44 48
25 44 49
26 44 48
25 43 48
24 43 50
25 45 47
25 43 48
24 42 48
24 43 49
24 42 48
25 41 48
25 42 48
24 42 47
24 43 48
25 42 48
25 42 48
24 42 49
23 43 49
25 41 47
23 43 48
24 42 48
23 43 48
24 42 48
24 42 48
24 42 48
26 43 48
24 42 49
24 42 49
23 44 48
25 42 49
24 42 49
24 42 49
22 41 48
25 41 48
23 42 49
24 42 49
23 43 49
24 42 49
23 41 49
23 42 48
24 40 48
23 42 49
24 41 48
24 40 48
25 41 48
24 42 49
23 42 48
23 41 48
25 41 48
26 43 48
25 43 48
24 44 49
25 45 48
24 46 47
25 46 47
27 47 44
29 48 46
34 47 48
35 47 47
36 48 46
37 49 44
38 49 43
38 50 42
37 48 42
40 46 42
39 48 41
39 49 42
38 47 43
37 49 41
36 50 41
36 50 41
37 51 41
35 51 40
37 52 40
37 52 40
36 52 40
36 52 41
39 54 42
36 50 39
36 51 43
37 53 41
36 51 40
36 50 42
37 56 46
39 58 43
35 52 43
34 50 41
34 50 41
32 50 42
30 48 44
28 52 46
29 50 45
33 54 46
36 53 45
39 48 46
39 46 42
38 44 43
36 41 47
35 35 42
31 40 54
27 39 54
29 37 55
28 36 53
27 35 57
32 39 53
34 38 53
33 39 52
33 41 52
33 41 52
32 42 52
31 39 52
32 41 50
32 41 52
33 41 50
33 39 50
33 41 52
33 39 51
32 41 51
32 39 51
33 40 51
33 42 51
33 41 51
33 41 51
33 41 51
31 41 52
32 40 51
32 41 51
32 41 52
32 40 52
32 41 52
32 40 51
33 40 52
32 41 51
32 41 52
32 41 51
