34 49 46
35 48 46
33 47 45
34 47 45
35 48 45
35 50 45
33 48 46
34 47 46
35 49 46
33 50 46
35 49 45
35 48 47
35 48 46
35 48 46
35 49 47
34 48 46
34 47 47
34 48 47
33 48 47
32 47 48
33 50 47
31 49 48
32 47 47
32 47 47
35 46 48
40 47 51
41 45 49
40 44 49
38 42 47
39 42 49
40 41 48
40 42 48
38 43 49
40 41 49
40 42 50
40 41 51
39 42 54
38 41 55
40 37 53
38 36 48
35 34 50
33 33 50
31 32 52
31 31 53
29 31 52
28 31 52
27 29 52
25 28 52
25 29 52
25 27 51
25 28 51
24 27 51
24 28 51
24 26 51
23 27 50
24 27 51
23 28 50
23 27 50
25 26 51
24 28 50
23 27 50
23 27 51
24 27 51
23 26 50
25 26 51
24 28 51
24 26 50
24 26 50
23 27 50
25 26 50
24 27 50
23 28 50
24 27 50
23 27 50
24 27 51
25 27 50
23 26 50
24 25 49
23 27 50
23 27 50
25 27 51
24 27 50
25 28 52
26 29 51
27 29 52
28 28 54
31 31 53
32 30 51
32 33 52
34 32 50
36 33 51
39 35 51
40 38 52
42 39 51
40 40 52
41 41 51
40 42 51
41 40 50
40 45 55
41 42 47
41 42 51
41 41 50
40 40 49
40 41 50
40 40 50
39 41 49
40 40 49
40 41 49
38 43 50
40 44 47
38 44 49
37 47 47
34 47 46
34 50 47
32 53 46
33 52 43
34 49 44
33 50 44
34 49 44
34 51 44
35 51 44
34 50 43
33 51 44
35 50 42
34 50 44
34 50 43
34 50 43
34 51 43
35 51 43
33 50 43
34 51 43
35 49 43
33 50 43
33 50 43
34 49 43
34 50 44
34 51 44
35 50 44
35 49 44
34 51 43
34 50 44
35 50 43
34 50 43
35 50 43
34 50 44
35 49 44
35 51 44
34 50 43
35 51 44
35 50 43
35 50 43
34 51 43
34 50 43
34 51 44
33 50 44
34 50 44
33 51 44
34 50 44
34 50 43
34 50 43
36 50 42
34 51 44
35 49 43
35 51 44
33 51 44
35 49 43
34 52 43
34 51 43
34 49 43
35 50 44
33 50 43
34 51 44
34 50 43
33 51 43
33 51 44
34 50 44
35 50 43
33 50 44
