24 50 43
38 24 50
24 47 43
26 49 43
25 49 43
26 49 42
26 49 42
25 48 43
24 48 43
25 48 42
25 49 43
24 48 43
24 49 43
25 49 43
24 49 44
24 49 43
26 49 44
25 49 43
25 48 41
27 48 42
27 50 47
29 56 51
30 55 51
30 53 48
32 50 46
33 46 44
34 44 45
35 40 45
35 35 47
32 35 46
26 44 47
28 45 48
28 46 48
30 47 48
30 45 46
31 50 44
29 46 47
28 50 47
29 50 44
27 50 47
27 53 48
28 51 47
29 52 47
31 48 48
31 48 46
31 47 45
34 47 44
35 44 45
36 43 47
35 44 47
35 45 47
35 43 49
34 45 49
35 46 48
33 44 50
32 43 50
31 42 51
29 43 52
28 40 51
28 40 50
28 38 51
29 39 51
28 40 52
28 38 52
28 39 52
25 35 52
27 34 52
28 34 51
28 33 52
28 33 51
26 34 51
28 32 52
26 33 52
27 32 52
26 34 51
26 31 53
25 31 53
26 32 53
26 31 52
26 31 53
25 28 51
25 29 52
26 29 50
25 28 50
25 29 50
27 28 52
24 28 51
24 28 50
25 27 50
24 27 50
24 27 49
23 27 48
24 25 50
24 26 50
24 25 50
23 26 50
22 27 49
23 26 50
23 25 49
23 25 49
23 26 48
22 24 49
24 27 49
24 28 49
22 28 48
24 30 49
25 31 52
24 35 52
25 33 52
26 35 54
28 37 54
30 40 54
32 39 52
34 38 49
33 38 47
33 39 50
33 42 49
33 43 49
32 45 50
31 46 51
31 48 50
30 47 49
32 48 48
32 46 48
30 45 47
30 46 47
30 46 47
32 49 47
29 50 46
30 49 46
31 49 46
31 50 43
29 47 45
29 46 46
29 49 47
27 47 46
26 43 47
26 44 48
25 42 49
25 39 45
25 43 44
29 42 43
32 45 45
31 49 45
26 54 44
25 55 46
26 53 47
25 48 44
25 50 44
24 55 39
24 49 38
24 56 34
22 52 41
25 51 41
25 52 40
27 50 40
25 49 39
24 51 40
24 50 40
24 49 43
25 48 43
24 49 42
24 49 42
23 49 44
24 48 43
24 48 44
24 50 43
25 49 44
25 48 44
24 48 44
24 48 44
25 47 42
23 49 43
25 47 44
25 48 44
24 48 43
24 47 44
24 48 44
23 48 43
26 47 44
24 47 43
24 47 44
24 48 43
24 47 43
24 49 44
