34 33 46
34 46 48
32 47 49
34 45 49
34 46 48
34 45 48
35 45 47
34 46 49
33 45 47
35 46 49
34 45 49
33 46 47
34 45 49
35 46 47
34 46 49
34 47 49
36 49 49
34 47 48
35 46 48
35 47 47
36 47 46
36 46 47
35 47 47
35 46 46
34 47 46
35 49 45
36 49 46
35 48 46
35 50 45
36 50 45
35 50 44
36 51 44
36 52 43
36 50 41
35 50 43
34 52 41
34 50 41
35 50 41
34 51 43
34 50 44
34 49 44
33 52 44
33 51 42
33 50 43
35 50 43
34 51 43
34 51 43
34 51 43
33 51 44
33 50 44
35 50 44
36 52 45
38 52 49
36 46 44
36 49 47
38 49 44
40 45 43
42 48 42
41 48 44
38 38 44
38 46 46
41 46 45
41 45 46
37 42 47
40 46 50
41 52 46
39 46 49
42 46 46
40 44 47
39 43 46
40 43 49
41 44 50
42 43 48
40 41 48
39 42 49
39 39 50
40 40 50
40 39 52
38 38 51
36 36 51
38 37 51
36 37 52
36 36 53
37 37 53
36 36 53
36 37 53
35 37 54
35 34 53
34 36 54
33 33 52
32 34 54
32 32 52
32 34 53
33 33 53
31 33 54
32 33 53
31 33 55
31 33 54
32 31 52
31 33 52
30 33 52
32 31 53
31 33 53
30 32 53
31 32 52
31 33 52
28 31 51
29 33 50
31 34 52
33 36 52
29 31 51
34 36 53
33 37 54
34 38 52
34 38 52
35 37 51
35 39 50
38 41 49
37 42 49
40 42 47
42 42 49
41 43 48
40 45 47
40 44 49
42 47 48
43 45 48
42 46 47
41 46 47
41 47 46
41 47 46
40 46 48
41 46 46
42 46 44
41 47 45
43 50 45
42 48 45
43 46 45
41 49 43
41 44 45
41 43 45
39 42 44
39 44 44
40 45 48
40 44 48
37 47 49
35 46 52
31 41 53
31 40 52
30 36 55
31 40 50
31 39 52
32 41 54
31 40 53
30 41 52
30 40 52
30 41 52
30 41 51
31 39 52
30 39 51
30 39 51
30 40 52
30 40 52
30 42 52
29 39 52
31 40 51
31 40 52
29 40 52
30 39 52
30 41 52
30 39 51
30 40 52
31 39 52
31 39 51
30 41 51
31 39 53
30 40 52
30 40 52
30 40 51
31 39 51
31 40 52
30 39 52
30 38 53
31 39 52
31 41 52
30 39 52
30 39 52
32 40 52
31 40 52
31 39 52
30 40 52
31 39 50
29 41 53
31 40 51
30 40 51
30 39 52
30 38 52
30 38 52
30 39 52
31 39 52
30 39 51
30 40 52
30 39 53
31 40 52
29 40 50
29 39 51
29 40 51
30 38 50
27 39 53
28 39 49
27 38 50
28 40 52
28 39 51
28 39 52
27 39 52
28 38 52
27 41 52
28 39 51
28 38 51
30 41 51
30 40 52
28 40 52
29 39 52
30 40 51
29 39 51
29 39 52
28 40 51
27 39 52
29 41 52
29 40 53
29 39 52
29 40 51
29 41 52
28 39 51
30 40 52
30 41 53
31 40 52
30 40 53
31 39 52
32 41 50
32 41 51
32 41 51
33 40 52
32 42 53
33 42 52
31 42 51
33 41 52
33 40 52
33 41 52
32 40 52
32 40 51
33 40 53
33 41 52
32 41 51
33 42 50
33 40 52
33 42 52
33 41 51
33 39 51
33 39 51
34 40 51
33 40 52
33 40 51
33 40 51
33 39 52
33 41 51
33 41 52
32 41 51
33 40 51
33 39 51
32 41 51
31 41 52
32 40 51
32 41 51
32 41 51
33 40 51
31 40 52
33 41 52
31 41 55
30 40 52
30 39 53
29 39 49
29 38 49
29 38 50
30 37 51
28 39 52
