27 30 53
26 31 52
27 32 52
27 33 53
27 31 52
25 32 51
26 31 52
25 32 52
26 32 52
26 32 52
27 31 52
26 31 51
26 31 52
26 33 52
25 31 51
26 31 53
25 31 53
27 32 52
26 32 52
27 33 51
27 34 52
29 34 52
27 34 52
30 37 54
32 38 52
29 41 50
30 40 52
30 41 50
33 41 51
32 43 51
33 43 50
32 45 51
33 43 51
35 44 48
33 45 46
33 46 49
35 46 50
36 48 49
36 46 47
35 46 48
36 48 49
37 47 49
36 48 49
36 47 48
37 47 48
37 45 48
37 43 48
36 44 48
38 45 48
37 44 48
38 44 49
37 43 48
37 43 50
38 43 50
36 41 49
34 41 51
36 41 52
36 41 51
35 40 52
35 40 51
34 39 52
33 40 52
34 38 53
33 37 52
34 35 51
33 38 54
33 36 53
34 35 54
34 37 52
33 36 54
33 35 53
32 35 52
34 36 54
34 35 52
34 35 53
33 34 53
34 35 54
32 35 53
33 36 54
34 36 54
33 33 53
33 33 54
33 35 54
35 34 53
34 32 54
33 33 53
32 31 54
32 32 53
33 30 53
32 33 53
32 32 53
33 30 55
34 30 54
32 31 53
31 31 54
32 27 53
31 30 52
32 30 53
32 30 53
32 29 53
31 29 52
32 30 52
31 30 53
31 28 53
32 29 53
32 28 53
31 29 52
32 28 52
32 30 52
32 27 53
33 28 52
32 29 53
33 28 52
32 29 52
33 29 53
31 27 53
33 30 52
32 29 53
33 28 53
32 28 53
31 29 52
32 28 52
32 29 53
32 28 53
33 28 52
31 29 53
33 30 53
32 28 53
33 26 51
31 27 52
32 27 53
32 28 51
35 31 52
32 33 52
36 34 54
35 34 52
35 35 52
34 36 53
35 35 53
35 37 52
35 38 51
35 39 51
37 40 52
37 42 52
36 43 50
37 45 51
36 44 50
35 45 50
35 46 52
34 44 49
35 44 50
33 44 51
33 45 51
34 43 53
32 40 52
33 42 52
33 41 52
34 41 52
35 36 50
31 37 52
32 39 50
30 37 51
24 35 53
25 29 58
25 31 52
25 32 52
26 32 52
26 30 52
25 31 51
25 32 51
25 32 52
25 32 52
24 31 51
25 31 52
26 31 51
25 32 51
24 32 52
25 32 52
26 31 52
26 33 52
25 31 53
27 32 53
26 31 51
26 32 52
26 32 51
26 32 52
25 32 51
26 32 52
26 31 52
26 32 52
25 32 52
27 31 52
26 31 51
26 31 52
26 31 53
26 32 52
26 31 51
27 31 52
26 31 51
25 31 52
27 32 53
26 31 52
26 32 52
26 31 52
26 31 51
25 32 52
25 31 51
26 32 51
25 31 52
