30 43 49
29 42 50
30 42 50
29 42 50
30 43 51
29 43 50
30 42 51
29 42 49
31 42 51
31 42 50
31 41 50
30 41 51
29 41 50
31 41 51
29 42 52
28 45 52
31 45 50
34 45 48
35 50 50
37 50 48
39 48 47
40 47 46
39 44 45
38 45 45
39 44 44
37 46 45
36 46 45
36 45 47
37 44 48
36 45 47
37 47 47
32 46 51
38 47 44
40 47 47
37 49 46
37 48 49
37 48 48
37 46 50
37 46 49
39 45 50
37 46 48
39 45 48
38 43 48
40 43 46
40 42 48
41 40 48
39 38 48
38 38 49
37 36 50
35 35 52
33 35 53
33 37 50
31 33 52
30 32 54
28 32 53
26 30 53
26 31 52
26 31 51
26 30 52
26 29 52
26 29 51
26 30 50
26 29 51
24 28 52
25 29 51
25 29 52
26 30 51
25 28 51
25 29 52
24 29 51
25 29 51
25 29 51
25 27 50
26 28 51
26 28 50
25 29 52
26 28 50
26 29 51
25 28 52
24 30 51
26 30 51
26 30 51
28 32 52
29 33 52
29 34 53
29 34 52
30 35 53
31 37 53
32 37 54
33 38 53
33 38 53
34 38 53
36 39 53
36 38 52
38 39 50
37 39 50
39 39 50
39 40 50
40 41 49
39 41 48
39 43 49
39 40 48
38 42 51
39 43 50
38 44 48
39 43 49
39 42 48
39 44 48
38 45 49
38 46 49
39 46 49
41 47 50
40 46 48
39 46 47
39 46 46
36 46 50
38 47 48
38 45 49
37 46 47
38 46 47
38 45 47
38 45 48
36 44 47
38 45 48
39 48 50
36 40 48
36 45 49
34 45 47
34 46 49
32 44 48
33 45 44
33 46 45
36 45 44
39 42 48
43 45 48
40 44 51
37 44 52
34 41 55
31 44 56
31 39 53
33 46 49
31 47 50
33 41 49
32 41 49
32 42 50
33 40 50
32 44 50
30 45 50
31 42 50
31 43 50
31 44 49
30 46 49
31 45 50
30 44 50
30 42 50
30 41 50
31 41 51
31 44 51
32 44 51
32 43 50
30 43 50
29 43 50
31 42 50
31 43 49
31 45 49
31 43 50
31 43 48
31 45 49
31 45 49
31 44 50
31 44 50
30 44 50
30 45 50
31 45 48
32 44 50
32 45 49
32 43 49
