32 48 47
32 46 48
33 47 48
34 47 47
33 47 47
34 48 48
33 48 46
33 47 48
34 48 47
33 47 48
33 47 47
33 46 47
32 47 46
32 47 47
33 47 47
33 47 48
33 47 48
32 47 48
33 47 47
34 46 47
33 46 47
33 46 47
33 48 48
32 48 47
33 47 49
32 48 47
33 50 47
36 49 47
36 47 46
39 46 46
39 46 47
39 45 46
39 43 48
39 42 49
41 42 49
41 41 50
40 41 49
41 39 49
40 42 47
42 42 48
41 42 51
40 43 53
39 40 51
39 41 52
37 40 53
35 37 53
36 37 53
33 36 52
32 34 51
31 35 51
31 33 52
29 32 53
30 34 52
29 33 53
28 34 51
27 34 52
26 32 52
27 32 51
25 33 52
25 34 51
24 31 51
24 32 51
24 32 50
23 33 51
22 32 51
24 32 51
24 32 51
24 31 51
24 32 51
24 32 51
23 33 51
22 32 52
23 32 51
23 33 52
25 33 52
25 33 52
26 34 52
27 34 52
28 35 50
30 35 51
33 36 51
33 36 52
36 36 51
36 38 51
38 39 51
36 39 51
40 41 52
40 42 50
41 44 52
44 42 52
41 44 48
41 43 51
42 41 50
40 39 52
40 45 50
41 40 49
41 41 50
42 41 48
40 40 48
39 42 49
41 41 48
41 40 48
42 41 50
42 41 49
41 45 49
38 45 46
38 49 45
37 50 44
35 51 42
34 53 42
36 50 40
34 49 43
35 50 43
35 52 41
36 52 42
35 51 42
36 50 41
34 50 42
36 51 42
36 51 42
34 51 42
36 50 42
34 51 43
36 51 44
35 51 42
36 51 42
35 50 43
35 51 42
36 50 42
34 51 42
35 51 42
35 50 43
35 50 42
35 51 42
35 52 42
35 52 42
