28 49 43
14 28 49
27 50 43
28 49 42
27 50 43
29 50 43
29 50 43
26 49 42
28 51 42
28 49 44
29 49 43
28 51 43
29 50 44
29 53 46
29 53 45
30 47 47
33 57 43
36 55 43
36 51 42
36 49 44
35 48 43
35 42 47
34 40 47
32 43 48
30 41 50
32 42 49
33 46 49
33 45 49
33 45 49
31 46 48
31 45 48
32 47 45
32 45 47
34 47 48
34 50 48
31 50 46
32 46 47
33 50 45
32 50 45
32 49 44
32 52 44
34 52 45
32 52 46
32 53 47
32 50 47
33 49 47
36 48 46
35 45 43
37 45 45
34 44 46
35 43 46
34 43 47
36 44 50
37 43 51
36 43 51
34 44 51
34 42 51
31 40 51
30 41 52
29 40 51
28 41 51
27 40 52
27 40 51
26 38 51
24 36 51
25 36 51
24 36 50
25 37 50
24 37 50
24 37 50
22 36 51
23 36 51
24 36 50
23 35 50
24 35 50
24 37 51
24 36 50
24 35 51
24 35 50
23 34 50
24 34 50
22 35 50
23 33 51
24 34 51
23 34 51
24 34 51
23 34 51
24 35 50
23 34 49
23 33 50
24 34 51
22 33 51
22 34 51
22 33 50
23 33 52
24 35 51
23 33 50
22 33 50
22 33 52
22 32 50
24 33 50
23 32 51
24 32 51
22 32 51
23 31 50
23 33 49
23 31 50
23 32 50
23 33 51
22 32 49
23 33 50
23 33 51
22 35 51
25 34 51
24 34 51
24 36 51
25 37 50
26 38 51
26 39 51
26 40 54
30 38 52
32 41 51
32 42 49
34 44 48
36 42 50
36 43 48
34 43 47
35 44 48
34 46 48
37 47 47
35 49 46
35 48 47
33 47 45
33 48 46
32 47 47
32 47 47
33 48 47
33 51 47
34 48 47
33 48 46
33 47 46
32 48 46
31 49 46
33 47 46
33 46 48
31 48 47
34 51 46
33 49 48
32 48 46
31 50 46
32 50 46
30 49 46
31 46 47
34 46 48
32 47 48
25 45 46
28 44 47
30 44 46
34 45 45
36 43 43
36 44 46
35 49 45
36 53 45
34 51 45
34 61 46
33 54 41
30 49 38
30 56 37
28 55 37
29 49 41
31 54 38
27 51 38
28 52 35
28 51 38
27 54 39
25 53 38
28 51 38
28 51 39
28 52 37
28 51 39
27 53 38
27 51 38
27 51 38
28 52 38
27 51 40
28 52 38
27 53 39
27 52 38
27 51 37
28 51 39
28 51 38
27 53 38
27 52 37
28 52 38
28 52 38
27 51 38
27 52 38
27 52 38
27 52 38
28 52 38
27 52 37
27 52 38
26 52 39
28 52 36
28 51 39
28 52 38
