36 44 48
37 43 49
36 43 49
36 43 48
36 44 49
37 44 49
37 44 49
36 44 49
37 42 50
36 43 49
36 43 49
36 43 49
37 44 50
37 44 49
37 43 49
37 43 50
37 44 50
36 43 49
37 42 49
37 43 49
37 44 49
36 44 48
36 43 49
37 43 49
37 45 49
37 43 49
36 44 50
37 43 49
36 43 49
36 44 49
36 43 49
36 44 50
37 44 49
36 43 49
36 43 50
36 43 49
36 43 49
37 44 51
37 43 49
39 43 51
37 44 50
38 45 50
38 43 52
38 44 52
39 44 51
40 45 51
38 44 48
37 47 47
34 44 46
34 43 47
32 42 45
30 43 46
31 40 48
31 41 50
31 42 51
32 41 52
31 45 51
32 45 48
30 46 52
32 44 52
30 43 50
31 39 51
30 39 50
31 39 52
30 39 52
31 38 53
32 37 52
30 37 52
29 36 53
30 36 52
19 40 63
29 37 53
29 33 49
29 31 52
28 33 52
29 36 54
31 38 53
32 37 54
32 36 54
32 35 53
31 36 51
30 34 51
28 35 51
31 36 51
31 38 48
33 43 45
32 48 45
33 51 45
34 49 51
33 48 52
32 45 50
33 45 48
31 47 48
29 48 44
29 49 46
33 48 44
32 47 44
31 49 44
31 48 47
29 48 47
29 47 47
28 50 49
31 51 50
33 49 46
33 45 48
35 43 47
34 42 45
33 40 47
31 41 48
30 39 48
30 41 49
27 40 50
27 39 51
27 39 51
25 38 51
24 36 51
23 37 50
23 37 51
23 36 51
21 36 50
24 35 50
22 34 49
21 35 49
22 35 50
22 34 50
22 34 50
20 35 50
20 34 49
20 33 49
21 34 50
21 33 50
21 33 50
21 34 49
20 33 49
21 33 50
21 33 49
21 33 50
20 34 49
21 33 49
20 33 49
20 31 50
20 31 49
21 33 49
21 35 49
21 33 49
20 32 48
20 33 50
20 33 49
21 33 49
21 33 50
20 32 49
20 33 49
19 32 49
20 32 49
20 33 49
19 32 50
20 33 49
22 32 50
21 32 50
20 32 49
21 32 49
20 32 49
20 31 49
20 32 49
20 33 49
20 33 49
20 33 50
20 32 50
20 33 49
22 32 48
20 30 49
20 33 49
20 32 49
20 32 49
21 32 49
21 33 49
20 33 49
20 32 49
21 33 49
20 33 48
20 32 49
20 33 49
21 32 49
21 31 50
21 32 49
22 34 49
20 32 49
20 32 49
21 31 50
21 32 49
20 32 48
19 31 49
21 31 49
21 33 49
21 32 48
21 32 50
21 33 48
22 32 50
21 32 49
20 32 49
21 33 49
20 33 49
20 33 49
20 33 49
19 32 49
20 33 49
22 32 49
22 32 49
21 32 49
20 33 49
20 31 50
21 33 50
21 32 49
21 33 50
20 33 50
21 34 49
22 34 49
22 34 49
21 33 49
20 33 49
21 33 50
21 32 50
20 33 49
20 33 49
22 33 49
20 32 49
20 32 48
21 33 50
20 31 49
21 33 49
21 33 48
19 32 49
20 32 49
20 33 49
20 32 49
21 32 49
20 32 50
21 32 48
20 33 49
20 32 49
20 32 49
20 32 49
19 32 49
20 31 49
20 32 50
22 32 50
19 34 50
21 33 49
21 32 49
22 32 50
20 31 50
22 33 51
23 34 52
21 36 51
23 36 52
24 36 51
25 36 52
27 36 52
28 38 50
30 36 51
32 38 49
34 40 49
33 42 48
32 41 49
33 43 48
31 43 48
31 44 49
30 44 49
30 46 48
30 46 48
30 47 49
29 47 48
29 46 49
29 45 48
29 46 47
30 45 47
30 42 44
28 46 47
30 48 46
28 44 48
26 48 46
27 47 45
27 48 45
30 51 43
34 56 41
36 53 39
35 53 37
30 55 36
33 52 39
32 52 37
32 54 39
33 51 41
34 51 42
33 50 44
32 48 44
34 49 45
35 47 44
32 48 45
33 45 46
33 45 47
34 44 49
34 41 50
35 42 50
34 42 51
33 41 48
33 45 47
32 46 47
33 45 46
34 47 47
34 49 49
34 45 50
33 43 51
32 40 54
30 38 54
32 37 52
30 34 50
30 38 53
30 37 54
31 39 53
33 38 53
32 38 53
29 38 53
32 38 54
32 36 53
33 38 52
33 38 51
33 39 44
30 37 54
32 40 52
33 41 51
30 41 51
32 42 51
32 43 52
30 41 50
29 44 49
29 43 48
30 43 47
31 43 48
31 44 47
33 45 44
32 46 44
36 49 43
37 48 44
36 50 46
37 48 46
36 51 46
32 55 46
33 53 44
36 44 47
37 45 48
36 46 48
33 49 46
32 47 47
35 47 48
34 46 47
33 44 48
36 47 48
36 46 47
35 46 47
34 46 46
35 47 47
34 47 46
35 47 47
34 47 47
35 46 48
34 47 48
33 46 47
34 46 47
34 46 47
34 46 47
34 46 48
34 47 48
34 48 47
34 47 48
33 46 47
36 46 46
34 47 46
35 46 47
34 47 48
35 46 48
34 46 46
36 46 47
34 46 46
35 46 48
34 46 47
35 47 47
35 46 48
34 48 47
35 46 47
34 47 47
34 46 46
36 47 47
35 48 47
34 47 46
34 45 47
34 47 47
35 46 47
34 45 47
35 46 46
34 46 47
35 46 47
35 46 47
