33 39 52
33 39 52
32 38 52
33 39 52
32 39 52
34 37 52
32 39 53
33 38 52
33 40 52
33 39 52
32 39 53
33 39 52
32 40 52
34 38 52
32 39 52
33 39 52
32 38 52
33 39 52
33 39 51
33 39 54
32 38 53
32 40 52
33 39 52
32 40 52
32 38 52
32 39 53
33 39 53
32 39 53
33 40 53
33 39 52
33 38 53
31 39 54
33 39 55
34 38 54
39 44 53
40 38 51
41 39 49
39 39 49
37 41 50
36 38 51
35 40 51
37 40 51
36 40 50
38 39 51
39 43 49
38 43 50
39 44 49
39 45 47
39 44 48
40 45 47
41 46 49
40 47 47
41 47 47
41 47 47
40 48 49
40 49 46
39 46 47
41 48 48
41 45 47
40 46 46
41 44 46
41 45 48
42 44 47
41 44 49
42 43 48
41 43 47
41 40 48
41 41 48
41 41 47
40 40 50
38 38 52
37 38 52
35 37 52
34 37 51
32 38 53
32 37 53
31 35 54
28 35 55
29 34 53
29 33 52
28 30 52
29 31 52
28 30 51
27 30 53
27 31 53
27 28 53
27 29 53
26 29 53
26 28 51
27 29 52
26 28 52
26 28 51
26 26 51
26 27 52
25 26 52
26 28 51
25 28 52
27 27 50
27 27 51
26 26 51
25 27 51
26 27 49
26 27 52
25 27 51
26 27 52
26 25 51
26 26 50
26 25 50
25 26 52
24 26 50
26 26 49
26 25 51
25 27 51
25 25 51
26 26 51
26 24 50
26 26 51
27 27 51
25 25 51
25 26 51
26 25 50
27 25 51
26 25 51
25 26 50
26 27 51
25 26 51
26 25 51
27 26 51
25 25 51
27 26 51
26 25 50
26 25 50
25 25 50
26 26 50
25 25 51
27 26 51
25 24 50
26 25 50
26 26 50
27 26 50
26 25 50
26 29 49
25 27 52
27 28 51
28 30 53
28 32 52
29 32 53
28 29 52
30 32 53
32 36 54
33 39 54
35 39 54
37 41 51
39 41 51
39 44 49
41 45 48
41 46 46
42 45 46
41 47 46
41 45 46
40 46 45
39 46 45
41 46 43
42 47 45
42 51 54
42 49 43
40 47 46
41 46 44
41 46 46
39 47 46
41 48 48
39 46 47
40 45 46
42 44 46
41 45 45
44 42 46
44 43 41
41 40 48
42 43 45
38 43 43
39 37 48
35 45 52
34 37 53
31 39 54
29 27 45
26 47 38
30 28 53
33 38 53
33 37 52
32 37 53
34 38 52
33 38 53
32 38 52
32 39 53
33 37 53
33 38 53
34 39 53
34 40 51
33 39 53
33 36 52
34 40 53
34 39 51
35 39 52
34 39 53
34 38 52
34 37 53
32 39 53
33 39 51
34 39 51
33 39 52
34 38 51
33 40 52
34 39 51
33 38 52
34 39 53
34 38 52
34 38 52
33 38 52
34 38 52
34 39 52
34 39 52
34 39 53
33 41 52
34 39 52
33 39 52
34 40 52
33 39 52
34 39 52
34 39 51
33 39 52
33 39 52
33 38 52
34 40 52
33 38 52
34 39 51
34 39 52
35 38 52
34 39 52
34 39 52
34 40 52
34 40 51
33 39 52
