36 45 50
35 43 50
35 42 49
36 43 50
34 45 49
33 44 49
34 45 49
34 43 48
35 43 50
35 44 49
35 43 50
35 44 49
34 44 49
33 46 50
37 46 52
37 46 52
42 45 49
42 45 47
40 43 46
36 45 47
36 43 46
37 43 47
35 43 48
35 44 48
36 42 49
39 45 49
39 43 48
36 44 50
37 44 49
37 45 48
37 46 50
37 46 50
37 45 50
37 43 50
37 40 48
39 38 50
36 42 52
38 40 53
36 38 50
36 36 52
33 34 53
30 35 52
29 32 53
29 37 52
27 30 53
28 31 52
28 31 51
28 25 52
28 30 51
27 26 50
28 24 52
27 26 50
26 23 51
27 26 51
27 22 51
28 25 51
27 24 50
27 23 50
26 25 50
28 22 50
27 23 50
26 22 51
27 24 50
27 23 50
26 24 49
28 23 49
27 25 49
28 22 50
26 23 49
27 20 49
26 21 50
27 20 48
27 21 48
27 20 48
27 21 48
26 21 48
27 20 47
27 20 48
26 20 48
28 20 48
28 20 48
27 19 47
27 20 47
26 20 47
26 20 47
27 20 48
27 20 48
27 21 47
27 22 48
27 23 51
27 22 48
27 22 49
26 21 46
26 22 51
27 29 53
27 31 53
26 26 52
28 28 53
28 27 51
29 28 51
31 29 52
32 30 53
33 31 52
33 36 52
34 37 52
35 39 52
36 41 50
37 40 50
37 43 49
38 44 48
37 45 48
38 45 47
38 45 47
38 45 49
37 45 47
37 47 48
37 45 48
39 45 47
38 48 46
37 46 45
36 47 47
38 47 48
37 47 47
37 46 46
35 47 44
36 44 47
35 44 46
37 46 46
40 42 47
42 43 48
42 46 48
35 42 44
36 50 60
35 45 47
34 45 47
31 47 51
29 45 46
32 40 50
35 42 50
35 45 50
36 45 49
36 44 50
35 44 49
34 43 49
35 43 50
36 42 50
35 45 49
36 43 49
35 44 50
35 43 50
35 42 50
35 43 50
34 42 49
33 43 51
36 43 50
35 43 50
36 43 50
36 43 49
36 44 50
35 44 50
36 43 50
34 42 50
35 43 49
35 43 50
35 44 49
35 44 50
35 43 51
35 43 50
36 43 51
35 43 50
36 43 50
35 42 50
35 42 50
35 43 50
35 43 50
34 44 49
34 43 50
34 44 50
34 44 51
35 43 50
