34 31 53
34 32 52
33 32 54
33 31 53
32 31 53
34 30 53
33 30 53
33 32 54
34 32 53
33 32 54
35 32 53
32 31 53
34 31 54
33 31 53
34 32 52
33 31 53
33 32 53
33 31 53
32 32 53
32 32 53
33 30 54
34 31 53
33 31 54
34 32 53
34 30 52
34 31 53
33 31 53
34 31 53
33 30 54
33 31 54
33 31 54
33 31 54
32 32 53
35 30 54
33 31 54
33 31 54
33 32 53
33 31 54
33 33 54
32 31 54
33 31 54
30 30 54
30 31 55
30 31 54
35 35 55
36 34 52
37 37 51
33 38 52
32 36 53
32 31 53
30 34 53
32 35 52
31 34 52
32 34 53
33 35 53
33 35 54
32 35 52
31 34 53
31 35 52
32 34 54
32 35 53
32 35 54
32 35 53
31 39 52
30 38 54
32 37 53
32 37 51
33 39 52
31 43 52
32 42 50
31 35 51
29 37 52
31 40 53
29 36 51
31 41 50
31 37 54
32 39 51
32 38 51
33 37 53
32 40 53
33 40 52
32 39 52
32 39 51
33 40 51
32 39 52
31 37 52
31 40 51
32 39 52
33 40 52
32 40 53
32 42 52
33 39 53
34 40 53
33 40 52
33 39 52
33 39 52
33 39 52
33 39 52
34 39 52
33 39 52
34 38 52
32 38 51
32 39 51
34 39 53
33 38 51
34 38 53
33 41 53
34 39 52
33 38 52
33 38 52
32 37 52
32 39 51
32 39 54
32 39 53
32 38 52
33 39 52
32 38 53
32 36 52
32 36 53
33 36 53
32 37 54
31 36 52
31 36 52
32 37 53
32 37 54
32 35 52
32 35 52
31 36 53
32 36 53
33 34 53
32 35 53
32 34 52
32 36 53
32 34 52
33 36 53
33 36 53
32 35 52
32 35 54
32 34 52
31 35 52
32 35 53
32 36 52
31 35 52
33 36 53
32 35 52
32 36 52
31 38 52
32 38 53
35 38 52
35 40 53
36 38 52
34 40 52
34 40 50
35 39 51
34 40 51
35 39 51
35 41 52
35 39 52
34 42 52
35 39 53
35 41 53
35 41 49
34 40 52
33 39 51
34 39 51
32 39 51
32 42 49
33 40 53
31 39 52
32 39 54
32 38 53
32 39 53
32 35 53
32 36 53
31 36 52
31 38 54
31 35 52
31 34 52
30 33 52
30 30 53
31 29 54
31 28 53
32 29 51
32 28 52
32 26 53
29 27 53
30 26 51
31 25 52
30 27 51
30 26 52
30 27 53
31 27 51
31 25 51
31 26 52
30 25 53
30 24 52
30 26 51
30 25 49
32 25 53
34 28 55
33 31 54
35 27 53
32 31 53
33 31 54
34 32 54
34 31 53
33 32 52
33 30 53
33 30 53
32 31 52
32 31 54
33 31 53
33 31 54
32 32 53
33 30 53
32 31 53
33 31 52
32 32 53
32 32 52
32 31 53
32 31 53
33 31 53
32 32 53
32 31 53
33 32 54
33 31 53
33 32 53
32 32 54
34 31 53
33 32 53
33 31 54
33 30 54
33 32 53
33 31 53
32 32 53
33 32 54
32 32 53
33 32 52
