22 53 39
23 53 39
25 52 41
27 52 42
30 48 44
32 47 47
36 45 47
38 44 48
42 43 48
43 41 46
41 39 46
41 43 49
42 44 49
41 45 48
39 44 47
42 44 48
38 43 47
37 42 45
35 40 48
34 39 51
34 39 50
30 38 51
35 38 52
34 42 50
33 41 52
30 44 49
31 41 51
32 40 53
35 39 51
32 43 49
34 38 52
33 40 53
33 36 54
32 37 52
32 39 51
34 30 52
34 37 52
36 39 53
36 33 50
38 32 51
35 33 50
37 39 50
37 40 54
37 37 52
34 37 50
33 36 52
35 38 47
31 46 46
31 50 48
33 49 51
34 48 53
35 43 51
32 44 46
32 44 49
31 45 48
29 45 49
28 45 50
28 45 49
27 49 54
29 50 56
29 49 51
32 45 48
34 43 48
38 39 48
39 37 48
38 36 47
38 35 45
39 34 50
38 35 51
38 35 50
39 34 52
36 33 54
33 34 54
32 33 53
29 34 54
30 34 53
29 33 54
29 32 53
28 34 53
28 34 53
27 33 52
26 34 52
26 32 52
26 33 51
26 33 52
25 32 53
24 30 52
26 31 52
25 31 51
25 30 53
24 31 52
26 31 50
25 31 51
23 29 50
26 29 51
24 30 49
24 29 51
24 28 51
24 28 50
25 28 50
24 29 51
25 29 50
24 30 50
25 29 51
25 28 51
26 29 51
25 29 51
25 29 51
25 28 50
25 29 51
26 28 50
26 27 51
24 28 51
25 29 51
24 28 52
25 29 51
26 27 51
26 29 51
24 28 50
25 29 51
25 29 50
25 28 50
24 28 51
24 28 52
23 28 51
26 29 51
25 28 51
26 28 51
25 28 52
24 28 51
24 29 51
26 29 51
24 29 50
25 28 51
24 28 51
23 29 50
24 28 51
24 29 51
25 28 51
25 29 51
25 28 51
24 28 51
24 27 51
24 28 50
25 27 51
25 28 51
24 29 50
24 28 52
25 28 51
24 28 51
25 28 52
24 28 52
25 28 51
26 28 50
24 28 50
24 27 50
24 27 51
26 28 51
24 28 51
25 28 51
24 28 50
25 28 51
24 27 50
24 30 51
25 27 51
24 28 51
24 29 51
24 27 51
25 28 50
25 29 53
25 29 51
25 30 51
27 30 51
27 30 52
27 31 54
28 32 54
32 34 55
35 36 53
35 38 52
35 38 52
35 38 48
38 35 49
40 36 49
40 41 48
40 39 48
40 42 49
38 42 48
36 42 49
35 42 51
33 42 50
33 43 50
32 42 52
30 43 50
31 42 51
30 42 52
31 42 50
31 40 50
31 42 49
30 44 50
30 47 50
31 44 50
30 39 49
27 42 49
28 43 50
29 44 49
34 44 49
35 48 50
36 49 48
36 49 43
33 50 41
32 51 40
32 49 42
31 50 41
31 51 41
32 52 42
33 50 40
32 49 36
33 51 42
34 52 41
33 54 41
34 51 40
34 52 43
34 50 42
35 49 42
34 50 43
35 49 44
35 52 47
36 45 47
36 43 48
37 40 48
36 43 49
37 41 52
36 45 51
37 41 49
35 43 51
37 42 50
34 42 48
37 39 47
38 41 49
34 47 50
34 44 50
34 42 51
36 38 51
35 41 51
36 38 52
36 34 53
34 38 53
37 33 54
35 34 55
36 33 53
33 34 52
32 32 51
30 37 57
34 35 50
33 35 54
30 37 53
28 32 55
25 34 53
28 37 51
33 38 49
36 36 46
38 38 46
42 36 45
41 36 46
42 38 50
43 40 51
38 48 50
38 50 51
41 49 48
37 47 44
35 56 47
36 49 46
35 49 45
36 47 43
34 48 45
35 47 44
35 51 44
35 50 44
34 50 42
35 50 44
35 51 44
35 50 44
35 49 43
35 48 43
36 49 44
