13 39 34
15 38 34
13 38 34
13 38 35
12 39 33
15 37 34
12 39 34
11 40 34
13 37 35
13 38 35
12 38 35
12 38 34
12 38 35
13 38 34
12 40 34
13 39 36
9 39 35
3 39 33
4 39 34
11 36 36
13 35 35
15 35 35
19 33 35
19 35 36
17 37 35
15 36 35
16 39 38
13 39 38
3 39 37
4 42 38
8 42 36
12 38 36
18 37 36
17 37 34
19 36 34
15 38 33
13 38 33
13 39 34
11 38 34
6 38 35
0 38 35
9 34 35
12 32 33
17 34 34
22 34 34
20 33 35
17 38 35
14 39 36
15 39 37
10 39 37
0 41 36
5 41 36
12 39 35
14 37 34
20 37 34
20 32 32
16 39 33
12 37 32
10 38 32
11 38 33
6 36 33
2 37 32
9 36 34
14 34 35
16 35 34
18 37 35
23 36 35
21 35 35
17 36 36
11 38 36
10 37 37
6 38 36
2 40 37
9 40 35
12 37 34
17 36 34
19 36 33
18 36 33
14 37 33
11 38 32
8 39 33
3 38 33
2 36 34
12 34 35
14 33 34
19 36 35
20 37 35
16 38 35
15 38 37
13 38 37
12 41 38
6 38 38
1 42 37
10 40 35
12 37 34
14 30 31
19 37 33
20 35 32
15 36 31
12 37 32
8 39 33
4 37 33
3 37 33
12 36 36
14 33 34
18 36 34
21 34 36
23 36 35
16 39 36
12 39 37
12 38 39
10 39 38
0 40 37
10 38 37
12 36 34
16 36 33
18 37 33
19 37 33
16 36 33
13 38 33
9 37 33
4 37 34
2 35 36
8 35 35
12 32 35
17 33 36
20 34 35
22 34 36
17 37 36
15 37 37
12 38 38
11 38 39
1 38 36
2 40 36
9 37 35
13 37 34
17 37 33
22 36 33
18 36 32
14 38 32
13 38 33
14 38 35
11 36 34
3 37 34
15 37 39
20 32 35
12 35 37
12 38 37
17 37 38
14 35 37
13 40 38
14 39 38
14 39 38
