37 47 50
38 44 46
40 44 45
39 39 45
36 39 42
30 44 46
20 47 50
18 43 45
9 45 46
8 42 44
3 43 40
2 40 38
12 38 34
11 35 31
14 34 30
14 35 30
13 37 31
16 36 33
13 36 32
10 38 31
4 36 29
1 38 29
18 35 34
11 34 32
16 34 35
17 35 37
17 35 37
16 34 36
15 35 35
14 37 36
8 35 36
1 38 35
5 38 35
13 40 35
11 36 32
14 36 31
17 37 32
16 37 33
17 37 33
13 39 33
9 38 33
3 35 32
1 35 29
16 32 30
13 32 33
14 35 35
17 37 37
18 39 34
17 35 37
19 38 36
14 38 34
8 35 29
7 37 39
2 36 30
12 37 31
14 36 33
14 35 30
14 37 32
16 36 32
16 36 32
13 36 32
8 37 31
4 36 30
1 34 29
14 33 32
13 35 31
15 35 32
18 35 33
18 36 33
16 37 35
13 36 34
12 33 35
9 31 39
1 34 38
5 35 36
13 34 32
13 36 31
14 34 32
16 35 31
15 36 33
15 36 32
15 36 34
13 36 33
8 37 34
1 36 33
2 34 32
18 32 33
12 33 32
14 34 33
17 35 35
16 35 35
14 36 36
16 37 36
15 35 36
14 34 37
12 34 38
7 35 37
3 36 34
3 38 36
14 35 33
12 36 31
12 37 30
15 37 31
17 35 32
17 37 31
15 37 32
10 37 32
7 35 31
0 39 31
6 35 30
18 33 31
14 32 30
16 33 33
17 35 35
18 38 36
17 36 37
17 38 38
12 37 37
12 34 37
9 35 38
6 36 38
2 37 36
8 38 34
12 37 32
11 37 30
10 39 32
8 44 32
14 45 32
22 43 36
25 46 39
27 49 40
30 49 44
33 47 44
38 40 44
40 37 43
37 35 48
35 35 51
39 37 56
39 34 51
41 34 51
41 32 52
41 34 52
40 35 53
41 34 51
40 34 54
41 33 51
42 32 51
