13 37 37
13 36 36
13 36 36
8 37 36
11 36 36
16 35 34
16 35 35
13 36 36
10 41 38
11 39 38
2 42 37
3 41 37
12 41 35
16 38 34
17 37 34
18 36 34
19 38 34
16 38 33
15 38 33
12 38 35
8 41 36
1 39 36
9 38 36
11 37 37
14 36 35
19 36 36
21 37 37
18 37 36
16 37 37
13 37 38
9 36 37
0 39 35
11 36 35
14 38 36
14 37 34
14 38 33
17 36 34
17 36 33
17 39 34
13 38 34
9 38 35
3 37 34
4 38 37
14 36 38
15 34 38
17 37 37
20 35 37
20 36 36
15 37 36
15 37 37
13 37 38
11 38 38
1 39 37
9 39 38
11 39 36
14 37 34
18 38 35
17 37 35
17 36 34
15 37 35
10 38 35
9 39 37
2 37 34
4 37 35
14 38 37
14 35 36
17 37 37
19 37 37
20 37 36
15 36 36
15 38 38
14 37 38
7 39 37
2 40 35
10 39 35
11 36 35
14 39 34
18 37 33
18 36 34
18 38 34
12 37 34
4 38 34
1 36 33
12 37 36
14 34 36
15 37 37
17 35 37
18 37 36
18 36 36
15 37 36
13 38 37
12 38 38
2 40 37
7 39 37
13 38 35
13 38 33
17 38 33
17 38 34
19 38 34
17 38 34
11 40 34
10 40 35
6 39 36
4 39 35
13 38 36
12 37 36
14 36 37
19 35 37
19 37 36
17 37 37
16 38 37
15 38 37
11 38 38
6 39 36
1 41 37
13 39 35
15 40 35
16 36 34
17 37 34
17 39 34
16 39 34
14 38 34
10 39 34
9 39 35
3 39 36
11 38 36
12 37 37
15 35 36
17 37 36
18 35 37
18 37 37
16 39 37
14 38 37
10 38 37
8 39 37
4 38 34
12 38 34
12 37 31
14 37 32
18 37 33
17 38 32
17 38 33
14 38 34
11 38 33
7 40 34
1 41 32
10 38 34
12 36 35
18 35 35
21 37 35
20 36 37
14 38 35
12 37 36
15 38 36
16 37 37
16 38 38
11 38 37
2 39 36
14 38 37
18 37 35
11 40 34
9 39 32
14 37 33
15 36 32
14 39 34
13 38 34
12 38 35
7 37 34
8 39 35
17 36 37
15 35 36
10 38 36
14 37 38
14 36 39
15 36 39
12 37 38
14 37 39
12 38 38
12 39 38
13 41 38
15 38 38
12 39 36
11 39 36
13 39 36
14 38 36
13 38 38
14 40 39
14 39 39
14 38 38
13 37 38
