15 37 37
13 38 37
8 37 36
6 37 37
5 38 37
9 36 36
11 36 34
11 37 32
14 35 32
15 36 32
15 35 33
12 35 32
10 36 33
7 34 34
2 35 32
11 31 34
12 32 36
13 33 35
15 33 35
18 33 35
18 34 35
14 35 35
14 34 36
11 35 37
7 36 37
3 35 35
1 37 38
12 36 37
10 36 34
11 34 33
13 35 34
14 35 32
16 36 31
15 39 32
15 36 33
8 38 34
4 34 35
2 38 34
14 28 36
12 30 32
15 31 34
18 36 37
18 37 38
13 35 36
14 36 40
11 35 39
9 33 37
7 35 35
8 36 36
8 37 34
11 35 33
13 35 33
14 34 33
15 34 34
16 35 34
15 36 34
11 36 34
8 36 35
0 35 34
6 33 33
20 34 35
13 33 33
15 33 36
19 37 34
18 34 38
17 33 38
13 33 36
11 35 37
8 36 36
3 35 34
7 38 35
8 36 33
13 34 35
15 35 34
16 37 33
15 36 34
13 36 34
13 34 33
6 35 33
6 37 33
3 36 32
14 33 33
13 30 32
15 30 34
18 35 33
16 35 36
15 35 34
12 36 33
11 35 37
7 36 35
8 36 36
7 37 38
11 33 34
16 35 35
17 36 35
16 35 34
15 34 34
12 35 34
9 35 34
6 34 33
2 35 32
12 32 32
12 31 33
12 35 33
16 35 35
18 36 33
18 36 35
16 36 35
12 35 37
14 36 37
11 37 38
7 37 37
3 38 37
12 37 38
11 36 34
14 34 33
14 35 34
14 36 31
14 36 31
14 36 32
13 37 33
10 36 33
7 35 35
0 34 33
6 33 35
14 34 35
13 34 34
16 36 35
18 36 34
19 36 34
16 35 35
13 34 37
12 34 36
13 34 37
9 35 36
