4 53 33
4 53 33
35 37 50
36 39 50
37 36 45
37 40 44
35 37 39
27 50 47
22 46 44
14 49 50
15 44 47
9 44 44
2 41 42
9 42 42
12 38 36
10 39 33
13 34 30
16 38 32
15 37 32
16 37 33
11 37 31
4 35 32
0 36 32
12 35 33
12 33 36
15 35 35
13 37 34
19 37 35
17 37 35
15 37 35
11 34 38
9 36 36
1 38 35
11 35 34
9 36 32
13 34 34
15 34 32
16 36 31
16 35 31
13 36 34
10 35 32
7 34 32
0 35 33
13 32 32
13 33 35
16 33 35
16 35 37
17 37 37
15 35 37
13 35 37
9 36 37
9 35 35
1 39 36
13 32 40
9 35 34
12 32 33
13 34 33
16 33 33
15 33 34
13 34 34
8 33 32
3 32 34
3 33 32
15 32 33
12 33 34
15 32 36
15 35 35
18 33 36
16 34 36
13 36 37
13 35 38
10 34 36
3 40 37
7 36 41
10 36 34
11 34 32
14 35 32
13 35 30
14 34 29
16 37 31
14 39 35
6 36 32
4 36 33
13 35 31
10 33 31
13 34 33
15 36 34
17 35 34
16 35 35
13 38 35
10 37 36
10 39 36
2 40 34
11 37 33
12 37 31
15 35 32
16 35 32
15 35 32
14 37 32
11 38 32
8 37 32
4 38 31
0 37 31
13 36 32
13 36 32
20 36 33
21 38 35
18 39 35
13 39 35
11 39 38
11 38 36
9 37 36
5 39 36
11 39 36
10 39 35
12 37 33
16 36 33
16 36 32
14 35 31
12 36 32
9 35 31
7 36 32
1 37 33
14 36 33
10 35 36
16 35 34
18 38 36
18 36 35
16 36 33
9 37 35
9 36 35
8 37 34
4 36 37
10 39 36
11 33 32
11 34 31
15 36 32
16 36 32
15 36 32
14 35 32
9 36 32
8 36 33
4 35 33
12 34 32
16 35 36
9 33 33
13 35 37
14 38 37
20 34 37
18 34 35
13 36 37
9 33 37
7 37 37
6 40 35
10 39 34
10 35 32
12 36 31
15 37 31
16 38 29
15 37 30
15 37 31
12 37 33
7 38 34
1 35 32
3 34 28
15 35 33
13 34 33
17 36 34
19 36 34
19 37 36
15 38 38
13 36 37
11 36 36
10 36 35
7 38 35
5 39 34
12 35 35
14 34 31
15 35 31
16 36 30
14 35 31
15 37 32
12 37 32
12 36 33
10 37 33
7 38 32
1 37 30
5 34 29
17 33 34
11 31 31
13 32 32
14 31 34
13 41 35
13 41 36
13 43 37
14 49 39
19 46 39
25 42 42
31 44 43
34 46 45
36 42 43
35 48 45
37 46 44
34 41 47
35 37 51
37 36 53
38 35 53
39 36 52
39 38 52
39 35 52
39 35 52
38 35 53
39 35 52
38 35 52
39 34 53
39 35 52
39 35 52
39 34 51
39 34 52
39 34 51
38 35 52
38 35 52
40 36 53
39 36 50
