55 13 35
13 34 35
12 36 36
14 36 34
11 36 35
11 34 35
13 35 37
8 35 38
13 35 37
13 35 37
13 36 37
12 37 38
10 35 38
12 34 37
11 34 37
6 36 35
13 36 35
12 35 33
11 33 32
13 34 32
15 34 32
13 34 34
14 35 34
11 36 35
9 36 34
4 36 35
11 35 36
16 34 36
13 33 34
12 33 36
14 35 36
14 34 37
14 35 36
12 33 36
12 35 35
11 35 35
8 36 35
9 35 34
11 36 34
13 35 33
15 34 32
16 36 33
14 36 33
12 35 33
11 36 34
11 35 35
8 36 35
5 37 34
9 35 35
15 34 35
15 33 34
13 33 36
14 34 36
16 35 36
14 34 37
14 35 37
12 37 36
12 35 37
7 35 37
6 35 36
10 36 36
12 36 34
13 35 34
16 34 32
16 35 32
16 37 32
12 35 33
10 36 33
10 36 33
6 37 34
8 36 34
8 34 34
14 34 34
13 32 34
13 32 34
13 35 34
14 32 34
13 33 35
12 34 36
10 35 36
9 36 36
11 36 35
8 36 34
14 34 33
12 34 33
14 34 31
15 36 33
14 35 31
13 35 32
13 34 32
12 34 32
13 34 32
10 37 32
8 36 34
5 34 35
14 34 36
13 36 36
12 33 36
14 35 36
14 33 36
14 33 36
12 35 35
14 35 35
11 34 36
12 35 36
7 36 36
14 33 34
13 34 35
12 35 33
13 35 33
15 34 34
12 35 33
14 36 33
13 34 34
13 37 34
10 35 35
8 37 36
3 35 35
12 32 35
14 34 36
14 32 35
14 33 35
14 34 35
14 34 36
14 34 37
15 35 36
12 35 36
11 34 37
5 36 36
12 35 36
12 34 35
13 33 33
15 34 33
14 34 34
14 34 34
14 35 34
14 35 34
15 36 34
13 36 34
13 36 36
6 34 37
8 35 37
16 35 39
12 34 36
10 34 37
12 34 37
14 32 36
12 31 36
14 33 36
13 34 36
7 34 36
