32 38 52
32 37 52
31 39 53
34 38 52
32 39 52
33 37 51
32 37 48
28 35 47
26 38 48
23 37 46
19 35 46
15 33 47
12 34 43
10 34 42
9 38 39
8 40 40
13 38 41
12 37 40
12 35 38
7 40 38
10 37 36
11 37 36
11 35 34
15 36 31
14 36 32
15 38 33
13 37 31
6 35 31
0 36 31
1 34 31
14 33 37
16 32 33
17 34 34
17 34 36
18 35 33
18 34 35
14 35 36
5 37 37
0 35 36
4 37 39
11 37 36
10 36 33
16 31 31
17 34 31
14 37 31
9 36 30
5 36 30
4 36 31
12 36 34
14 35 33
15 36 32
17 37 36
17 39 36
14 39 37
6 35 38
3 35 38
3 36 38
14 36 37
11 36 32
13 33 30
18 37 34
18 35 30
15 36 30
9 35 30
0 36 29
1 37 31
7 38 33
13 36 34
16 35 31
16 39 33
20 37 33
18 39 34
11 38 36
6 37 36
2 36 38
7 35 38
12 36 36
7 33 32
11 34 32
16 36 32
18 35 31
16 35 30
9 37 30
2 38 29
1 39 31
9 39 33
15 37 32
17 38 32
18 38 32
16 37 30
10 38 31
6 36 34
2 39 40
12 37 42
11 36 37
8 33 36
13 33 34
17 36 33
17 34 32
12 35 31
8 36 31
3 36 31
6 36 32
11 37 33
14 37 32
18 38 35
18 38 32
16 37 32
12 37 34
6 37 35
1 38 42
11 34 42
9 34 35
11 34 34
13 36 35
17 35 32
16 34 32
10 35 31
7 36 32
2 37 32
9 36 33
12 36 35
15 36 34
18 38 35
18 38 35
15 38 34
12 37 38
6 37 39
5 36 40
1 36 39
17 34 38
11 35 33
13 32 31
17 37 32
16 36 32
14 35 31
9 36 32
1 35 31
1 37 33
13 36 36
16 34 35
17 34 34
15 37 35
19 37 36
16 37 37
10 38 39
3 35 38
0 35 36
11 37 38
12 39 33
10 37 30
13 35 31
17 35 32
18 36 32
14 37 32
6 37 32
1 36 33
3 36 34
13 36 35
15 38 34
18 36 36
18 39 36
19 38 37
13 38 38
4 36 38
0 36 38
4 36 38
14 36 35
11 36 31
16 34 30
19 35 32
16 37 31
8 40 31
1 40 36
2 41 38
8 43 43
15 41 45
20 39 44
25 41 45
29 37 45
34 35 42
36 39 46
39 39 52
37 38 56
31 44 60
28 41 51
29 43 51
32 43 47
34 40 44
36 38 48
35 39 48
36 38 49
37 39 51
37 39 51
37 40 53
35 39 52
34 40 54
33 40 51
32 40 51
32 41 53
34 39 51
34 38 51
35 38 52
