36 36 45
37 38 45
37 41 45
35 38 44
31 45 48
21 50 49
19 46 47
14 43 44
6 45 43
0 45 42
9 39 37
12 36 31
11 34 31
13 35 31
16 34 32
16 35 32
14 34 32
8 34 31
0 34 29
4 34 28
20 31 36
12 33 31
15 32 37
17 33 37
18 33 37
15 34 35
15 33 36
8 33 36
3 35 36
6 36 35
11 35 36
12 33 33
15 35 33
17 34 33
16 34 33
16 35 33
10 33 33
5 34 33
0 36 33
10 32 30
15 32 35
14 31 31
16 33 35
16 34 35
17 35 37
13 36 36
11 35 35
10 38 36
1 37 36
9 36 37
12 37 34
12 34 32
12 34 32
18 35 34
17 36 33
13 35 33
9 36 30
2 36 28
4 33 31
19 32 32
13 32 33
17 35 37
16 33 36
17 34 34
16 34 36
13 36 35
10 36 38
4 37 33
10 37 38
12 32 34
11 36 36
11 35 33
14 35 33
16 34 34
17 37 32
16 36 33
8 38 34
2 36 33
0 37 32
16 34 33
13 32 33
15 32 32
15 34 35
17 34 36
18 36 36
16 35 38
12 35 38
8 35 38
3 37 37
13 36 36
11 36 34
14 34 35
14 34 31
15 33 33
16 35 32
13 34 34
4 36 33
3 35 31
12 31 31
13 33 33
13 33 33
16 36 36
18 35 35
20 36 37
17 35 38
15 38 39
13 39 40
7 39 40
1 36 36
5 35 35
5 37 33
8 41 32
17 40 39
23 45 38
25 46 39
30 48 34
30 49 31
28 49 29
29 50 33
34 51 34
28 53 32
18 50 29
22 49 26
25 53 26
29 57 35
25 56 49
24 52 51
23 41 44
25 43 48
32 44 48
36 39 50
34 39 49
34 38 51
33 33 52
35 34 52
37 33 54
38 35 53
37 35 53
39 34 53
38 36 53
38 35 52
40 34 52
41 35 51
40 35 52
39 35 51
40 34 51
41 34 52
40 34 50
40 34 53
40 33 51
41 34 52
