4 40 34
34 38 49
36 42 50
36 38 43
36 44 41
26 41 41
20 39 42
15 54 49
13 43 43
14 40 42
11 41 44
8 41 41
5 42 40
4 44 39
7 38 34
14 34 33
13 31 32
13 36 33
12 37 32
15 38 34
14 37 34
12 36 35
7 39 35
5 37 34
12 36 35
13 35 34
14 33 36
16 37 37
19 36 36
18 38 38
12 39 39
6 35 36
6 34 38
5 38 38
14 37 36
11 38 33
16 35 34
18 36 34
17 37 34
14 38 34
11 37 36
4 34 35
4 35 35
8 35 32
15 34 38
15 35 36
17 33 38
15 34 36
14 38 39
11 40 40
10 41 39
11 41 35
7 40 34
10 36 34
12 37 31
14 36 30
16 37 33
15 36 34
15 36 35
12 38 35
7 36 34
2 33 34
5 36 33
18 36 35
12 38 35
15 36 35
19 37 37
19 36 36
16 35 35
10 37 36
7 36 36
5 32 35
9 44 36
13 35 32
13 38 33
15 35 33
16 36 33
13 35 33
13 39 35
13 36 30
9 35 33
5 36 32
14 30 31
8 32 33
13 31 33
14 37 35
18 37 34
14 37 34
11 37 31
10 40 33
9 38 32
12 39 36
9 37 39
8 38 36
11 34 35
13 35 34
16 36 34
13 35 33
11 37 32
8 36 32
5 35 31
13 33 33
11 35 34
16 35 35
19 35 35
16 36 34
14 36 34
11 36 34
3 37 33
3 38 38
13 38 39
13 37 36
14 34 35
14 36 36
15 35 32
15 36 33
12 36 33
10 34 32
6 35 34
3 36 32
13 33 33
14 33 36
13 32 35
17 36 37
17 37 37
17 37 36
13 38 36
11 37 35
6 36 35
0 37 36
14 32 39
14 36 35
14 37 32
14 39 33
15 37 31
14 37 33
16 38 32
11 36 32
7 36 33
4 35 32
2 36 33
18 35 35
12 33 35
15 32 33
17 33 34
17 35 35
15 36 34
13 38 36
12 37 33
10 31 38
8 39 36
6 41 37
11 37 33
11 34 32
15 35 33
15 37 33
16 36 32
16 35 33
15 37 33
10 37 33
5 36 33
0 32 32
10 35 35
14 32 36
13 34 32
15 35 31
16 35 32
18 36 34
14 36 34
12 36 34
9 29 37
7 34 35
9 39 37
10 37 32
10 33 32
12 35 31
13 36 32
14 35 31
14 37 32
14 36 33
13 38 33
9 36 33
5 36 34
2 37 32
12 34 34
9 35 32
7 37 34
8 38 38
15 37 36
18 39 43
23 39 40
26 42 43
31 42 46
34 39 44
34 43 45
35 40 46
35 38 49
32 37 51
35 37 54
37 36 52
37 36 53
37 35 52
37 35 51
38 36 52
39 34 52
38 37 53
39 34 52
38 36 52
38 35 52
39 37 52
38 35 52
39 36 53
38 35 50
39 35 53
37 35 51
39 34 53
