37 38 48
37 39 47
39 42 49
40 42 47
39 35 44
35 36 48
30 50 50
27 41 46
24 44 45
20 52 45
8 58 41
6 57 41
13 49 37
12 45 32
13 41 31
16 41 31
17 41 32
18 43 32
15 41 31
11 44 32
6 45 29
12 42 31
17 42 38
15 39 34
18 39 36
19 40 35
20 41 37
16 41 35
14 43 35
13 49 35
8 48 36
11 48 35
15 49 35
15 46 34
15 45 33
18 40 30
19 40 32
16 42 32
11 42 30
5 44 30
9 42 31
14 37 34
12 39 33
16 39 35
19 38 36
23 35 36
13 38 36
9 39 35
6 43 36
5 47 35
14 40 36
12 40 34
13 42 33
13 42 34
16 37 32
17 40 32
16 39 33
10 42 30
8 41 31
3 43 28
19 39 34
11 39 32
17 37 32
16 42 33
21 45 37
22 42 34
17 44 33
13 44 33
13 43 31
4 50 29
12 43 34
12 41 31
16 41 30
19 41 29
19 41 29
17 40 30
12 42 31
9 42 30
3 43 28
17 38 30
13 42 33
15 40 34
18 42 37
17 40 36
18 40 33
15 41 34
15 41 33
9 42 35
6 44 32
13 46 39
13 41 30
17 43 33
15 42 32
16 40 32
16 43 33
13 42 32
8 43 31
5 43 32
14 38 31
14 39 34
18 39 34
19 38 35
18 41 35
18 41 35
16 41 34
14 42 35
8 44 34
3 46 35
14 44 36
11 41 34
14 40 33
17 41 33
14 41 32
16 40 31
14 43 31
9 42 31
5 44 32
12 40 32
14 39 34
14 41 34
18 40 35
21 39 35
19 40 35
17 42 34
11 43 34
5 45 32
6 45 38
14 41 36
12 40 35
13 40 33
14 40 32
18 40 32
15 41 33
13 40 31
8 42 32
3 42 33
15 39 33
14 41 34
14 40 34
20 40 35
20 41 34
20 40 36
16 42 33
11 43 34
6 42 35
3 52 41
7 47 32
14 38 30
14 41 30
18 40 31
19 40 31
16 39 32
14 42 33
9 41 32
5 42 32
7 41 29
17 40 35
12 41 33
16 40 34
12 41 35
19 40 34
19 42 35
16 42 34
10 42 35
9 43 33
4 44 34
11 39 35
12 39 31
15 40 29
17 40 29
18 40 29
15 41 30
14 41 30
11 42 30
7 43 30
6 44 31
14 39 32
11 43 33
10 48 32
13 49 33
18 49 36
25 49 42
30 49 39
37 43 40
38 40 40
40 42 42
39 37 45
41 42 50
36 37 50
40 36 52
41 35 52
42 35 51
43 36 50
42 34 51
42 37 49
42 35 49
42 37 52
41 35 49
43 36 51
41 37 49
44 36 53
43 35 51
42 36 49
