40 11 37
37 41 49
39 45 45
39 43 42
36 43 42
33 47 45
28 45 45
25 44 45
20 48 44
18 43 41
13 48 39
10 48 39
9 46 36
5 42 36
5 46 37
9 39 32
11 36 27
15 43 31
17 39 30
18 41 31
18 40 31
12 42 30
8 42 31
7 43 31
7 39 30
18 37 36
12 37 32
15 37 35
17 39 35
18 39 34
16 39 35
14 42 33
10 42 34
2 44 33
8 43 36
12 41 34
11 39 29
14 39 30
18 40 32
18 39 31
17 39 31
13 42 30
10 43 31
3 41 29
12 35 32
13 37 34
13 37 33
19 39 36
18 40 34
18 40 35
15 41 35
9 41 35
8 43 34
7 43 35
14 39 34
11 38 30
13 38 31
13 40 32
15 38 30
16 40 32
16 41 32
12 40 32
5 42 29
6 40 28
18 37 33
13 38 32
19 36 34
17 38 33
16 40 34
16 40 34
15 41 34
9 44 34
7 45 35
11 41 36
11 38 31
12 37 31
16 39 31
16 40 32
17 40 32
14 37 32
12 40 31
11 41 31
4 41 30
10 37 31
14 36 33
14 37 34
16 41 35
17 40 35
18 40 34
15 41 34
13 42 33
5 43 32
4 45 42
14 39 32
12 33 29
16 38 31
16 38 30
17 39 31
14 41 32
11 40 31
7 42 31
4 41 30
13 35 30
15 38 35
15 38 32
22 39 35
17 39 33
17 39 34
14 40 34
12 41 34
8 41 35
6 44 34
14 40 32
12 40 30
16 41 31
17 39 30
16 39 32
14 41 31
9 41 30
6 40 30
5 39 29
16 39 33
12 36 32
18 34 34
18 38 34
18 39 35
16 39 34
13 41 35
9 41 35
7 40 34
4 42 35
16 39 33
11 40 31
16 40 31
16 40 32
16 41 31
18 39 30
12 39 31
5 42 30
5 41 30
12 37 30
16 36 34
14 37 34
20 37 33
17 39 34
19 39 34
14 40 35
10 42 34
9 41 34
4 41 35
11 41 37
13 38 32
12 37 29
16 41 30
18 38 31
17 38 31
13 36 31
10 40 30
6 39 30
5 39 29
16 35 32
13 37 34
13 36 32
18 37 34
19 38 35
17 39 33
14 38 34
10 39 34
7 40 33
3 42 35
14 34 35
12 33 30
12 36 29
16 38 29
14 37 30
16 38 32
15 38 31
14 39 30
10 39 30
8 39 30
4 39 29
11 37 31
16 35 33
11 34 29
16 34 33
13 37 33
15 39 34
13 41 33
8 48 35
10 52 35
17 46 36
26 52 43
31 47 42
37 37 40
40 44 45
41 41 47
39 40 43
39 44 49
38 37 51
41 37 52
41 36 52
42 37 50
42 38 51
42 37 51
41 37 51
41 38 51
39 37 51
41 37 49
41 37 53
42 36 50
42 36 50
40 36 51
