12 38 32
13 38 33
13 37 33
11 37 33
10 38 32
13 37 34
16 38 34
13 36 35
13 37 34
15 37 34
10 40 34
10 38 32
13 39 34
13 40 34
12 38 35
13 38 33
13 38 32
13 38 34
11 38 32
4 38 34
2 37 34
8 36 34
17 33 35
17 35 34
16 38 34
19 38 34
19 33 35
14 40 35
9 43 35
10 41 37
7 42 35
4 41 33
15 39 34
15 39 33
16 39 32
17 38 31
19 39 32
16 39 32
13 39 32
8 38 32
1 38 32
2 39 32
7 36 34
18 34 33
17 35 33
19 36 33
22 37 34
21 37 34
12 38 35
4 41 33
7 41 34
7 42 33
5 39 32
17 39 33
17 41 34
20 37 31
21 37 30
16 38 31
11 38 30
7 39 31
6 39 32
2 36 33
8 38 34
14 35 32
17 36 33
15 36 33
19 38 34
24 39 34
17 38 36
7 38 35
7 38 35
6 42 33
7 40 33
16 39 33
13 40 31
18 38 32
20 38 32
18 36 34
14 35 34
12 37 30
6 40 31
2 39 33
5 39 32
11 35 32
16 34 33
15 36 32
19 37 34
20 36 35
22 37 34
16 40 33
8 41 34
5 42 34
5 42 33
5 41 33
13 40 32
12 37 32
17 38 33
21 36 32
18 34 33
14 35 32
8 37 30
3 35 33
3 34 31
8 34 34
17 32 33
17 36 34
18 33 34
22 36 34
19 36 35
12 37 34
7 38 33
9 37 35
8 41 34
2 39 33
11 39 35
13 39 32
15 37 32
19 36 32
20 37 32
17 36 31
13 36 31
7 36 31
4 36 31
1 38 32
6 37 34
16 35 33
17 36 34
20 37 33
20 38 34
17 35 34
15 36 33
11 36 33
9 37 35
10 37 34
1 37 35
3 39 34
13 37 34
15 39 33
17 37 32
17 34 32
18 36 31
15 36 29
11 35 29
10 37 31
5 35 32
4 35 31
10 34 33
16 32 33
16 34 33
18 36 34
17 36 35
17 37 34
16 37 34
12 37 34
11 38 35
5 38 33
3 38 33
6 39 33
14 37 33
15 36 32
17 36 31
16 36 31
16 35 31
12 36 31
12 36 28
13 35 32
14 36 31
10 35 31
10 39 34
7 40 35
11 37 35
15 35 35
15 35 33
13 35 36
12 36 36
14 36 36
14 35 39
14 39 38
13 40 36
15 37 35
10 38 34
10 36 33
11 38 33
12 39 34
16 36 35
13 35 35
8 32 34
9 35 32
13 37 32
15 36 33
13 37 32
10 38 32
12 39 32
12 38 34
13 37 33
15 38 35
13 38 35
12 38 36
11 37 34
12 39 34
13 37 35
13 37 34
12 36 33
10 37 33
15 40 33
14 35 45
15 41 36
14 42 35
14 41 37
13 40 36
13 40 36
13 42 35
11 41 36
13 40 36
15 38 35
17 41 35
16 41 35
13 42 36
12 43 37
12 40 36
12 38 36
13 38 35
13 39 35
14 39 36
12 39 36
13 40 37
12 39 36
