14 39 34
14 38 34
13 40 33
14 40 34
13 40 34
13 37 35
13 38 33
12 38 34
12 38 34
13 39 35
14 40 35
14 40 34
13 40 34
13 40 35
13 39 33
14 39 34
12 40 33
13 40 34
13 40 35
13 39 34
13 40 34
12 41 34
11 40 34
12 39 35
11 38 35
12 37 35
12 38 35
15 36 36
13 36 35
11 37 36
13 39 37
14 39 37
16 39 37
15 39 38
14 39 38
10 39 37
8 41 37
5 40 37
7 40 37
13 39 36
16 37 34
16 39 33
19 36 33
20 38 33
16 37 33
11 40 33
5 39 34
1 37 33
8 37 37
16 35 35
15 39 36
17 37 36
18 39 35
19 37 36
16 38 37
12 40 35
8 41 36
3 42 35
5 41 35
16 39 34
15 38 34
18 37 32
19 39 33
20 39 33
17 39 32
13 39 32
8 39 31
9 40 33
5 39 34
5 40 35
10 37 34
15 38 34
16 38 34
18 38 35
17 41 35
17 39 34
14 40 35
12 38 35
10 38 34
9 39 35
5 40 34
11 41 33
14 40 32
12 38 33
15 40 32
18 39 33
19 37 33
15 37 32
10 39 30
7 42 32
5 39 33
5 38 33
11 37 31
17 37 33
16 37 33
19 37 33
19 37 33
20 39 35
13 42 35
9 45 31
7 44 32
4 46 29
15 40 34
14 38 32
16 37 30
20 36 31
21 37 30
14 38 31
7 38 31
4 38 32
4 39 33
7 37 34
18 34 33
15 38 33
20 37 35
19 39 33
17 38 33
14 39 34
11 39 34
9 41 34
6 40 33
3 43 32
8 40 32
15 38 33
12 37 34
19 36 31
21 36 31
17 36 31
11 37 32
5 39 32
6 37 32
3 36 32
13 36 33
16 35 33
15 34 35
17 36 35
17 37 34
17 37 35
15 36 37
11 39 35
9 39 36
7 40 34
7 41 34
11 39 35
14 38 33
13 36 32
13 38 31
14 38 32
16 36 33
20 34 30
15 38 32
12 38 34
7 38 33
11 37 35
14 37 35
14 37 35
14 37 36
11 40 38
15 39 38
17 39 38
15 39 37
9 40 37
11 39 34
14 38 35
14 39 32
12 37 33
12 39 33
11 39 34
10 37 35
13 38 33
15 39 34
14 39 33
12 38 34
14 38 35
14 39 33
14 39 35
10 41 36
14 39 36
13 38 36
13 38 36
13 38 36
13 38 35
15 40 34
13 40 34
10 41 35
13 41 32
15 42 32
15 40 34
14 41 33
11 41 33
12 42 34
14 41 34
13 40 34
14 39 34
14 38 33
13 39 33
14 39 33
14 39 34
13 40 34
13 41 34
13 39 34
13 40 34
13 40 33
13 40 34
13 40 34
13 39 34
13 41 34
14 41 33
13 41 33
12 41 33
12 40 33
12 40 33
13 39 33
13 38 33
13 38 33
13 38 32
13 39 34
12 39 34
12 40 34
