30 36 52
32 30 36
32 30 36
32 30 36
31 37 50
32 39 48
34 39 44
31 39 42
31 43 43
26 48 43
17 40 37
0 36 29
0 50 38
10 32 30
8 29 30
15 38 36
15 39 38
15 36 33
13 36 33
8 36 32
1 35 32
0 35 31
9 32 33
18 30 32
16 32 32
18 34 35
20 34 34
19 34 34
14 36 35
6 37 35
0 36 38
8 38 39
10 34 31
11 34 31
16 33 30
16 35 31
15 36 30
9 36 30
5 37 30
3 34 30
14 35 34
15 36 34
16 37 34
16 38 35
17 37 35
10 37 37
3 36 37
3 36 40
3 37 38
15 37 35
11 35 31
16 34 30
19 36 32
17 37 29
10 35 29
1 36 28
2 36 30
10 36 33
16 35 34
16 36 33
19 37 36
21 37 37
16 37 35
8 36 35
5 34 36
1 38 37
10 35 38
10 35 33
12 33 32
16 36 31
19 36 33
15 35 30
12 34 29
3 38 29
1 40 31
9 36 31
11 38 32
14 38 32
16 39 30
18 37 32
16 38 33
9 37 33
6 37 36
3 38 40
11 38 43
10 34 37
10 34 34
16 36 34
19 36 33
15 35 31
11 36 31
5 38 31
1 38 31
8 38 32
14 37 31
17 37 32
17 40 31
16 38 30
14 38 33
7 38 34
4 39 36
5 38 40
14 37 38
10 34 34
10 34 31
13 37 34
13 36 33
10 36 31
3 35 30
4 37 30
5 37 31
11 37 31
13 37 32
17 37 34
18 37 34
16 39 33
11 37 34
6 38 36
2 38 38
11 38 40
11 36 33
12 33 32
15 36 31
17 35 31
14 35 30
8 35 29
2 35 30
2 35 31
13 35 34
14 35 34
16 35 35
18 37 36
19 38 36
16 35 39
11 36 40
5 35 39
0 35 37
4 34 36
15 36 35
12 37 31
16 37 33
18 37 33
18 38 33
8 42 35
0 45 39
3 49 43
14 47 47
22 43 47
29 37 43
31 36 42
33 37 41
33 38 41
34 44 49
35 48 57
37 45 58
31 50 59
29 43 48
32 41 44
31 41 44
31 38 44
32 37 44
33 38 46
34 42 50
33 44 58
33 44 60
32 47 59
29 47 55
29 40 50
32 40 49
31 36 48
34 37 46
32 36 45
32 36 50
35 38 54
34 40 59
30 44 61
31 43 55
32 42 49
32 39 47
32 42 47
32 40 47
33 39 48
33 38 51
34 39 51
36 39 50
33 41 52
31 40 52
30 37 53
30 39 54
