13 37 36
13 38 35
13 38 36
14 39 36
13 37 35
13 38 35
12 39 35
12 38 36
13 38 37
13 40 36
11 39 37
14 35 37
13 37 37
13 37 35
14 36 37
11 38 36
10 39 36
9 39 35
13 39 34
12 37 34
14 40 34
11 39 35
13 42 40
12 46 41
14 46 41
14 42 37
17 43 35
17 32 33
16 36 40
12 36 37
8 38 36
5 39 37
12 42 38
15 41 36
13 41 36
10 40 36
8 39 34
9 37 32
16 35 33
15 36 30
16 36 33
13 39 33
15 42 38
17 40 38
16 43 38
11 41 37
5 40 34
5 37 34
7 40 33
16 39 33
18 38 34
15 37 34
14 39 34
13 40 35
14 39 35
14 38 37
15 38 37
14 37 37
8 37 37
5 36 36
6 36 33
12 34 31
16 33 30
14 33 28
14 33 30
15 39 36
12 38 35
10 43 40
14 39 37
14 41 35
10 41 35
8 40 32
5 45 32
9 35 30
17 34 30
15 38 33
12 37 36
10 34 33
13 39 35
10 49 33
11 45 33
8 48 30
11 37 33
14 36 33
10 41 31
10 33 31
14 34 30
15 36 32
15 35 31
12 40 34
12 40 35
14 41 33
13 40 33
13 41 33
9 39 32
2 34 28
3 35 31
9 34 32
15 32 33
17 32 31
13 33 30
13 35 32
14 41 35
14 38 35
12 40 36
13 38 34
11 39 35
8 39 34
9 37 33
7 33 30
10 35 31
16 32 31
13 32 31
13 32 32
15 36 32
12 38 33
14 37 32
13 37 34
13 35 33
14 36 34
9 35 29
5 36 30
4 35 29
7 36 29
14 34 29
17 31 29
16 31 29
14 32 30
12 33 31
11 33 31
13 33 32
15 33 32
15 35 33
14 35 33
14 37 33
11 35 32
6 34 32
6 32 30
13 32 30
11 31 30
13 31 30
13 31 30
13 33 29
13 38 30
13 36 32
12 37 32
15 37 33
13 36 32
12 39 33
6 37 33
12 39 36
16 36 38
14 35 33
12 36 36
13 33 37
13 35 36
12 34 37
13 34 36
13 34 36
12 35 35
13 34 36
13 35 35
13 36 36
14 36 36
11 37 35
12 36 35
10 39 36
11 35 35
12 37 35
12 38 36
12 38 36
13 38 36
13 37 36
12 38 36
14 36 37
13 38 35
13 38 37
12 37 38
13 39 37
13 37 37
14 39 37
12 37 38
12 37 39
13 37 38
13 37 38
12 37 38
13 37 37
12 39 37
13 38 37
14 38 36
13 39 35
13 38 36
14 39 36
14 40 35
13 40 35
12 42 39
12 38 37
15 40 36
14 38 36
12 39 37
13 39 36
13 39 36
14 41 36
14 40 35
