16 39 35
15 37 35
12 36 35
9 37 35
5 37 34
6 41 37
12 41 37
11 36 34
13 37 35
15 37 34
14 36 35
15 37 32
13 38 33
11 38 33
7 36 33
2 39 33
12 36 33
13 36 34
12 34 33
18 36 35
19 37 35
18 36 35
15 36 34
12 39 38
10 36 36
6 38 36
3 37 35
9 39 36
10 37 33
11 37 33
14 35 33
14 36 33
15 38 32
14 37 33
14 36 31
13 38 32
8 39 32
1 39 33
11 35 34
14 35 34
14 35 34
17 36 34
18 37 35
16 35 34
13 37 34
12 39 35
8 36 36
3 35 39
5 43 36
13 35 33
9 35 31
14 37 32
16 37 32
17 37 33
16 36 32
14 37 32
13 39 33
9 38 33
3 37 32
6 34 32
19 34 37
10 35 34
11 35 34
15 38 36
18 35 34
15 36 35
13 37 34
11 37 35
5 33 37
0 32 36
11 34 34
12 35 32
12 36 33
17 38 33
16 37 32
14 37 32
16 39 33
12 37 33
10 36 32
6 36 34
1 37 32
11 33 34
14 34 36
10 31 31
17 34 36
18 36 35
18 36 35
16 36 34
13 37 35
14 37 35
12 33 38
7 36 37
4 40 35
4 38 34
14 37 33
11 37 32
14 35 33
16 37 32
16 36 32
16 38 31
15 38 32
13 38 32
11 38 34
8 36 32
6 37 32
1 37 30
14 35 33
16 31 32
10 32 32
16 33 32
17 34 34
16 34 33
16 33 33
12 35 34
11 36 35
13 35 35
10 37 36
8 36 36
10 41 36
6 46 37
8 48 38
15 46 41
23 43 42
28 44 42
31 46 38
33 53 36
37 47 38
39 44 39
38 42 46
36 37 49
36 40 54
37 38 52
38 39 53
38 39 53
38 38 51
