31 40 51
31 38 49
31 39 48
30 39 47
29 40 45
24 43 44
19 44 42
17 50 43
10 46 41
10 43 40
11 40 39
10 37 36
11 38 36
13 37 37
12 38 38
11 37 36
12 37 36
12 35 38
12 37 37
14 36 37
12 35 37
13 36 38
12 36 38
14 38 37
14 37 37
15 36 38
15 41 37
14 39 36
15 40 37
13 41 37
10 38 37
6 44 36
3 40 33
11 37 33
14 35 30
13 35 30
15 35 29
17 36 30
15 37 31
15 38 32
13 36 31
12 37 31
3 40 32
1 37 32
13 32 34
14 34 31
13 36 33
17 37 36
19 36 35
19 37 36
15 36 34
11 37 37
5 40 35
4 42 37
11 40 35
14 35 31
14 36 30
15 37 31
16 38 32
15 37 33
13 38 32
9 37 32
6 37 32
2 35 29
17 36 34
14 31 32
16 38 34
20 39 33
19 41 34
20 41 34
17 40 35
12 39 35
6 38 32
3 38 32
5 40 35
11 36 32
10 36 32
14 37 33
17 36 32
18 36 33
17 37 33
12 36 32
6 35 32
2 38 32
9 36 32
14 35 34
15 36 33
19 38 34
19 37 33
18 39 34
14 38 35
8 38 34
1 38 35
9 54 36
15 36 33
14 40 33
12 40 30
14 38 31
15 36 32
14 36 32
13 38 31
10 37 32
5 37 33
3 35 31
14 34 34
14 32 35
12 33 35
17 35 36
19 36 35
17 38 34
13 37 34
11 38 35
7 36 33
2 45 36
10 38 36
11 35 33
12 35 33
13 35 33
15 36 32
17 35 31
16 38 31
15 39 31
8 37 32
2 39 35
6 34 34
16 35 37
13 36 36
14 35 35
17 36 37
19 38 35
18 37 35
15 37 36
11 34 37
9 34 36
7 38 33
3 38 33
10 39 33
14 32 30
12 32 28
12 34 30
12 35 31
13 37 31
14 38 31
15 37 32
15 37 31
13 37 31
12 37 31
13 39 33
12 39 33
9 44 32
12 42 33
13 41 35
12 39 36
5 35 34
8 35 33
17 37 35
13 38 33
12 39 32
15 34 35
14 36 33
13 36 33
9 36 34
12 34 37
13 38 34
13 37 32
13 38 33
11 35 33
11 37 34
12 37 35
12 36 37
13 36 35
12 36 34
13 37 34
12 37 35
13 36 35
11 37 35
8 40 38
6 44 38
9 45 42
17 37 43
24 40 48
29 41 47
32 38 46
35 39 46
31 38 49
30 41 50
30 40 52
33 40 52
33 40 53
32 37 55
30 39 52
32 38 52
