31 41 50
31 41 50
29 39 51
30 38 51
31 35 48
30 38 44
27 37 42
17 42 42
11 33 38
0 32 35
0 36 31
9 44 30
13 46 38
15 39 35
14 39 37
13 39 39
7 39 41
4 36 38
0 37 37
16 36 34
7 37 30
11 32 29
13 35 31
16 37 32
18 34 31
16 36 32
11 38 34
2 40 32
0 37 35
10 37 38
12 37 36
17 36 35
21 37 37
23 36 36
18 38 38
8 36 39
0 34 37
0 37 38
15 37 37
10 36 32
13 33 30
18 36 30
19 35 30
15 37 30
6 35 30
1 36 32
3 36 32
14 37 35
14 36 33
15 36 33
15 40 34
18 40 37
14 37 37
6 36 38
2 37 37
0 38 37
17 33 36
9 37 30
14 34 31
17 35 31
19 36 32
16 35 31
9 34 29
2 37 31
1 36 30
10 36 34
13 36 30
16 37 33
17 39 33
18 38 32
13 38 33
7 39 35
4 39 39
6 37 41
9 35 37
6 33 35
10 33 35
16 34 34
17 36 32
15 36 33
8 38 32
3 38 32
5 39 32
14 37 33
12 37 31
15 38 33
17 40 32
16 39 32
12 38 34
6 39 36
3 39 40
7 37 41
16 38 38
10 36 33
11 33 31
13 36 32
16 37 31
13 36 31
8 37 32
4 40 31
5 39 31
12 39 32
15 39 33
15 38 32
17 41 33
16 40 33
14 39 34
8 39 36
6 39 37
2 39 38
13 39 38
12 38 33
12 34 32
14 36 31
15 35 31
16 35 31
12 36 30
3 37 31
4 38 31
6 37 33
13 38 34
16 36 32
15 37 35
17 40 36
17 38 38
13 37 40
5 38 39
2 38 38
8 36 39
14 36 35
9 34 33
12 35 32
17 35 32
17 36 32
13 35 32
4 37 32
2 35 33
3 36 32
14 36 36
15 37 34
18 35 35
20 37 36
18 36 37
14 36 39
6 37 40
4 36 38
0 36 37
14 38 40
10 36 33
13 33 33
18 35 33
20 36 32
14 36 31
8 35 30
1 36 31
0 36 32
12 37 35
14 37 34
15 36 34
17 40 35
20 39 36
17 37 38
12 38 39
7 34 37
2 35 36
0 37 35
14 37 34
8 35 31
11 36 32
15 38 33
15 39 35
11 47 37
10 48 40
11 46 45
20 46 47
27 40 48
32 37 47
36 36 46
36 37 45
37 37 46
33 39 49
32 36 51
32 36 51
35 36 54
36 34 51
36 38 55
38 39 55
39 40 55
34 41 54
36 39 48
36 41 50
35 42 52
35 41 51
36 41 49
35 38 51
36 41 52
35 41 51
