30 43 49
37 33 32
34 40 43
31 42 42
21 56 45
21 45 37
10 59 37
12 47 36
16 47 34
15 43 36
7 39 36
4 45 34
1 42 30
8 33 31
14 36 32
14 35 29
16 34 30
12 34 30
14 35 29
11 36 31
4 36 30
4 36 32
17 35 31
15 35 34
18 37 33
20 36 32
17 38 33
15 39 33
11 38 34
4 39 37
6 42 32
12 35 31
10 37 30
14 36 30
20 35 30
16 36 30
14 36 30
9 36 31
2 38 31
9 35 33
17 34 34
14 37 34
19 36 36
19 37 34
17 38 35
14 37 35
9 36 36
6 38 36
5 39 35
12 38 34
12 37 33
15 35 32
16 36 31
17 38 31
14 38 31
10 37 31
4 36 31
1 38 32
10 34 35
15 33 34
16 33 34
20 37 34
20 37 33
17 37 35
12 38 36
11 36 36
6 38 36
4 38 35
12 37 34
13 35 32
14 36 32
16 37 32
17 38 31
14 37 32
8 36 32
4 37 32
0 37 32
11 34 32
15 34 33
15 34 32
19 36 33
19 36 34
17 36 34
15 37 35
13 37 35
10 37 36
4 38 34
5 41 36
11 38 32
12 35 32
15 35 33
18 36 31
17 38 31
14 37 32
12 36 32
6 38 31
1 36 32
9 33 32
14 33 35
15 33 34
18 35 36
20 36 35
19 38 35
16 38 36
12 36 35
8 36 34
2 38 35
4 45 36
11 36 34
12 36 29
16 35 30
17 35 30
18 36 30
15 38 30
15 38 31
15 37 31
12 39 32
6 38 31
2 39 32
4 41 31
19 34 34
16 34 32
14 35 31
15 35 31
13 36 33
14 38 34
17 40 34
17 39 37
15 40 37
16 40 40
13 41 46
15 43 38
17 40 35
14 41 34
13 42 34
12 38 36
12 43 36
10 42 34
12 42 36
13 42 35
16 41 35
14 40 35
13 39 35
13 41 35
13 41 35
15 39 34
14 41 36
14 41 34
14 39 35
13 42 36
13 41 36
13 41 36
14 40 35
14 40 36
15 41 36
13 39 36
12 40 36
14 40 36
13 39 35
13 41 35
12 42 36
11 43 37
11 44 38
10 46 42
15 40 45
19 39 48
25 36 48
30 40 48
32 38 47
35 38 47
35 37 50
34 39 51
27 36 49
35 38 51
36 38 52
36 38 52
35 41 53
37 39 53
37 39 52
37 37 50
