36 41 44
46 36 43
34 38 42
32 48 47
32 45 43
27 48 46
24 53 48
24 49 45
22 46 41
17 47 40
8 46 37
5 46 34
2 45 35
6 45 33
15 39 32
15 38 30
14 40 29
16 40 30
16 40 30
16 40 31
13 41 31
11 40 30
7 43 31
5 42 30
17 38 33
12 38 32
19 37 33
19 39 33
18 39 34
17 39 32
13 41 33
7 42 34
9 46 38
6 42 30
14 37 30
12 41 30
14 44 31
14 38 30
16 37 31
14 40 31
11 41 30
8 40 30
5 42 30
14 39 33
15 38 32
15 40 34
17 41 34
18 40 35
17 41 35
13 40 33
11 42 33
8 42 34
12 47 39
13 40 32
10 39 31
13 41 32
16 40 32
18 40 31
17 39 32
12 41 30
5 42 31
5 40 31
14 39 34
13 34 32
14 39 31
18 39 34
20 39 33
18 41 35
16 40 35
9 42 37
9 43 36
4 45 34
15 41 34
12 41 30
16 38 30
16 39 31
17 40 32
16 41 32
13 41 32
7 42 30
4 42 30
15 38 33
15 39 34
15 39 32
18 45 35
17 34 37
15 38 36
13 39 34
11 40 35
6 40 33
6 46 35
14 42 35
11 40 32
14 40 33
17 42 34
17 41 33
15 40 33
12 42 33
9 42 31
6 43 33
11 38 32
16 38 33
14 40 33
18 38 34
18 39 35
18 40 36
16 41 36
13 40 35
10 43 33
4 46 33
12 45 37
13 39 33
12 37 32
16 42 31
18 40 33
17 39 33
14 41 32
7 39 30
5 42 30
14 38 30
17 39 35
13 40 32
15 38 31
19 39 34
18 40 34
15 41 34
12 41 35
8 41 33
7 43 32
11 44 33
13 42 31
16 41 33
16 41 31
15 35 31
17 43 28
14 43 28
10 41 27
8 43 27
10 39 29
17 40 32
15 39 32
16 40 33
21 41 32
18 42 35
12 43 32
12 43 32
9 42 31
10 45 32
12 43 37
12 42 31
13 37 28
16 42 31
18 39 29
15 41 31
14 41 29
10 42 30
7 42 29
5 40 29
15 36 31
11 39 33
16 37 33
18 38 34
21 39 33
17 40 32
14 40 33
8 42 33
7 43 32
11 41 33
10 36 30
14 36 30
15 40 30
17 40 30
18 40 29
16 40 30
14 40 30
9 41 30
5 43 29
16 39 29
13 41 31
14 39 26
15 37 32
14 40 32
17 42 33
17 41 33
18 45 34
14 53 37
16 56 38
20 57 39
24 53 37
28 48 37
31 47 41
36 48 37
40 48 41
41 47 40
42 44 41
42 35 44
42 37 51
41 38 50
42 37 53
43 37 50
42 37 51
42 37 49
41 37 49
42 36 52
42 37 50
42 36 51
42 37 51
43 36 50
42 34 51
41 35 51
