31 38 52
32 39 53
31 38 51
31 39 52
32 40 50
33 41 49
33 43 49
34 45 49
34 48 47
32 50 45
27 50 43
26 50 42
27 50 40
24 49 39
24 49 40
25 48 39
24 48 41
22 49 43
22 45 43
17 42 42
9 49 40
9 44 38
9 44 32
11 40 30
13 35 28
13 37 30
16 41 31
15 39 32
13 38 30
11 38 31
9 40 31
12 39 36
13 44 38
11 41 37
11 39 36
14 43 37
16 45 37
18 44 38
21 45 38
20 48 37
16 50 35
10 54 34
15 49 33
13 49 31
17 44 30
20 44 33
22 44 32
20 46 32
16 47 33
9 53 34
8 55 37
14 49 37
16 47 38
17 43 38
21 45 39
25 43 39
26 43 39
27 49 41
27 53 42
29 55 43
25 60 43
29 53 39
29 52 38
31 50 37
35 46 35
35 46 36
35 48 38
38 55 42
39 57 47
41 57 50
41 55 51
39 47 52
40 44 49
40 37 49
42 35 47
42 37 41
44 33 41
47 33 41
47 31 46
46 30 49
49 31 47
51 27 45
47 27 39
44 43 41
45 33 42
53 32 44
48 36 44
50 39 46
47 39 46
50 38 49
49 42 45
46 41 46
48 41 46
45 42 45
42 44 46
42 43 45
36 49 45
38 46 44
37 47 44
40 49 45
38 47 46
38 49 45
38 53 46
32 51 46
34 45 47
31 48 45
28 49 46
28 53 43
24 55 45
31 57 51
38 50 53
43 49 50
44 42 46
43 40 40
38 37 40
39 35 46
45 42 44
42 44 39
40 56 40
40 47 48
39 47 42
39 48 39
42 48 40
40 50 43
39 51 42
39 54 41
39 52 43
36 52 42
37 53 40
32 50 37
32 50 38
31 51 37
29 51 35
26 55 38
19 54 19
26 53 32
30 62 36
35 57 49
34 54 47
36 52 48
39 54 47
37 50 48
37 45 46
41 40 44
36 41 44
25 40 44
19 42 41
24 48 38
28 61 58
38 44 46
34 48 46
34 47 46
34 46 47
35 48 48
35 48 47
37 46 48
35 48 50
35 49 49
35 48 47
29 46 48
30 49 46
28 45 45
27 49 45
26 46 44
31 51 48
32 53 52
36 53 52
37 51 50
38 49 53
40 47 51
41 44 50
41 42 48
34 50 47
31 42 37
31 38 25
25 46 36
62 59 29
38 51 43
42 52 40
41 53 37
41 50 40
39 52 39
38 53 40
36 53 37
33 52 28
45 47 43
58 43 49
54 42 50
52 44 54
47 52 60
43 38 56
39 31 48
36 35 47
27 32 43
24 35 39
33 25 50
47 39 53
40 28 52
40 34 53
40 33 52
41 33 52
41 33 52
37 34 54
36 33 51
37 34 56
33 37 51
33 32 52
33 37 50
31 36 57
32 34 55
31 34 56
29 34 56
32 38 48
28 35 52
25 40 49
23 39 45
26 40 45
26 42 44
25 46 47
22 49 50
20 53 49
18 53 51
20 46 47
21 48 47
23 43 43
26 43 42
28 42 43
32 43 43
33 43 47
34 41 47
35 40 49
34 41 52
37 44 54
34 46 56
31 42 49
32 41 49
32 44 50
30 42 49
31 42 49
33 41 53
32 38 51
31 39 53
34 39 52
34 38 50
35 38 53
33 38 52
34 37 53
29 42 55
31 39 54
30 39 50
29 38 51
32 35 51
29 37 52
30 39 52
29 37 52
30 35 51
31 36 53
31 37 53
30 36 53
30 37 52
29 36 52
30 38 52
30 35 52
31 38 53
30 38 52
