19 51 37
21 49 39
22 47 39
28 48 37
27 47 40
23 53 41
24 53 37
27 47 36
28 45 36
21 53 39
18 53 35
18 48 35
16 46 35
15 44 35
12 44 35
7 44 35
7 42 35
10 44 34
16 42 35
15 41 34
15 40 35
18 40 36
20 40 36
17 39 37
14 40 36
13 42 36
10 44 36
7 45 36
8 49 35
16 43 32
15 41 34
16 40 32
20 40 33
20 40 33
14 40 32
7 40 32
6 38 34
3 37 33
10 36 35
16 36 35
16 38 35
16 40 36
17 40 36
20 38 38
19 43 36
17 43 36
9 47 35
7 48 34
7 45 36
15 45 33
16 41 31
15 39 33
18 39 33
19 39 32
18 38 31
12 40 33
4 40 33
2 39 34
8 38 36
17 37 35
17 38 35
18 38 34
20 36 33
18 36 35
14 37 36
11 39 36
8 40 36
3 41 36
8 40 35
15 38 35
15 40 33
16 36 33
19 38 32
19 39 33
15 38 32
5 38 32
5 37 32
3 38 33
11 36 35
16 35 35
16 37 33
19 36 35
20 37 35
20 37 36
14 39 35
8 38 36
10 38 36
9 38 37
2 41 35
8 39 35
15 36 34
15 36 33
18 33 31
19 35 32
18 39 30
12 39 31
10 38 33
6 38 33
2 39 33
5 36 34
16 33 34
17 36 35
19 38 34
20 36 34
18 37 35
13 37 36
8 40 33
10 37 34
5 40 35
5 39 35
14 39 34
12 38 34
18 35 31
22 34 32
17 36 32
12 38 33
10 39 33
10 38 33
9 38 34
4 39 33
4 37 34
15 35 36
17 36 35
18 36 35
20 37 35
18 37 34
14 38 37
12 40 34
11 42 36
8 40 36
3 42 34
11 39 35
15 39 33
16 36 34
19 35 33
18 37 33
15 40 33
11 40 31
12 39 33
14 38 33
12 37 34
7 37 33
12 37 37
13 37 37
14 33 35
14 36 36
14 37 36
14 38 36
14 39 37
14 38 38
12 38 40
15 39 37
14 41 37
14 39 37
14 41 38
12 40 37
13 38 36
11 39 35
15 37 34
14 39 36
10 41 36
11 42 37
14 43 34
15 44 31
17 46 31
22 43 32
19 46 35
20 46 35
18 43 33
16 46 35
14 50 32
16 45 33
16 44 32
16 46 33
17 45 33
17 44 33
17 45 35
16 45 33
13 46 33
15 44 34
15 43 33
16 45 34
15 45 34
16 45 35
16 44 34
15 44 34
16 44 35
15 44 35
15 46 35
