13 36 38
61 13 36
13 38 38
13 35 39
14 36 38
13 38 38
12 37 38
13 37 38
14 38 37
13 38 38
13 37 38
13 36 38
13 36 38
10 37 38
8 35 38
7 38 37
10 36 36
13 35 38
15 33 36
14 34 36
14 34 36
14 34 37
13 36 37
14 35 38
12 35 38
15 34 39
13 34 39
11 35 39
11 36 38
10 35 37
13 36 36
13 37 35
12 37 36
13 36 35
12 35 35
13 37 34
15 37 35
14 38 36
11 38 37
10 37 38
8 38 39
6 37 38
14 34 37
15 33 37
15 33 36
14 35 37
13 36 37
14 34 37
14 35 37
15 36 38
14 35 39
13 35 39
11 33 38
9 40 40
10 34 35
13 37 36
13 37 34
12 36 34
13 36 35
14 36 35
14 37 36
15 36 35
14 39 35
10 37 37
9 38 38
9 36 38
8 35 37
12 34 37
13 33 36
14 32 37
13 34 36
15 35 37
15 35 38
15 35 38
15 35 39
13 36 39
11 36 39
9 36 38
10 35 36
14 35 35
13 37 35
15 35 34
16 36 34
14 36 34
13 36 34
13 35 35
12 36 36
11 38 36
9 36 36
6 37 38
13 34 37
13 35 37
13 35 36
13 34 36
15 35 37
15 34 37
14 34 38
13 36 39
15 35 39
12 36 40
12 37 38
8 37 38
9 37 38
12 35 35
14 35 34
15 36 35
15 37 34
15 35 35
15 36 35
13 34 36
13 38 35
11 37 37
8 38 37
4 36 37
14 35 37
14 34 37
14 33 37
14 35 37
13 34 36
15 35 37
13 33 37
14 35 37
12 35 37
11 36 37
5 37 38
12 37 37
15 36 35
14 37 34
13 36 34
14 36 34
15 37 34
14 36 34
12 37 35
11 36 37
9 38 35
5 38 35
10 35 37
15 35 36
15 34 36
16 34 36
16 35 37
15 36 36
15 35 36
14 35 36
13 35 37
14 35 38
14 35 39
14 36 39
9 38 40
7 38 36
13 37 36
14 36 35
10 35 35
10 36 35
12 36 34
13 36 35
12 35 33
12 37 35
13 37 34
12 37 36
14 37 36
11 35 37
11 34 38
13 34 38
13 34 38
12 34 38
12 33 38
13 34 38
14 34 39
14 33 39
13 34 39
13 34 38
13 35 38
13 35 38
12 35 38
13 34 37
13 34 37
11 35 37
12 35 36
13 36 36
11 36 35
12 33 37
13 35 37
