37 35 50
36 36 50
40 37 46
38 45 49
36 46 45
33 44 43
31 45 44
27 45 45
22 45 41
15 49 46
16 50 45
21 45 43
18 44 42
16 41 41
14 41 41
10 39 36
1 41 38
3 40 35
14 38 34
10 39 31
10 36 29
12 38 30
15 36 31
14 38 31
15 36 32
13 37 31
11 37 28
0 37 26
6 36 28
15 34 36
12 34 33
19 33 35
16 36 34
17 35 34
18 36 34
15 35 33
8 36 34
7 35 34
0 38 34
12 38 37
11 36 31
13 34 32
13 36 30
14 34 31
17 36 32
16 36 33
14 35 33
8 35 31
3 34 31
0 35 31
17 34 34
12 33 31
15 32 33
17 34 35
17 35 35
17 36 37
14 38 37
15 40 38
14 39 38
9 38 38
7 39 38
9 38 38
8 35 35
11 35 36
9 34 34
14 35 35
16 34 35
16 36 35
13 34 33
7 33 30
2 34 31
8 33 30
14 32 36
12 33 34
17 34 37
16 36 35
18 36 38
16 35 37
17 35 36
13 35 37
9 35 37
1 39 35
4 39 37
12 36 32
12 35 31
14 35 29
16 35 29
15 36 30
16 37 32
16 36 32
14 37 34
8 36 33
1 36 33
0 38 31
18 34 33
12 31 30
16 31 31
16 34 33
17 35 35
19 36 34
17 36 34
14 37 34
12 39 37
7 36 38
4 35 34
5 36 33
12 34 35
7 34 28
12 34 32
13 32 30
15 33 31
16 34 31
14 33 31
15 36 32
12 36 32
6 35 31
0 34 30
9 32 30
16 32 33
12 31 31
15 34 35
15 36 34
17 35 36
19 35 35
17 37 36
15 39 37
12 38 37
10 37 39
9 38 37
9 41 39
5 42 38
7 38 35
11 35 32
10 35 30
12 37 31
12 41 34
11 46 37
14 47 41
19 45 44
25 42 44
32 42 46
37 39 43
38 38 45
39 33 46
38 38 51
35 35 51
38 35 54
38 34 52
38 35 50
39 36 51
37 37 50
39 36 53
38 38 52
39 37 52
39 37 51
39 36 52
38 36 50
39 36 52
40 36 51
40 36 51
41 36 51
39 36 52
40 36 51
40 35 51
40 35 51
40 37 51
41 38 52
41 36 50
