12 35 36
13 34 37
13 35 37
11 34 38
12 34 36
11 35 36
12 35 36
13 34 36
14 35 36
13 36 37
13 37 36
13 36 36
12 35 36
12 34 35
13 34 36
12 35 35
11 34 37
7 31 34
9 32 37
10 36 35
11 35 35
15 34 36
14 35 35
13 33 37
14 33 38
13 33 37
14 32 37
11 33 36
8 32 35
7 33 33
12 33 34
13 33 32
12 32 32
12 35 32
12 35 33
14 34 34
15 33 35
13 33 33
7 34 34
4 34 35
10 34 35
17 33 35
15 32 36
13 32 35
12 34 35
15 33 35
14 33 37
13 35 36
11 35 36
9 34 37
9 35 36
11 35 35
11 34 34
13 34 34
15 36 33
14 35 34
13 34 35
13 35 34
11 34 33
13 35 34
13 33 34
11 33 34
6 34 33
8 33 34
13 33 35
14 33 36
11 33 35
12 36 36
14 35 36
13 34 37
15 33 37
14 34 36
10 33 36
10 32 36
8 35 34
11 36 33
14 34 33
12 35 33
14 33 33
13 35 33
13 35 33
14 34 33
15 34 34
10 35 34
6 37 35
7 34 35
13 33 35
14 33 35
13 31 34
11 34 36
14 33 36
15 33 36
14 33 37
13 34 37
11 33 36
10 34 36
10 35 36
9 37 36
12 34 34
12 35 34
14 35 33
13 35 33
13 35 34
13 34 34
13 35 34
11 34 34
12 35 34
10 33 35
6 34 34
5 33 33
16 34 35
16 36 35
15 33 34
13 35 35
13 33 34
14 33 35
12 33 35
12 32 35
10 33 36
11 33 35
9 34 35
9 33 34
12 34 32
13 34 33
15 33 32
14 34 34
15 33 34
14 35 34
11 36 34
11 34 33
13 33 33
12 35 32
12 35 34
5 35 34
1 33 35
14 33 35
16 33 34
14 31 33
14 32 34
15 35 36
15 33 35
12 34 37
13 33 36
12 32 36
12 34 36
9 33 34
6 34 34
9 33 34
11 32 33
13 33 33
16 35 33
17 35 32
14 34 33
13 34 34
11 35 34
11 33 33
10 35 34
5 32 34
9 33 34
15 31 34
15 31 34
14 32 34
15 34 35
16 35 36
14 34 36
13 34 36
11 34 37
14 32 37
14 33 38
13 33 37
9 33 36
9 33 34
13 33 34
9 32 33
11 31 31
14 33 33
12 33 32
12 33 33
13 33 33
15 32 35
14 32 34
6 32 36
