36 36 51
37 35 52
36 35 49
38 39 49
38 37 46
35 36 42
30 44 46
22 53 50
22 43 43
13 48 45
13 41 43
7 43 40
3 41 40
3 43 39
8 38 35
11 38 33
12 37 31
16 37 32
16 37 32
15 36 30
11 38 33
7 38 32
1 37 33
8 34 31
15 37 36
15 37 33
17 35 34
19 36 36
19 37 36
13 37 36
9 37 36
4 38 36
4 37 37
8 35 31
11 34 31
17 36 31
22 37 32
22 38 34
17 37 33
6 37 32
1 38 33
3 34 31
14 30 33
8 31 31
11 32 31
10 33 29
14 38 32
12 42 34
14 49 33
14 51 28
14 49 29
15 38 25
19 23 26
23 37 22
19 35 23
23 45 14
24 32 24
31 32 21
11 32 17
0 45 3
0 26 15
9 34 24
38 27 23
30 35 21
20 38 28
16 33 22
10 41 14
5 40 15
6 45 22
13 39 18
18 39 37
26 41 26
31 25 25
19 45 34
21 38 27
8 42 29
6 38 33
7 41 38
4 37 36
0 35 34
3 33 33
18 31 35
12 33 36
13 32 34
15 34 33
17 36 33
17 36 36
15 36 36
12 39 33
8 40 36
3 39 40
9 38 35
9 35 33
13 36 33
16 36 33
17 38 35
15 37 34
15 37 34
10 36 33
3 38 33
4 38 31
17 36 35
6 36 27
14 35 37
14 38 34
16 36 35
14 36 36
14 37 36
10 34 36
7 36 34
3 38 36
12 38 34
11 38 34
14 37 34
16 38 33
16 37 33
16 37 34
13 36 33
8 37 34
4 36 31
4 37 35
16 34 33
14 33 35
17 35 34
17 34 35
19 34 34
18 34 33
13 39 38
6 34 36
5 35 39
1 44 39
12 38 34
11 36 34
14 37 33
15 36 33
15 37 33
15 38 33
15 38 35
7 35 34
3 36 34
2 37 32
14 34 35
14 33 36
15 32 33
16 35 33
18 35 35
17 36 34
13 37 38
6 34 38
3 33 36
7 36 37
14 36 34
13 36 30
17 35 32
15 35 32
15 37 34
12 36 35
9 36 33
4 33 30
2 36 33
12 34 31
15 34 32
14 34 33
18 34 35
18 34 35
18 34 35
15 35 36
9 35 35
6 31 36
5 35 35
6 37 34
15 35 32
12 35 31
16 37 30
17 37 32
16 36 32
14 36 34
13 36 32
11 37 32
7 37 31
4 37 31
1 36 29
13 36 32
10 36 31
12 38 33
13 41 35
12 44 38
16 46 41
22 46 41
28 41 41
32 49 43
33 43 41
38 44 41
37 35 45
35 40 52
40 37 54
39 35 52
40 35 52
42 36 53
41 34 52
39 34 52
41 35 52
41 35 52
41 35 51
42 35 51
41 34 52
41 35 52
40 35 52
41 35 50
40 33 52
41 35 51
40 35 51
41 34 52
41 36 52
39 34 52
40 34 51
39 35 52
40 37 54
41 35 50
40 34 49
