14 41 36
14 41 37
14 43 38
15 43 36
15 43 36
12 44 33
12 46 33
12 46 33
15 46 32
16 45 33
12 44 33
6 42 34
9 40 33
9 41 33
14 38 37
13 39 35
16 41 36
17 43 36
16 48 38
13 47 37
9 48 35
9 49 37
11 47 33
15 49 33
15 50 34
16 55 40
20 53 45
28 55 49
32 55 44
38 48 42
44 44 41
41 40 40
41 41 44
45 41 43
42 37 42
48 34 41
51 28 44
52 28 47
45 28 45
40 26 42
38 31 36
31 32 22
59 37 51
48 29 42
51 34 44
51 32 37
52 33 43
48 30 44
51 33 42
51 37 41
52 34 40
51 36 43
52 36 41
51 37 42
54 38 40
52 36 38
50 37 42
50 38 40
50 36 41
50 38 40
50 42 43
49 42 44
50 44 41
47 43 41
45 47 42
48 45 44
41 47 41
46 42 41
45 46 42
45 49 44
40 50 46
42 54 49
40 50 46
40 48 44
37 45 46
34 43 44
33 52 48
34 44 55
34 50 50
40 42 55
52 46 60
44 37 56
47 25 51
45 25 44
43 25 39
40 27 39
35 32 40
31 39 48
28 34 44
28 3 38
54 30 53
35 33 48
43 38 49
40 39 50
43 37 51
44 40 49
45 36 51
44 37 54
38 34 53
36 40 51
36 35 49
32 38 50
32 33 54
32 43 56
42 40 63
47 39 63
47 36 52
49 45 43
47 35 46
44 42 46
40 45 42
30 41 44
30 40 39
29 40 54
62 54 59
47 38 50
48 39 46
43 38 46
47 41 44
45 38 47
46 41 45
48 39 46
48 39 47
47 44 47
43 42 48
42 41 50
42 46 46
39 48 43
37 46 46
36 49 47
34 52 49
33 59 46
29 60 54
28 35 50
32 41 44
32 52 48
33 48 51
33 41 54
34 44 59
38 38 53
42 33 47
38 33 46
34 31 42
28 40 46
28 38 52
37 39 58
34 26 55
41 40 51
27 38 57
29 36 49
26 34 52
21 36 50
21 35 48
16 35 44
15 37 48
14 42 52
21 46 53
23 43 55
15 44 52
16 43 46
19 42 42
23 42 41
33 41 44
35 40 46
38 39 47
37 38 51
35 39 52
35 38 53
33 37 56
34 35 53
35 37 49
35 37 54
34 36 52
37 36 52
35 36 52
35 34 53
