37 38 45
38 37 44
36 43 46
34 42 45
29 40 40
21 48 45
13 60 47
17 44 41
15 47 44
12 44 41
9 42 41
4 42 38
13 40 34
12 37 33
14 36 32
16 42 34
14 36 34
10 33 34
10 34 33
2 32 34
4 33 33
13 31 33
12 32 33
16 32 35
18 32 37
18 34 38
14 32 39
9 34 40
10 34 37
6 34 35
4 33 32
7 33 33
12 34 32
13 32 33
15 32 31
19 33 33
10 33 32
9 36 39
11 34 36
15 34 37
19 35 38
17 36 37
14 37 37
8 34 36
6 36 37
14 36 35
8 36 33
10 34 31
14 37 35
14 38 34
15 38 34
13 38 34
12 39 35
6 42 37
3 41 39
13 39 36
13 40 39
13 40 37
18 39 38
22 41 39
21 42 41
23 43 45
25 45 47
28 45 49
32 44 50
33 43 48
37 43 48
36 39 45
39 37 49
39 41 52
38 37 50
38 38 53
38 35 53
40 36 52
40 36 53
40 34 51
38 35 51
40 35 51
40 36 51
41 36 52
41 36 53
41 34 52
40 35 51
