12 34 36
12 34 35
13 34 37
12 36 35
13 37 36
12 37 34
11 38 35
13 38 36
12 36 36
12 35 36
11 35 35
10 35 35
7 33 34
3 33 34
13 33 35
16 35 36
12 31 33
14 34 35
15 34 36
13 33 35
13 33 36
12 34 37
8 35 35
8 33 35
11 35 35
13 34 34
11 33 33
14 35 33
16 35 34
15 34 33
15 35 36
11 34 34
9 34 35
6 34 35
6 32 35
13 35 37
16 32 35
15 33 35
14 32 35
15 33 35
14 32 35
13 32 37
14 33 37
11 33 36
10 33 35
8 33 33
9 35 33
12 34 34
12 35 34
14 35 32
15 36 32
15 35 32
12 35 33
12 34 33
9 34 33
9 35 33
7 34 34
10 33 34
13 35 34
13 30 34
13 34 34
14 34 35
13 34 35
12 33 36
14 35 35
15 33 36
15 33 35
10 33 35
5 34 34
9 35 35
11 34 34
14 34 35
14 34 32
16 35 33
15 35 32
14 34 32
13 34 33
12 36 33
11 36 34
9 34 35
5 34 35
9 33 36
14 35 36
12 34 35
13 34 35
15 36 36
15 33 35
14 33 36
13 36 35
12 33 36
14 35 35
12 33 35
5 36 34
11 35 33
13 32 33
10 34 31
12 35 32
13 36 32
14 34 32
16 35 32
15 36 32
13 35 33
11 36 34
7 35 35
3 33 34
9 35 35
16 35 37
13 33 34
13 32 35
15 35 36
14 34 36
13 33 36
14 33 38
15 34 37
14 34 37
8 33 38
8 34 36
8 34 35
12 34 33
12 34 35
16 35 34
18 35 34
14 35 34
13 36 35
12 34 34
12 35 35
10 36 36
3 34 35
5 33 35
14 35 35
14 35 35
17 34 36
17 36 36
16 37 36
15 33 37
13 34 36
14 34 36
14 36 37
15 35 38
13 35 37
6 35 35
10 36 35
12 37 35
8 34 33
14 33 33
14 34 32
13 35 32
13 37 32
13 36 34
13 36 36
13 38 36
12 36 37
10 36 37
13 36 37
13 36 37
13 34 38
12 34 37
12 35 38
14 35 37
14 33 37
12 32 38
13 34 36
13 33 36
10 34 36
11 35 36
12 35 34
10 35 34
11 34 33
12 34 33
11 35 31
12 35 32
12 36 33
13 35 33
13 34 33
12 35 33
12 36 34
13 36 35
13 37 35
10 35 35
