39 38 49
37 33 32
38 40 47
39 38 48
36 36 46
31 37 47
29 41 50
26 43 47
25 44 47
23 49 46
19 51 48
18 52 42
10 45 38
7 46 40
9 45 38
9 46 32
11 44 31
16 42 33
18 42 31
19 41 32
18 44 33
15 44 32
8 43 31
5 49 33
11 42 31
17 40 36
15 39 35
15 41 37
18 40 36
18 40 35
18 41 35
16 45 39
11 47 40
8 48 35
9 48 37
14 45 33
13 42 31
15 41 32
19 40 32
18 41 32
18 41 31
17 43 33
14 45 32
9 46 34
1 47 33
13 42 32
16 42 35
15 40 34
17 41 34
19 40 33
16 42 35
13 41 35
12 39 35
12 41 33
9 41 32
7 42 35
12 41 33
12 40 32
15 39 32
17 40 33
17 42 32
18 41 33
17 43 32
11 43 33
8 45 33
3 48 30
16 35 32
13 36 33
14 36 32
17 40 35
18 40 36
16 38 34
15 41 34
14 40 34
12 42 34
10 43 36
4 43 36
12 47 35
11 40 32
11 38 31
15 40 32
18 41 33
21 40 33
17 41 32
15 43 30
10 42 31
6 46 31
8 45 30
19 38 36
12 37 30
10 39 34
17 38 34
18 38 34
17 41 33
16 42 33
13 44 36
11 41 35
8 44 36
4 47 37
14 42 33
14 39 30
17 41 32
18 41 32
18 41 33
17 41 33
14 43 34
11 43 33
8 43 32
4 43 30
16 40 33
13 39 30
17 39 33
20 41 36
22 40 37
16 42 35
14 43 33
14 42 33
11 40 34
7 43 36
7 49 39
15 43 33
12 41 31
16 40 30
18 41 31
18 40 31
16 41 30
14 43 32
10 43 33
6 43 33
4 42 31
17 36 34
13 37 33
15 37 35
19 39 34
18 40 34
16 41 36
15 41 35
12 42 33
13 47 37
1 50 34
8 43 38
15 40 31
16 41 32
16 41 33
17 39 31
18 39 31
18 41 32
15 41 33
11 42 33
7 43 31
2 44 32
18 38 35
15 39 33
17 38 33
20 39 34
21 41 35
18 41 34
16 41 35
13 43 35
8 41 35
4 42 37
7 44 37
14 40 31
14 39 30
19 42 30
19 40 31
18 41 32
15 42 31
14 42 32
12 42 31
6 42 30
3 40 26
16 38 35
12 40 32
15 40 33
17 39 33
19 39 34
20 40 34
17 40 35
13 41 34
13 40 36
7 42 35
5 45 33
11 43 34
13 41 32
12 40 30
16 40 31
18 39 27
19 40 31
17 41 32
13 42 31
14 43 33
12 46 32
7 50 31
3 51 28
14 49 30
18 50 33
19 47 34
23 53 36
27 51 38
31 48 39
35 47 39
36 41 36
39 38 41
43 43 46
43 39 43
42 40 48
41 34 54
42 39 51
43 34 50
42 34 50
43 35 52
44 37 49
45 35 51
43 35 51
43 34 49
