10 37 33
10 39 33
14 38 32
13 38 33
12 39 33
13 39 34
14 39 35
13 38 34
10 38 35
5 38 34
0 34 31
11 33 33
14 31 33
16 35 33
21 33 35
20 34 36
18 35 36
13 37 35
11 37 36
7 38 37
1 39 35
9 38 35
13 36 32
15 37 31
18 34 32
18 37 34
16 36 33
12 37 33
8 38 34
5 36 34
0 37 32
13 35 35
14 33 35
17 35 34
20 34 35
20 35 35
17 36 36
13 38 36
11 39 37
2 39 36
2 40 36
11 39 34
13 38 34
17 35 33
18 36 33
18 36 33
14 37 32
9 38 33
5 37 35
2 38 34
11 35 36
11 33 35
17 35 35
20 34 35
20 35 37
18 37 35
14 37 36
12 38 35
11 39 38
2 39 37
4 40 37
11 39 36
14 37 33
16 37 33
20 35 32
19 37 33
14 37 33
10 38 34
4 39 35
1 37 33
12 36 35
13 34 33
16 35 34
19 35 36
21 36 36
17 37 36
12 37 35
12 39 37
6 39 37
1 41 36
11 39 35
14 37 34
16 36 33
20 37 32
19 37 33
15 36 32
12 38 32
7 38 33
5 38 34
3 38 34
13 37 34
14 33 34
18 33 35
19 35 34
20 35 34
16 39 35
13 38 36
10 38 39
4 39 37
4 39 36
12 38 35
12 35 33
16 39 32
19 36 33
19 37 33
13 38 32
9 38 33
3 37 34
1 36 33
12 35 36
13 34 36
16 34 35
21 35 35
21 35 35
17 37 35
15 38 36
15 39 37
12 38 38
4 40 36
4 40 36
10 38 35
13 36 34
15 37 33
18 36 33
17 37 31
13 37 33
11 38 32
10 38 32
5 36 32
3 36 32
11 32 32
13 31 33
15 33 34
18 36 35
18 36 34
18 36 35
15 37 38
15 39 37
12 40 35
1 40 34
6 38 34
9 37 34
12 35 33
16 39 32
17 36 34
17 36 33
13 37 34
12 37 32
11 37 32
13 36 32
9 37 33
6 37 33
13 37 35
17 33 35
13 37 34
13 37 36
15 36 37
16 36 39
13 38 37
16 39 39
15 38 39
12 39 38
6 40 35
13 41 38
16 39 38
12 38 36
10 39 32
13 39 33
14 38 34
14 38 34
14 38 35
10 38 35
11 37 35
16 37 39
10 35 37
13 36 38
15 36 38
16 35 38
15 38 39
15 38 39
14 38 38
12 37 36
11 40 36
13 39 37
12 38 37
7 41 34
13 39 34
17 39 37
15 38 36
10 39 35
11 41 35
16 40 36
16 38 39
15 38 38
13 39 39
15 38 39
15 37 40
14 39 39
