15 34 37
13 34 37
12 34 37
12 34 37
13 32 36
12 33 37
12 34 36
13 35 34
11 36 34
14 35 35
12 35 34
13 36 36
12 37 35
10 35 36
12 36 35
11 35 35
11 35 35
10 34 34
4 33 34
7 35 34
11 33 34
14 32 34
13 32 33
13 31 35
15 31 34
15 32 36
12 32 37
12 35 36
10 34 36
9 34 36
10 35 36
13 35 33
11 35 32
13 36 32
15 35 33
14 35 33
14 34 34
11 34 33
6 34 34
5 35 33
11 31 35
15 32 34
13 31 34
15 33 35
14 32 35
14 34 36
13 34 36
10 33 35
9 33 35
10 33 34
12 35 34
10 34 33
13 34 32
13 35 33
15 35 32
14 33 33
12 36 33
7 34 33
6 33 33
9 34 34
16 33 35
12 34 34
12 32 36
15 34 36
13 33 35
15 33 34
12 33 34
11 33 35
10 33 35
8 36 35
11 34 33
11 33 34
13 34 32
14 35 34
14 35 32
14 34 32
12 33 33
10 34 33
7 35 35
9 34 34
15 33 35
12 32 34
13 31 34
16 34 35
14 34 34
13 32 36
10 33 35
10 34 34
10 34 34
8 35 35
14 34 32
10 34 33
14 36 31
16 35 32
16 35 32
13 34 31
12 35 31
9 36 32
6 34 32
8 34 33
13 33 34
14 33 35
14 31 32
15 33 34
16 33 35
13 33 35
13 34 35
11 34 35
9 34 36
9 34 35
12 34 36
11 35 34
12 35 33
15 35 32
16 34 33
14 34 34
13 34 32
11 35 33
8 35 33
5 34 35
12 33 35
12 34 36
11 30 35
12 33 36
14 34 35
15 34 36
16 34 36
13 35 36
11 34 36
9 35 35
9 35 35
12 35 33
12 35 34
15 34 33
15 35 34
14 34 32
15 35 33
14 36 34
8 37 34
3 36 35
7 32 35
12 35 35
13 30 33
14 32 34
16 35 35
15 37 37
15 34 36
12 32 36
15 35 37
17 35 37
15 36 36
11 36 37
5 36 37
11 36 35
9 34 34
12 33 35
15 34 34
13 34 33
14 35 33
14 36 34
13 36 34
14 35 36
11 35 37
8 35 37
12 35 38
13 36 36
11 35 37
14 34 38
12 34 37
14 34 38
13 33 38
12 33 37
11 33 35
9 33 35
14 33 34
11 34 34
10 32 33
12 33 33
10 34 31
12 34 32
11 34 34
14 34 34
13 34 34
10 34 34
12 33 35
12 33 36
11 33 36
11 33 36
12 35 36
11 34 36
11 33 35
12 34 35
12 34 35
