12 39 35
12 39 35
13 39 35
13 39 36
13 38 34
13 39 34
13 39 35
14 39 36
13 40 35
13 40 34
15 40 35
11 41 36
13 40 35
14 40 35
15 40 35
14 42 35
13 42 35
15 42 35
14 42 34
15 42 35
12 42 36
8 40 36
4 41 34
8 38 33
14 36 34
13 38 34
16 36 35
19 36 36
19 36 36
18 39 35
14 38 36
13 41 34
10 41 34
6 40 34
5 42 34
13 41 34
14 39 34
12 37 35
15 39 33
18 39 33
18 38 33
15 40 33
13 40 33
12 39 33
6 38 32
5 37 31
8 36 33
16 37 34
15 36 35
16 36 36
19 38 35
19 38 36
15 41 34
15 40 36
13 43 36
15 46 35
14 48 34
8 44 32
3 46 32
7 46 31
1 40 27
6 43 29
33 33 30
35 29 32
29 34 32
19 36 34
6 45 36
5 44 37
0 45 32
10 39 37
17 39 36
21 38 36
18 39 35
16 40 36
13 41 36
15 40 34
12 43 34
9 43 32
13 42 34
16 40 34
14 40 33
11 40 33
4 38 33
9 38 36
15 34 34
15 38 34
15 38 36
16 37 35
15 39 35
14 37 38
13 41 35
10 38 34
4 42 33
13 38 32
15 39 33
11 39 32
13 38 32
17 39 33
17 37 33
15 38 31
8 36 31
4 37 32
5 38 33
13 39 35
16 38 36
13 38 35
17 38 36
19 38 35
14 37 36
14 40 33
11 37 33
4 39 34
5 40 33
11 40 32
12 40 33
14 36 31
17 38 31
20 36 32
18 37 31
13 38 31
6 39 32
4 37 30
5 38 33
15 35 34
14 37 32
14 37 34
15 38 34
17 38 34
16 37 34
14 38 34
11 37 32
4 37 32
6 38 33
11 36 32
12 37 33
14 37 31
17 35 32
19 36 32
15 37 30
13 37 30
9 35 30
7 36 31
5 37 31
10 35 32
15 35 32
14 36 33
17 36 33
17 36 34
15 36 33
13 38 33
12 38 33
13 39 33
7 41 33
4 38 34
1 40 33
13 40 34
17 38 33
18 34 32
18 36 30
16 36 29
14 38 29
12 35 29
11 35 30
15 37 31
13 36 32
10 38 32
10 37 33
7 37 33
10 38 35
19 34 35
16 34 34
11 37 35
14 37 36
15 36 37
13 35 37
11 33 36
13 35 36
13 36 35
12 36 35
13 37 36
13 38 36
15 38 34
13 37 33
14 37 34
13 38 34
15 37 34
11 36 33
10 38 31
10 37 31
11 37 31
12 38 32
14 37 32
12 36 33
11 37 31
11 37 31
11 37 32
12 39 33
13 38 33
12 38 33
11 38 33
11 38 33
12 38 33
