8 41 37
6 42 35
13 39 34
13 40 33
13 38 32
14 40 31
14 39 33
16 39 32
17 39 34
15 39 32
12 39 33
8 43 33
6 40 35
4 41 32
14 36 33
12 37 35
13 37 32
15 38 35
16 36 36
16 37 34
14 42 36
15 40 36
13 41 37
10 42 36
6 44 34
11 42 33
16 40 38
14 42 34
14 40 33
16 38 31
15 39 32
14 40 33
15 40 32
14 41 32
15 41 31
10 41 32
3 38 30
4 39 33
11 40 35
14 39 35
19 36 34
19 38 34
17 37 33
19 38 32
16 38 35
12 40 37
8 36 37
6 36 34
5 42 39
8 39 36
12 37 34
12 37 33
14 37 33
16 37 33
14 37 32
14 38 32
14 39 32
13 40 32
8 41 34
3 41 32
9 38 32
15 37 33
14 36 34
14 37 35
17 39 36
17 37 34
17 38 35
16 40 36
13 39 36
10 39 37
6 41 35
6 42 36
13 38 36
11 35 32
12 36 33
13 36 31
15 38 33
16 38 32
14 39 33
12 40 33
9 39 33
6 38 31
4 42 32
15 38 33
13 37 35
14 37 35
16 35 35
17 37 34
16 36 34
15 38 34
14 41 34
11 39 36
7 38 35
5 42 38
11 40 34
12 38 34
13 36 32
14 38 31
16 37 32
16 39 32
14 38 32
9 39 32
9 38 34
6 39 33
6 38 33
16 38 34
12 35 33
12 37 31
16 36 34
17 37 34
17 37 34
15 39 35
11 37 34
5 41 35
0 40 38
9 46 36
14 36 31
16 36 32
16 37 33
17 37 32
16 38 32
14 39 32
14 39 33
11 40 32
3 39 33
3 35 30
15 36 34
11 34 34
13 35 32
19 36 35
17 37 34
15 36 34
14 39 35
12 37 35
12 38 36
