39 35 33
39 38 50
42 38 47
42 41 42
40 43 44
36 41 41
32 47 48
28 53 48
28 44 47
23 44 45
18 49 47
17 45 45
15 41 42
10 43 41
3 44 40
6 44 36
12 38 35
13 38 31
14 38 31
17 39 31
16 38 32
14 38 32
10 37 32
5 38 29
5 38 30
18 35 34
14 35 34
13 34 34
15 37 35
18 37 37
17 37 36
13 37 35
11 40 35
4 40 34
5 38 36
14 44 35
13 37 33
15 39 31
15 38 30
16 39 30
17 36 30
6 37 28
3 37 30
6 37 31
17 33 35
11 37 33
15 36 36
17 37 35
17 38 35
14 38 35
11 38 36
8 40 35
5 41 36
10 37 36
11 37 32
13 38 31
17 39 32
18 38 32
15 38 32
11 38 31
5 39 31
2 36 31
14 34 31
14 35 33
15 35 33
17 36 35
17 36 34
15 38 35
12 37 37
10 38 37
5 38 34
9 38 37
11 37 32
12 37 30
15 38 31
16 39 32
14 38 31
13 38 32
11 39 32
6 38 31
4 39 31
11 36 29
15 33 35
15 32 33
16 35 36
16 36 36
16 35 34
12 36 35
11 37 36
8 36 35
2 40 36
13 34 36
12 35 33
13 37 32
16 36 30
15 36 30
16 37 30
14 37 31
8 37 32
5 36 32
1 36 29
18 34 34
11 34 34
15 33 34
17 34 35
18 33 34
16 37 34
15 36 34
11 38 36
8 37 35
2 37 35
11 36 36
11 39 33
13 36 32
14 36 30
17 35 30
15 35 30
12 36 30
7 37 30
4 35 30
3 36 30
17 33 33
11 33 32
15 34 32
17 36 35
18 36 34
16 37 34
11 37 35
10 36 37
5 36 36
4 40 36
12 37 31
10 36 30
15 36 30
16 37 31
16 39 32
14 35 32
13 37 32
9 37 31
6 40 34
4 34 30
11 33 31
13 33 36
13 34 34
15 36 35
18 35 34
16 35 36
12 36 35
9 36 35
6 35 34
1 33 35
10 38 36
13 34 30
14 35 30
15 38 31
15 36 31
13 36 30
12 34 30
8 35 30
5 34 29
5 33 29
17 32 34
9 34 32
15 32 36
17 32 35
17 33 35
16 35 35
12 36 34
8 36 35
7 36 34
5 37 35
10 34 30
11 32 30
14 32 28
17 34 30
16 34 31
12 36 31
8 36 30
6 37 31
7 36 33
12 35 33
11 35 34
13 34 34
16 35 34
15 37 35
15 37 35
14 41 36
12 43 38
15 45 40
16 46 42
19 46 46
24 46 44
27 45 43
28 47 45
32 51 47
34 47 47
37 42 45
41 40 46
40 39 48
38 33 46
41 38 53
39 37 51
41 33 51
42 35 51
42 34 50
44 35 52
42 33 51
42 34 51
42 34 51
41 35 50
41 33 52
41 34 53
42 35 51
42 34 52
43 34 48
42 38 53
42 34 50
41 34 49
