13 38 36
13 38 36
13 39 36
13 37 36
13 38 36
13 38 36
12 38 35
12 37 35
12 38 37
13 39 37
13 39 37
14 38 37
13 39 37
13 40 37
13 39 36
15 40 35
8 41 34
10 42 34
13 41 35
14 39 34
11 39 34
13 40 33
12 39 32
11 39 34
9 41 34
7 39 32
8 37 31
11 33 33
14 30 32
15 31 33
18 33 34
14 37 34
13 36 35
12 36 36
12 35 35
12 36 36
8 36 35
4 36 31
12 36 32
14 35 33
13 37 32
14 35 33
15 38 33
15 38 33
14 37 34
14 38 35
13 36 33
9 37 32
5 36 31
7 37 31
13 31 30
14 32 31
12 33 32
14 34 33
16 33 34
17 35 33
15 36 34
11 34 34
9 35 34
6 37 35
4 36 33
13 37 34
14 37 32
13 36 33
15 36 34
16 36 32
14 38 32
12 38 32
12 36 33
12 37 33
6 37 31
1 36 29
10 34 30
16 31 32
14 33 32
14 34 33
17 32 33
17 33 31
15 34 32
14 34 32
12 35 34
9 34 34
4 36 33
6 35 33
15 33 33
13 34 32
13 35 31
15 36 32
15 36 32
16 36 32
13 34 32
12 35 31
8 37 31
6 37 31
5 34 28
13 31 29
15 34 32
12 33 32
13 34 32
15 33 33
15 33 33
15 35 34
13 34 34
12 36 35
11 35 35
8 36 34
3 36 33
13 37 34
13 34 33
13 37 32
13 36 33
14 36 32
15 35 33
14 37 34
12 37 33
12 38 33
9 37 33
5 36 31
8 35 32
15 30 31
16 32 34
12 32 33
12 33 33
15 32 33
14 33 32
16 34 33
14 35 33
13 34 35
11 35 34
10 35 35
3 34 32
8 35 31
13 33 32
13 34 31
12 35 30
14 32 29
16 34 31
14 36 31
15 35 31
14 36 31
14 36 30
14 37 30
14 37 30
10 37 29
9 36 30
7 36 30
5 34 30
13 31 29
16 32 31
13 31 30
13 31 30
13 30 30
14 30 31
14 32 32
13 34 33
13 34 33
12 35 31
14 34 31
14 33 33
10 36 32
9 33 32
4 31 27
10 28 30
7 30 32
17 33 38
13 26 34
15 26 34
13 30 36
13 32 36
15 35 36
11 34 34
11 38 36
11 39 38
13 38 38
10 38 38
13 36 41
12 37 41
14 35 40
13 35 40
14 36 38
13 37 38
13 37 38
13 37 39
14 38 39
14 37 38
13 37 38
13 36 38
13 36 38
12 35 38
12 36 37
13 37 37
14 37 38
14 38 37
13 38 38
11 38 38
12 38 39
13 39 38
13 36 37
13 37 37
13 37 37
12 38 36
12 38 36
12 36 37
12 35 36
13 37 36
14 37 37
12 37 37
13 38 37
13 37 37
13 38 37
13 38 38
13 37 37
14 37 37
12 38 37
14 37 37
13 37 38
13 35 37
14 37 38
13 38 37
13 37 37
13 37 37
14 37 37
14 37 37
13 38 38
14 38 38
13 37 38
11 40 37
12 40 37
12 37 37
12 38 36
13 37 36
14 36 36
13 39 36
13 39 37
14 38 36
12 38 36
13 36 36
12 38 37
12 37 36
13 38 36
12 38 36
12 39 37
14 38 37
13 38 37
13 39 37
12 38 36
12 38 36
13 39 36
12 38 37
13 38 36
12 38 37
13 39 36
13 39 37
12 37 35
