23 41 50
21 40 48
21 37 49
16 36 48
15 38 46
10 38 47
4 38 37
7 36 38
9 37 35
11 35 34
14 35 32
16 37 33
13 36 34
9 34 31
2 35 32
10 32 34
14 34 37
14 32 35
17 33 37
18 34 36
18 35 38
15 35 37
12 34 38
10 34 36
6 35 37
6 34 38
11 36 36
10 34 35
13 36 35
15 35 34
16 35 33
16 35 32
16 36 32
10 35 33
6 35 33
2 34 32
9 33 34
13 33 34
12 31 33
15 33 35
16 34 35
17 35 36
15 34 36
15 36 36
12 34 38
9 35 37
3 34 36
4 35 35
10 35 36
11 34 34
13 35 34
14 35 33
15 35 33
15 34 32
13 36 33
10 36 33
6 36 35
1 34 33
4 31 33
16 31 33
12 31 34
16 32 34
16 33 35
17 34 37
15 34 36
13 34 38
11 34 36
12 35 38
6 35 37
2 35 38
9 34 37
11 33 35
13 35 35
14 35 33
17 37 33
16 34 33
12 35 34
10 35 33
5 35 33
2 33 32
15 30 31
11 33 35
14 31 35
16 30 35
17 33 35
16 33 35
12 34 36
13 34 38
13 31 37
12 33 39
8 33 37
1 31 35
10 34 37
11 34 35
14 34 35
16 33 35
17 35 35
13 33 36
10 33 34
7 33 35
7 36 35
2 36 33
10 33 33
12 35 36
14 32 35
17 35 36
19 33 37
17 35 37
14 35 37
12 34 38
12 33 37
6 32 36
2 35 39
10 35 38
10 33 35
14 34 34
15 35 33
17 34 32
16 35 34
13 36 34
10 35 34
6 35 35
1 35 32
12 30 31
13 30 33
14 31 32
15 35 35
16 34 35
16 35 36
14 34 36
13 35 36
13 33 36
6 33 35
4 31 39
3 33 38
