15 33 35
16 43 36
16 44 35
14 45 36
17 43 36
16 45 37
16 45 36
16 45 36
17 44 36
16 45 35
15 45 36
16 45 35
16 45 35
15 45 35
17 44 35
14 43 35
15 43 35
15 45 36
13 44 34
9 45 34
7 43 33
5 42 33
12 38 33
15 38 33
17 37 33
19 37 34
20 38 34
20 40 35
13 42 35
11 42 37
9 43 34
6 45 34
10 43 34
16 42 33
17 40 33
18 39 33
19 38 32
16 39 34
11 38 32
6 39 34
3 40 33
6 38 35
17 35 35
17 36 33
17 36 34
20 37 35
19 38 35
16 40 36
14 42 36
14 41 37
13 44 37
6 45 35
5 44 35
12 41 35
16 39 33
16 37 32
18 37 34
20 37 32
14 38 32
12 38 31
8 39 32
5 37 33
2 37 32
12 33 33
14 33 33
17 33 34
20 36 36
19 38 36
17 41 35
15 44 34
13 42 34
10 42 36
8 40 37
4 41 37
12 38 35
13 38 34
13 34 32
19 34 31
17 35 32
14 35 31
6 34 31
2 35 32
4 34 33
15 32 35
14 35 35
18 36 35
18 36 35
19 37 34
15 38 36
12 38 35
7 40 36
3 40 34
4 43 33
12 41 33
14 40 32
14 39 31
18 36 31
19 39 31
17 40 31
15 39 30
10 39 30
11 41 31
5 40 33
9 39 33
16 37 33
15 38 34
17 39 35
19 39 35
16 37 34
13 36 35
8 37 34
7 37 32
3 39 33
10 38 33
13 37 33
13 35 31
17 35 31
19 34 31
16 34 31
7 34 31
3 34 30
4 36 32
13 32 33
13 35 32
16 34 35
19 35 35
20 36 35
16 37 35
13 39 35
8 40 36
5 43 35
7 43 35
15 39 33
14 39 34
16 35 32
19 37 31
19 39 31
14 39 31
10 39 30
9 42 31
8 41 33
4 41 32
9 40 33
17 35 34
18 38 33
17 38 33
19 38 34
18 40 34
17 40 34
15 42 34
14 39 35
15 39 35
14 41 34
15 40 34
8 41 34
8 42 32
15 41 34
16 39 34
9 37 34
10 38 31
12 37 31
13 36 33
12 38 31
10 38 33
14 37 34
15 37 33
14 38 34
10 39 33
11 40 35
16 40 35
12 39 36
11 37 35
12 37 35
13 37 35
12 38 35
12 40 34
13 40 35
13 39 35
14 37 35
12 38 34
14 38 34
15 40 34
12 37 34
13 36 32
11 38 34
12 37 34
13 37 34
14 37 33
12 37 34
12 39 34
13 38 33
13 39 34
13 40 34
14 38 34
13 36 35
13 39 34
11 38 33
13 38 33
13 37 35
14 37 35
