13 38 37
13 38 37
13 37 36
15 37 37
13 37 37
13 38 37
13 37 37
13 38 38
13 38 38
13 39 38
15 38 40
14 37 39
15 39 40
12 38 38
9 39 38
0 41 36
12 38 36
11 37 35
14 38 34
18 37 34
19 36 33
16 36 33
8 38 33
4 39 35
2 37 34
14 37 38
14 35 37
15 37 38
19 36 37
19 36 37
17 37 37
13 37 37
10 39 38
3 40 36
2 39 35
12 37 35
13 38 34
15 37 34
17 37 32
19 37 33
16 37 33
12 38 33
6 40 34
6 39 34
4 37 34
13 36 36
14 35 36
16 38 38
20 34 37
18 37 36
15 37 36
13 39 38
10 38 38
2 39 36
10 40 36
11 36 35
14 39 33
15 39 34
19 37 32
20 37 35
17 38 34
11 38 35
9 40 36
5 40 35
4 38 34
14 37 38
15 37 36
17 37 38
21 35 36
21 36 36
16 37 36
10 38 37
7 40 38
0 40 36
11 39 35
12 38 35
15 37 33
19 36 32
19 37 35
11 38 33
9 37 33
5 37 33
6 37 35
15 35 38
15 35 37
16 36 37
16 38 38
18 36 37
16 37 38
14 39 38
12 38 40
3 39 37
8 39 36
12 38 34
15 38 33
16 39 34
18 38 36
17 39 35
16 38 35
13 38 35
11 39 34
7 39 35
2 38 35
6 38 37
12 36 38
13 36 36
18 34 35
21 34 37
19 36 36
15 37 36
13 38 37
12 37 36
5 40 37
3 40 35
11 38 34
12 36 34
13 39 33
19 38 34
20 37 35
16 38 33
12 40 33
14 39 35
13 39 36
7 38 35
9 38 38
16 36 37
18 38 37
