13 35 37
13 35 36
14 34 37
13 35 37
13 35 37
13 34 37
13 36 38
14 36 38
12 36 38
13 38 39
13 37 38
13 39 38
12 37 37
13 38 39
12 36 37
12 36 38
13 36 38
11 36 39
10 36 38
9 36 38
7 36 38
13 34 37
14 34 37
12 33 37
14 34 38
14 34 38
15 33 38
15 33 38
15 33 39
13 35 39
11 33 39
10 35 39
10 36 37
12 35 36
11 35 35
14 36 35
14 37 35
14 37 36
14 35 36
13 36 36
13 36 37
11 36 38
7 38 37
4 37 38
13 36 36
14 36 36
13 34 36
15 36 37
14 35 37
15 36 37
16 36 38
13 35 39
11 35 39
10 35 40
10 37 37
12 37 37
10 35 35
13 35 34
15 35 34
16 37 34
14 35 34
14 36 35
13 35 35
11 36 36
11 36 36
9 37 36
4 37 38
14 35 36
14 34 36
15 34 36
14 34 36
15 35 36
14 33 37
14 34 38
14 35 38
13 36 38
11 35 38
9 36 37
9 35 38
12 35 36
12 34 35
13 35 35
14 35 34
15 35 35
14 35 35
13 36 35
13 36 35
9 36 36
7 37 36
5 36 37
9 35 37
14 33 35
14 33 36
13 33 35
13 36 37
15 34 36
15 34 37
13 34 38
12 34 39
10 35 38
10 33 36
8 36 36
11 35 34
11 34 32
14 35 33
15 36 34
15 35 34
14 35 35
13 36 34
12 36 35
11 36 35
8 35 35
6 36 37
10 35 37
15 34 36
15 34 36
14 33 36
15 34 37
14 33 37
14 34 38
14 35 38
13 35 39
11 35 38
8 36 38
10 35 35
12 33 35
12 33 33
15 35 34
16 36 34
14 35 36
13 35 35
11 36 36
11 36 37
6 34 38
5 36 36
12 35 37
14 34 36
15 32 36
16 35 37
15 34 36
14 34 38
15 34 38
14 33 38
10 34 38
10 35 37
9 37 37
12 37 36
13 35 34
14 35 33
15 35 34
15 35 34
13 35 35
12 35 34
11 35 35
8 36 37
6 37 36
9 34 36
14 34 36
16 35 36
14 33 36
16 34 36
15 34 36
13 34 36
13 35 37
13 36 38
15 34 38
14 35 38
11 35 38
10 34 37
10 35 37
15 34 35
14 36 35
10 36 34
13 36 35
13 37 35
12 36 36
13 36 35
13 36 35
13 36 35
10 37 38
12 36 38
14 37 39
12 34 38
13 35 38
12 35 40
13 36 40
15 35 40
13 34 39
13 34 40
9 36 39
