11 40 37
2 13 41
57 33 32
14 39 37
15 39 37
13 39 37
12 38 38
14 39 37
12 39 37
13 39 38
13 40 37
15 39 36
12 38 37
13 41 36
14 41 36
13 39 36
13 39 37
8 38 36
5 40 36
1 38 36
14 36 37
15 37 36
18 35 36
21 37 37
20 38 37
18 36 37
15 36 37
12 39 39
4 40 37
4 42 39
11 39 37
12 39 36
16 38 36
18 38 35
20 38 36
15 37 36
10 39 36
5 37 38
2 38 37
14 39 39
12 35 39
16 38 38
21 36 37
22 35 37
18 37 38
14 37 36
13 40 39
10 39 39
3 40 38
9 40 38
11 39 35
13 37 35
15 38 35
19 38 35
18 38 35
15 38 36
12 39 34
8 39 35
5 38 36
7 36 36
13 36 37
13 37 38
15 38 38
18 37 36
18 36 37
18 35 37
16 35 38
15 37 39
10 39 39
3 40 36
8 42 37
11 40 37
14 40 36
17 41 35
17 37 33
18 37 34
14 38 33
11 38 34
9 38 34
6 38 34
4 36 36
12 36 37
11 36 37
17 35 37
19 34 36
17 35 36
17 36 37
15 38 38
14 39 38
2 39 34
9 37 37
13 35 34
16 34 35
19 35 35
17 34 36
16 35 36
14 35 36
13 35 38
14 37 39
15 37 39
12 37 39
6 40 39
4 38 36
10 39 36
12 39 35
14 39 35
17 38 35
19 37 35
17 38 35
13 38 33
14 39 34
14 39 36
14 39 36
13 39 36
9 41 36
13 39 38
16 37 38
15 37 37
10 37 36
15 36 36
16 37 38
14 38 38
14 40 39
12 38 37
13 37 37
13 38 37
13 38 37
13 37 36
