14 41 32
13 40 31
13 41 33
12 40 33
11 40 33
14 40 33
11 40 33
11 40 33
12 39 33
11 39 32
13 39 33
13 39 33
13 39 33
13 41 33
13 40 33
13 41 35
12 41 35
8 40 33
3 37 32
3 40 33
13 35 34
16 35 33
15 36 33
17 35 34
16 37 34
17 39 34
14 40 34
11 42 33
10 40 34
3 43 32
11 43 35
15 40 33
16 38 33
18 38 32
19 40 33
16 40 33
9 39 33
2 38 31
3 36 33
6 37 33
19 35 34
16 37 33
20 36 34
21 37 34
18 37 35
11 42 36
6 42 35
7 42 36
4 45 34
14 40 32
15 39 32
15 39 32
19 38 32
18 39 33
15 41 32
10 41 32
6 41 32
4 39 32
11 39 34
16 38 32
16 38 32
21 37 34
22 38 35
18 39 35
9 42 34
8 41 34
8 42 33
3 43 33
11 42 33
14 41 33
17 38 32
17 36 32
17 38 32
16 39 31
12 39 31
8 38 31
8 37 31
4 36 30
5 39 32
14 37 33
16 36 33
17 36 34
20 35 34
21 37 34
17 39 34
9 41 32
6 42 33
7 43 31
5 43 33
18 40 32
16 40 33
17 37 32
20 35 32
15 37 31
12 37 31
9 37 30
6 39 31
4 37 30
4 37 32
15 33 33
17 38 34
17 40 33
19 37 33
20 39 33
13 38 34
10 37 35
8 38 33
7 38 33
3 41 33
12 40 33
15 38 34
15 38 32
20 37 32
19 38 32
15 36 30
10 37 30
3 37 31
4 37 31
9 35 32
17 34 33
15 37 33
19 36 34
20 36 34
18 35 35
13 37 34
9 38 33
9 39 33
7 41 32
3 42 31
9 40 32
15 39 31
15 37 30
17 35 31
18 37 30
16 35 30
10 38 30
7 38 29
4 38 31
5 38 33
12 36 33
16 37 33
18 37 32
19 36 33
19 37 34
16 38 35
14 39 34
10 40 35
10 41 35
5 42 33
7 40 33
13 40 33
14 38 33
17 36 31
17 37 31
17 37 32
14 36 32
12 35 31
12 37 30
10 38 32
8 40 35
8 37 34
16 34 34
14 37 34
14 37 35
16 39 36
16 38 36
16 39 36
15 41 36
7 41 35
14 39 34
13 42 34
14 39 35
8 41 33
11 38 34
15 40 33
14 40 34
11 40 33
13 42 34
9 41 33
15 39 33
16 42 36
17 41 37
17 41 37
14 40 39
13 40 39
13 39 39
15 39 37
15 39 38
12 39 37
14 39 37
14 39 36
12 39 36
12 39 37
13 40 37
13 40 36
13 40 37
13 39 37
14 40 37
14 40 36
14 40 36
14 40 36
15 39 36
14 40 36
14 40 36
13 40 36
13 40 37
13 40 37
13 40 36
