28 52 31
26 52 31
24 51 32
25 49 33
24 48 33
23 45 35
21 46 39
16 47 39
17 56 41
11 53 42
13 53 37
14 51 34
15 44 32
19 44 31
18 44 34
13 48 34
5 52 33
8 50 34
14 49 36
19 43 36
21 42 36
25 40 36
23 43 35
24 44 36
25 47 38
22 49 41
19 53 42
17 54 41
15 46 38
16 48 35
18 43 34
19 42 33
18 40 32
18 38 30
10 38 37
4 45 32
2 45 35
5 35 37
13 41 35
12 40 36
17 40 39
22 39 39
24 37 40
25 39 42
21 44 42
17 52 44
17 54 43
19 50 41
21 49 39
23 48 35
19 45 38
23 33 35
33 35 41
15 50 48
17 63 47
16 52 41
16 45 42
18 48 43
20 43 41
23 40 41
21 44 41
24 46 41
26 47 41
25 50 39
23 49 42
23 57 40
19 56 43
22 47 40
23 52 38
23 49 39
26 47 36
27 47 35
24 44 37
19 54 42
17 51 42
17 50 43
21 48 40
23 44 41
22 36 43
24 42 40
22 32 44
20 41 32
14 35 39
7 39 39
3 40 36
4 37 38
10 36 35
11 35 35
13 36 33
16 35 32
16 34 32
14 36 31
9 37 31
3 37 30
6 34 30
10 33 31
10 32 33
15 32 32
18 35 33
17 35 33
17 36 35
14 36 37
12 39 39
7 39 40
7 36 38
8 35 34
12 35 33
15 35 34
17 36 34
18 36 35
11 35 38
4 35 36
2 31 40
5 27 39
6 30 43
14 33 48
22 30 44
28 30 46
32 26 47
34 25 50
36 26 53
37 27 51
29 33 51
21 35 46
22 39 38
18 37 50
33 41 59
40 36 58
29 35 54
32 37 53
35 36 54
33 38 55
32 38 54
27 34 52
26 37 51
25 37 50
21 38 48
23 39 51
23 49 52
26 47 59
37 42 62
40 39 61
39 35 61
38 29 55
35 29 53
29 23 45
27 25 41
25 23 42
27 25 41
25 23 43
29 34 54
43 19 46
35 22 57
40 29 49
41 25 54
40 28 52
37 31 50
41 29 50
38 31 51
40 33 51
41 30 49
42 29 51
41 29 55
41 28 54
40 30 53
39 30 57
30 30 48
28 32 54
26 32 53
31 36 50
31 33 50
24 41 53
20 37 53
17 32 51
21 32 49
23 33 49
25 32 44
24 38 40
23 49 39
21 50 44
24 46 47
23 50 47
21 52 47
16 53 43
18 53 38
17 53 36
22 48 36
22 49 34
24 48 32
27 49 32
27 51 33
28 49 33
29 50 33
30 54 32
29 49 31
29 55 27
29 59 26
29 51 29
27 51 30
24 50 31
28 52 31
28 52 30
29 53 32
28 54 31
28 53 31
29 53 30
30 53 30
30 52 30
30 53 30
28 53 29
30 54 29
31 53 28
31 53 28
31 52 28
30 53 28
31 53 27
30 54 28
