12 38 35
12 36 34
12 35 35
12 35 34
11 34 34
12 34 34
11 35 33
12 35 34
12 35 34
12 35 35
11 35 34
12 36 35
12 36 35
12 36 35
13 37 34
12 35 35
13 36 35
11 37 36
12 36 37
13 35 37
14 36 38
14 36 37
13 38 39
12 36 37
10 36 36
10 35 34
7 35 33
11 35 32
14 34 32
12 33 32
13 36 32
13 37 33
14 37 34
13 37 36
11 37 36
11 38 36
10 37 35
7 36 35
9 35 34
8 33 33
15 34 34
16 30 34
14 31 34
12 31 33
12 32 36
11 31 36
13 32 37
13 33 38
13 34 36
13 35 36
10 34 35
6 32 35
5 33 34
10 30 30
16 29 30
15 30 31
13 30 30
13 30 32
13 30 31
12 32 32
12 34 33
13 34 34
13 35 34
12 34 34
7 36 34
3 37 31
3 35 30
9 36 29
14 38 29
17 31 30
16 34 35
11 43 40
9 47 32
16 47 35
25 37 34
28 37 34
20 45 32
11 46 46
16 42 40
9 54 33
11 41 31
13 43 31
16 39 28
13 38 28
14 41 28
14 42 31
16 42 31
18 40 28
18 47 29
15 41 29
16 38 31
12 49 29
11 41 30
7 45 29
7 45 26
15 43 30
19 41 28
20 37 31
13 35 32
11 37 33
12 44 32
16 43 34
15 45 36
20 39 34
20 38 35
17 41 35
12 41 34
7 45 38
7 42 35
10 37 33
14 37 31
14 33 31
13 34 32
15 35 32
14 36 36
11 37 36
11 36 38
13 38 38
12 37 36
9 38 34
6 37 35
5 34 33
6 35 31
9 34 33
16 33 32
16 34 33
10 35 35
11 37 35
12 37 36
11 38 37
13 38 35
14 38 37
12 36 36
11 36 36
9 36 36
9 36 34
4 35 32
11 31 33
16 34 33
14 31 32
13 34 31
14 36 32
13 36 33
13 36 34
13 35 34
14 35 32
15 35 33
11 35 32
6 35 31
3 33 30
5 34 31
13 33 30
16 31 29
15 30 29
14 31 31
11 30 32
12 32 33
14 32 33
14 34 32
16 35 33
15 33 33
14 36 34
13 34 34
7 35 32
5 33 29
13 35 34
14 32 33
11 31 30
12 36 31
13 35 31
14 35 30
14 35 31
11 35 33
12 36 31
10 36 31
10 36 31
8 36 33
11 35 37
15 30 35
13 33 36
10 34 35
12 32 34
15 32 34
14 32 34
13 34 35
14 36 34
13 36 35
13 35 34
8 37 36
8 36 34
10 35 34
16 32 33
10 35 32
11 33 30
11 34 32
14 36 31
13 34 30
12 36 31
8 35 30
12 37 34
13 37 39
11 32 36
12 35 36
12 33 37
11 33 36
14 32 36
13 33 36
12 35 37
12 35 37
13 34 34
12 37 35
12 35 36
13 36 35
12 38 33
12 38 35
13 37 34
11 36 32
13 37 32
13 37 32
10 37 32
13 37 34
12 37 36
13 36 35
12 35 35
11 36 35
13 36 34
13 37 36
14 38 35
13 37 35
12 37 35
12 38 35
12 37 34
13 37 35
11 35 35
12 37 35
13 36 35
13 36 35
14 37 34
14 37 35
13 37 35
12 38 34
13 37 36
12 37 34
12 36 34
12 37 34
13 36 34
12 36 34
10 37 35
14 36 34
12 37 34
12 38 34
12 36 34
12 37 35
12 37 33
13 37 35
12 37 34
12 36 34
13 36 34
13 36 35
