38 40 48
40 41 46
41 43 42
38 48 42
37 42 40
33 44 43
28 46 46
22 51 51
20 46 46
18 47 47
20 43 44
19 46 42
17 49 41
19 45 42
18 44 41
13 41 42
9 46 37
5 46 37
12 42 33
11 42 31
13 41 31
16 41 31
18 41 30
17 41 32
17 41 32
11 43 32
6 44 32
2 44 33
14 38 33
13 40 35
14 37 33
16 38 35
18 38 36
18 39 36
16 40 35
14 42 35
10 43 36
9 43 35
8 44 35
14 42 35
12 39 31
15 41 32
16 40 31
17 39 31
17 41 31
15 40 33
11 42 33
8 43 33
2 42 31
16 39 35
15 38 36
14 37 32
15 40 36
19 40 35
18 38 35
15 42 35
12 42 35
12 41 36
6 44 35
10 45 37
11 39 33
11 39 31
15 39 32
16 38 32
17 39 32
17 41 33
14 40 33
12 39 34
4 42 32
3 38 28
18 35 36
10 37 34
15 37 36
19 37 36
17 40 35
17 39 36
16 40 35
12 41 36
8 42 36
4 43 36
17 40 38
11 39 33
15 40 34
15 39 31
17 39 33
17 39 31
15 39 33
11 42 32
8 41 32
4 42 31
11 38 32
16 38 34
15 38 35
15 39 37
17 40 35
17 39 36
17 40 35
14 39 35
16 41 37
9 42 34
1 46 35
12 43 37
12 41 33
13 41 33
16 40 34
18 41 33
18 39 32
16 40 33
13 41 32
8 43 33
6 41 32
7 39 32
17 37 36
10 40 35
15 37 36
16 39 34
17 38 35
17 40 35
15 40 35
14 41 35
9 43 34
1 45 35
11 44 36
11 41 32
16 39 33
16 38 29
18 39 30
16 38 30
14 40 28
14 40 30
12 42 31
7 42 33
5 41 32
16 37 35
12 38 35
15 37 34
17 40 34
19 39 36
16 40 36
13 40 35
13 41 34
11 40 36
8 41 34
9 41 36
16 38 33
12 40 31
14 40 32
16 39 32
17 39 32
15 41 32
13 40 32
10 40 33
6 41 34
4 39 30
18 38 34
14 38 33
13 34 35
17 38 34
16 39 36
14 40 36
16 38 34
15 41 36
12 43 37
10 42 33
9 46 35
12 44 34
12 39 30
14 39 30
13 39 29
16 40 30
16 39 31
17 40 30
12 39 32
10 41 31
7 41 32
4 41 32
16 37 33
12 37 32
14 35 33
16 38 33
16 38 35
18 40 35
15 40 35
13 40 34
11 40 35
9 38 38
9 41 35
6 43 33
13 40 33
13 39 31
15 40 33
15 39 32
16 39 32
15 38 32
14 39 32
14 42 32
14 40 32
10 42 34
4 42 32
7 39 31
11 41 34
7 45 34
9 46 35
17 46 35
23 49 36
27 50 37
33 45 39
38 43 37
41 44 39
39 43 38
41 48 47
39 42 47
38 36 51
43 35 51
43 37 52
44 37 50
44 36 50
43 37 50
43 35 51
43 37 50
43 37 49
43 36 49
43 36 50
44 36 50
