38 45 44
0 38 45
0 38 45
0 39 45
39 41 45
37 44 45
35 44 48
35 41 44
31 44 47
27 53 49
25 45 43
22 46 44
19 47 44
12 45 43
8 44 41
0 44 39
10 42 37
8 41 33
10 37 32
15 37 32
16 37 31
18 39 33
15 39 32
9 38 33
4 39 33
3 39 32
18 35 35
14 35 34
16 35 35
13 37 36
16 37 36
16 38 36
14 38 37
11 38 37
8 40 36
7 40 37
11 38 34
9 37 34
13 38 34
15 37 31
17 36 32
16 37 32
14 37 33
10 37 33
6 38 34
4 38 35
16 36 38
11 38 36
16 37 36
16 37 35
17 37 35
16 38 35
13 39 36
10 36 36
8 38 36
5 39 35
8 38 36
12 39 34
12 37 31
14 38 33
14 38 32
18 38 33
16 37 34
11 37 33
10 38 33
5 37 34
5 37 34
15 35 34
12 35 36
16 36 35
18 36 35
18 37 34
14 37 35
12 37 35
11 37 36
8 38 36
5 38 36
8 36 38
12 35 33
11 36 33
13 37 32
15 36 32
15 36 31
15 35 33
13 36 33
10 37 32
8 38 33
5 37 32
11 35 32
14 36 34
13 34 34
16 36 34
17 35 34
16 35 35
15 36 35
13 36 36
8 36 35
7 39 35
5 38 36
10 37 35
11 37 32
13 37 32
14 37 32
15 37 32
16 38 33
15 39 33
13 38 33
10 37 34
6 38 34
3 39 33
10 35 33
15 36 36
12 35 36
16 36 36
16 35 35
18 36 35
15 36 36
12 38 36
11 36 36
6 37 35
3 39 37
11 38 37
13 38 34
14 37 33
18 38 32
16 37 32
15 38 32
14 39 33
13 39 33
10 39 34
7 37 32
1 39 33
13 35 32
13 36 34
12 35 34
17 36 34
18 36 33
16 36 35
15 38 35
13 37 36
13 37 35
7 37 35
8 38 35
8 39 35
13 38 33
12 35 31
15 37 32
14 36 32
14 36 32
15 37 32
13 38 33
12 38 33
9 38 33
6 37 33
4 35 31
15 35 34
13 36 34
16 35 35
16 34 34
16 35 35
15 38 37
14 37 36
13 36 36
10 35 37
8 39 37
7 38 35
7 37 35
11 34 33
12 36 31
15 38 32
14 36 32
15 37 32
17 37 32
15 37 33
13 38 33
11 37 33
7 37 35
2 39 33
11 37 33
12 36 33
14 35 33
17 36 35
16 36 33
17 36 34
15 36 35
13 37 35
11 38 34
11 39 36
10 37 36
3 40 35
11 35 34
13 36 31
13 37 31
14 36 30
16 37 31
15 37 32
15 38 31
14 40 32
13 39 33
11 39 33
9 38 33
6 37 31
4 38 31
15 36 33
11 36 34
12 35 34
14 37 34
14 37 35
15 38 35
15 40 36
13 48 38
14 54 41
19 52 41
27 47 41
33 42 38
37 44 43
39 45 42
42 42 45
40 37 46
39 40 51
38 37 52
39 39 54
40 37 51
40 35 51
40 35 51
41 37 51
40 38 51
42 36 51
40 36 52
42 36 50
