17 46 32
15 44 32
16 44 32
15 45 32
16 46 32
15 46 34
17 46 33
16 46 33
18 43 32
18 47 31
15 46 32
15 47 33
17 45 32
18 46 31
16 45 31
18 47 31
17 42 31
15 46 29
17 43 28
10 46 28
6 52 28
6 45 31
11 33 33
14 40 31
17 40 32
20 40 34
23 42 34
22 40 35
21 43 38
18 48 39
11 56 39
11 53 38
17 45 31
17 44 33
19 45 31
22 41 30
21 38 32
19 45 32
15 46 29
8 49 28
8 47 29
4 48 29
12 36 31
16 37 32
18 44 32
22 42 34
24 39 32
22 41 37
17 43 40
19 51 43
13 55 46
11 49 37
18 44 34
19 45 32
19 44 31
21 41 31
20 37 32
17 47 31
13 45 29
12 49 28
10 47 29
2 52 29
11 37 30
15 35 34
18 42 31
20 43 32
24 39 34
22 41 35
18 43 39
18 48 40
20 50 40
13 54 36
13 48 40
20 45 33
19 47 32
19 42 31
24 38 32
21 45 30
17 47 31
14 44 30
11 49 28
15 46 30
7 49 28
2 44 32
11 34 31
18 41 32
22 43 35
22 39 35
22 40 33
21 44 37
19 46 42
17 51 40
15 54 37
14 44 40
17 48 30
18 42 32
21 41 31
21 39 31
16 40 32
14 50 28
11 41 31
13 48 29
9 45 30
0 50 28
10 35 32
15 40 32
20 44 32
25 40 34
24 35 33
17 42 41
16 48 39
20 49 41
15 54 41
14 43 37
12 49 42
17 46 31
17 44 33
19 43 30
23 38 30
20 38 32
16 46 29
9 46 29
11 49 30
5 51 31
5 41 28
13 33 33
17 42 32
20 43 33
20 44 33
23 37 35
21 43 38
21 47 42
17 50 42
15 51 34
14 49 40
18 45 33
18 51 33
16 45 33
19 38 35
19 36 34
20 44 34
11 50 30
8 46 31
4 48 33
5 39 34
13 36 34
16 42 32
18 42 35
19 39 36
23 39 36
21 41 38
21 44 40
18 47 42
10 60 39
15 43 44
17 45 33
18 44 32
19 40 33
20 43 31
20 42 32
17 46 31
14 47 32
17 47 32
18 43 33
16 48 31
13 46 32
9 47 30
12 44 32
17 35 32
13 40 34
12 47 34
18 44 39
21 42 35
21 40 34
16 48 36
16 49 36
12 57 40
14 40 33
18 40 35
17 45 32
12 41 32
11 47 30
17 45 31
16 42 30
15 47 31
15 47 30
16 46 31
17 47 32
18 48 30
18 49 32
18 47 33
17 47 32
16 46 34
16 42 35
16 42 34
15 42 34
15 47 34
13 45 38
18 45 35
19 42 35
16 47 36
18 49 36
18 47 37
17 46 37
17 48 34
16 46 35
17 44 35
16 45 34
16 44 34
16 46 34
16 46 33
17 47 33
16 47 32
18 47 32
