9 44 46
5 41 42
4 40 40
9 39 36
11 38 32
12 35 33
15 36 34
15 37 33
14 36 34
14 36 34
11 37 34
7 34 34
1 35 31
11 32 33
13 35 37
14 34 35
17 35 37
19 35 37
18 37 36
16 35 35
15 35 37
14 36 37
11 37 37
3 37 38
2 38 39
9 34 32
12 33 32
15 36 32
18 37 33
17 36 32
16 36 32
13 36 32
9 35 34
7 35 33
1 34 32
9 31 33
13 32 36
11 30 35
15 32 38
16 35 35
19 35 36
17 34 36
14 35 36
13 35 37
11 36 38
8 35 38
2 35 37
4 35 36
10 36 34
14 35 32
15 34 31
16 36 32
17 36 32
15 36 32
12 36 34
12 37 35
8 36 33
6 35 34
4 36 32
14 32 33
14 32 36
14 33 36
14 33 37
16 33 37
18 36 38
17 36 37
15 38 37
15 38 39
13 35 39
3 37 38
2 36 39
9 35 37
11 35 34
12 34 33
14 36 32
15 35 33
16 36 32
17 35 32
14 35 34
13 36 34
10 36 35
7 35 33
0 35 33
3 35 33
15 32 34
12 31 34
15 29 34
12 31 36
15 31 37
15 34 35
16 35 34
13 35 36
15 34 38
13 34 39
9 31 41
6 36 37
4 32 34
7 32 33
11 33 31
13 31 30
14 35 32
15 35 31
15 34 32
14 35 33
15 36 33
12 35 33
10 36 35
9 36 35
6 35 34
2 33 31
10 33 32
12 33 33
13 29 32
15 33 34
15 35 36
17 35 36
16 36 36
14 35 35
13 36 36
12 34 38
9 33 39
4 37 37
1 36 37
11 35 33
11 34 30
15 34 32
14 36 33
16 35 32
16 35 33
13 35 33
12 36 34
10 35 34
6 33 32
2 33 33
10 32 32
