14 39 34
15 40 35
12 42 33
12 41 30
13 42 31
14 43 30
13 43 31
13 41 31
12 41 31
14 41 32
13 39 32
13 38 32
14 39 31
14 41 32
12 41 33
7 40 32
3 39 31
6 37 32
13 36 32
17 34 33
15 34 34
18 36 34
17 36 34
17 37 35
17 38 34
13 41 34
5 43 33
4 46 33
10 40 34
14 39 34
14 38 31
19 38 32
20 37 31
16 40 32
10 39 31
2 39 31
2 40 31
7 37 33
18 34 32
16 36 33
19 36 33
22 38 34
20 38 34
12 40 35
10 42 36
11 42 36
5 42 33
4 43 34
9 40 32
17 40 34
16 39 33
20 37 32
17 39 33
14 39 33
13 38 33
8 42 32
5 39 32
4 39 32
11 36 33
16 37 34
17 36 34
18 38 35
20 40 34
20 38 35
16 40 35
12 41 36
8 45 35
5 43 35
3 44 33
11 42 33
16 40 33
18 39 33
19 38 33
22 39 32
20 40 32
13 42 32
6 42 33
5 41 33
2 41 32
11 37 34
15 40 35
18 39 35
19 42 34
21 43 33
24 41 37
23 43 40
15 49 39
12 50 37
12 48 34
9 46 36
16 44 37
16 46 33
18 43 30
21 42 30
20 41 32
16 43 33
7 41 33
2 40 33
3 41 35
9 39 34
15 36 35
14 36 34
18 37 34
21 37 35
20 38 34
16 40 36
12 43 36
9 42 36
4 43 35
4 42 33
14 40 33
15 38 33
18 36 31
19 40 31
20 39 30
16 38 31
11 39 31
9 41 31
7 40 33
3 40 32
7 38 33
15 38 33
17 36 35
17 37 34
20 38 33
19 37 34
16 36 35
13 40 34
15 38 35
16 39 37
13 44 34
10 40 34
14 42 35
12 41 34
15 41 32
15 39 33
10 40 31
11 41 30
14 42 32
15 41 32
7 42 32
7 44 34
16 41 35
19 43 33
16 45 32
15 46 33
19 45 34
21 36 35
22 40 37
25 40 30
15 52 33
10 54 34
14 51 32
20 38 38
21 49 35
17 50 36
17 48 33
20 50 32
24 45 32
23 43 33
16 44 29
13 54 31
18 45 32
21 46 31
17 45 25
13 43 27
8 48 30
14 40 28
17 43 32
17 45 30
17 45 31
17 45 32
16 44 32
16 45 31
18 47 32
18 48 30
17 48 30
17 47 30
17 47 30
17 46 31
17 47 31
18 47 30
18 49 31
18 47 31
18 47 30
18 47 31
18 48 30
19 48 31
18 47 31
20 48 31
