34 39 41
32 41 41
29 39 43
23 42 42
14 51 49
17 48 47
17 43 42
16 42 41
14 41 40
9 40 39
5 39 38
2 38 37
7 36 35
9 35 34
10 33 32
10 36 30
15 33 31
18 35 31
16 35 32
14 37 33
11 36 33
10 37 33
7 37 31
0 36 29
15 33 31
13 33 32
14 35 34
17 38 36
19 35 35
17 36 35
14 38 36
7 36 35
5 37 35
5 39 37
10 36 35
10 36 33
14 36 30
19 36 31
17 38 32
17 38 33
12 37 33
9 38 33
1 37 31
0 35 29
15 28 29
13 32 30
17 35 33
21 33 35
18 36 34
16 35 35
12 34 35
9 33 36
6 32 36
0 30 29
12 32 35
14 37 32
16 35 29
18 36 30
16 33 31
15 35 30
14 36 32
13 36 32
10 35 29
6 36 30
0 37 27
11 34 30
12 32 32
11 33 31
11 34 33
13 37 33
15 39 37
14 43 39
17 42 39
22 47 48
22 49 42
28 45 43
31 45 45
33 43 47
34 37 44
36 36 49
36 39 51
36 36 53
39 36 54
37 36 51
39 36 52
39 37 53
39 35 51
40 35 52
39 37 52
39 35 52
39 36 52
39 35 53
40 35 52
39 35 51
39 35 52
39 35 52
38 35 53
38 34 50
40 36 53
39 35 51
40 34 52
39 34 52
39 34 52
39 34 51
38 36 51
38 34 53
40 35 54
42 33 51
