13 39 37
57 33 32
14 40 37
13 41 38
14 41 39
13 41 36
14 40 38
13 41 39
13 39 37
14 41 38
15 41 38
14 40 38
14 41 39
14 41 38
13 41 38
13 40 38
13 40 38
13 39 37
15 36 37
13 36 38
10 38 38
13 37 39
15 34 40
15 37 39
14 38 38
15 37 38
14 38 37
11 39 36
7 38 35
7 39 35
13 36 35
13 35 34
14 38 33
14 37 35
13 37 34
12 38 34
14 38 34
13 38 34
11 40 35
6 40 36
3 43 34
7 41 35
16 34 33
20 31 32
15 32 32
14 36 35
14 36 35
13 37 36
13 37 36
14 36 35
13 36 35
11 36 38
8 40 38
7 39 38
15 36 36
15 36 33
13 37 34
14 39 34
15 39 35
15 38 35
16 40 36
16 40 36
15 40 37
3 43 40
2 43 40
5 41 38
17 40 36
20 34 32
15 35 33
14 36 34
13 35 34
14 38 35
15 37 37
15 37 37
16 36 37
12 37 38
9 39 38
7 39 40
10 39 37
13 38 33
15 39 35
16 38 33
14 39 34
16 39 34
16 38 35
15 37 35
17 38 36
7 41 37
5 43 39
6 42 37
14 38 35
20 32 31
15 33 32
13 36 33
14 35 36
13 36 36
14 36 37
16 36 36
15 37 36
12 39 37
8 39 38
7 39 37
9 39 36
15 39 35
15 39 33
14 37 32
14 39 33
15 39 33
15 38 34
14 39 34
12 38 34
7 40 35
6 41 35
7 40 34
14 37 33
18 35 34
16 35 34
14 36 34
12 35 36
13 36 36
14 38 37
17 36 37
16 37 37
13 38 38
10 40 39
10 41 38
6 41 39
10 40 36
11 37 34
14 37 33
15 39 33
14 38 32
14 38 34
14 39 34
14 38 35
15 39 33
15 41 34
13 40 34
12 42 35
13 41 34
14 41 35
12 42 35
10 40 37
9 41 36
8 41 35
11 38 36
15 37 35
17 35 35
17 35 34
16 34 33
13 35 32
8 36 35
8 39 36
13 36 35
17 35 36
19 37 36
12 38 37
7 40 37
11 41 36
13 40 34
13 41 34
13 41 34
13 40 35
14 38 36
12 39 37
16 39 38
14 40 37
14 38 37
13 39 38
12 37 37
12 37 38
13 38 38
13 40 39
13 37 38
14 39 38
15 38 39
14 39 37
14 37 38
16 39 39
16 38 38
11 39 37
11 40 37
10 41 37
8 39 36
13 40 36
12 38 36
14 39 36
14 39 35
13 39 37
12 39 38
15 39 40
14 37 39
14 38 41
12 35 41
15 36 41
15 37 39
14 37 38
13 38 39
13 37 38
12 40 38
14 39 38
13 41 38
14 38 38
13 38 37
13 38 39
14 39 39
14 38 39
14 39 38
13 38 39
13 38 38
13 38 38
14 38 38
14 39 39
14 38 38
13 38 38
13 38 39
14 39 38
13 39 38
13 39 38
14 39 38
14 39 38
14 37 38
