12 38 34
14 38 33
13 39 34
10 39 33
1 39 34
4 38 34
13 34 35
14 33 33
17 35 34
20 34 35
17 34 35
15 35 35
14 36 36
12 37 36
16 38 39
14 38 38
14 37 37
9 38 38
3 39 36
5 40 36
11 38 35
13 37 34
16 37 32
19 35 34
19 36 33
14 36 31
8 36 31
4 37 33
0 38 32
10 36 35
15 35 35
17 35 35
21 36 35
22 35 36
17 36 35
13 38 36
12 39 36
8 37 36
0 40 34
7 39 35
13 36 34
16 36 33
20 38 34
19 36 32
15 38 32
11 38 33
11 38 33
3 37 33
1 37 33
11 34 34
13 32 34
20 35 34
23 33 35
21 34 35
15 37 34
12 37 36
14 37 37
10 36 37
1 38 36
7 38 36
11 36 34
15 37 33
17 37 32
19 36 33
15 37 32
12 37 31
10 38 32
7 37 32
3 37 32
2 35 33
12 33 35
15 34 34
20 35 35
22 35 35
19 36 36
13 38 35
14 38 36
11 38 37
7 39 36
0 38 35
9 37 35
14 35 34
15 36 33
17 36 32
20 36 33
16 37 31
10 38 33
11 38 33
8 36 34
2 36 34
6 33 33
13 32 34
15 35 34
19 35 35
22 34 35
20 36 35
15 36 36
14 37 37
12 37 37
10 38 37
0 38 36
7 38 37
11 37 34
14 37 33
19 36 34
21 36 33
16 37 33
13 37 31
11 37 31
9 36 33
3 37 33
0 37 32
10 35 35
15 32 34
21 34 34
24 35 36
22 36 36
15 38 35
11 38 35
15 38 37
15 36 37
13 39 37
10 40 37
8 40 36
9 38 36
16 39 36
14 39 34
9 39 31
13 40 31
14 37 32
12 39 32
13 38 32
13 39 34
11 38 34
11 39 36
9 37 35
12 37 37
16 34 35
12 35 36
10 38 36
13 37 38
16 35 37
