12 34 36
12 35 35
13 35 34
13 35 34
13 36 35
11 36 36
12 35 36
12 36 35
12 34 35
11 34 34
12 35 34
12 35 34
11 34 34
13 35 35
12 33 34
13 34 35
13 35 35
12 37 34
12 35 35
12 35 36
12 36 35
12 35 35
13 36 36
11 35 36
10 38 36
12 35 34
11 37 35
14 35 35
14 36 36
14 37 37
13 37 36
13 37 35
14 36 35
11 39 35
7 36 33
13 36 36
11 37 34
9 34 31
11 34 31
11 35 31
13 36 30
11 35 30
11 35 29
8 35 30
3 34 32
10 34 34
13 34 35
15 30 31
16 32 33
18 34 33
14 34 33
15 35 34
11 36 33
7 34 34
7 36 36
4 37 36
9 34 32
10 35 31
16 35 31
17 35 31
17 36 30
16 34 30
14 36 31
11 36 31
4 34 32
0 31 30
13 34 37
13 33 34
19 32 33
18 35 34
18 35 33
16 35 34
14 35 34
12 37 34
11 37 36
0 36 33
2 37 34
9 34 32
14 36 32
17 35 33
18 35 31
16 34 30
14 35 31
12 36 30
8 37 31
4 35 30
2 34 33
11 34 34
15 33 35
17 35 34
18 35 35
18 36 36
14 36 33
10 34 33
14 33 36
14 36 36
8 36 34
4 35 34
5 36 34
12 35 32
13 33 30
14 33 31
15 33 30
15 34 31
15 34 31
12 33 31
8 33 31
12 34 32
11 35 33
14 33 34
12 35 36
13 34 35
12 33 36
13 34 34
11 35 35
7 35 34
14 36 34
13 37 34
13 36 34
12 36 34
11 35 34
13 36 34
12 37 34
12 37 33
11 37 33
12 37 33
14 36 34
12 38 34
12 37 33
13 36 34
11 38 34
12 38 34
12 38 34
11 37 33
11 37 34
11 37 34
12 36 34
12 36 33
12 36 34
11 37 34
12 35 33
13 36 34
12 36 33
12 36 33
11 35 32
11 35 33
11 34 32
12 35 33
15 34 34
13 33 32
11 34 32
11 35 31
13 34 33
11 35 32
12 35 33
11 35 33
12 35 33
13 35 32
12 36 32
11 36 32
11 36 32
10 35 32
12 36 33
13 36 32
12 36 32
11 35 31
12 36 33
13 36 33
12 35 33
12 34 32
13 36 32
