1 41 35
12 40 35
11 36 33
14 37 31
16 38 31
16 37 31
16 38 32
15 39 31
13 39 32
11 39 32
7 40 32
3 37 29
9 33 30
13 34 32
11 34 33
12 35 36
15 34 36
17 34 35
16 34 34
12 35 34
11 34 32
11 37 34
10 34 34
2 40 37
10 36 33
9 35 31
9 32 29
12 35 31
13 35 30
15 36 31
16 37 30
15 37 32
14 37 32
10 37 33
3 42 31
3 38 31
15 36 30
13 39 36
13 39 35
15 36 34
16 38 33
16 39 35
14 38 34
13 37 34
12 38 34
10 39 35
7 37 33
1 40 33
11 38 33
10 35 29
13 36 29
15 37 30
15 36 31
18 37 30
16 37 31
14 37 33
11 38 32
9 37 31
5 36 31
2 38 30
12 33 32
12 35 34
14 32 33
13 34 35
16 35 35
16 35 33
15 37 35
14 36 34
13 38 33
12 38 34
8 36 36
1 43 37
11 42 34
13 33 30
13 35 30
15 37 31
16 35 30
17 37 32
14 38 33
14 41 33
13 38 35
8 38 34
4 36 33
1 34 26
8 35 29
15 30 32
13 37 35
15 37 36
14 38 34
17 36 34
16 35 33
13 35 34
12 34 36
11 37 36
12 37 35
10 38 35
5 38 34
2 39 37
12 41 35
11 36 31
12 37 31
14 38 29
15 37 30
17 36 29
15 37 31
15 37 30
13 38 31
12 38 32
12 39 32
6 38 31
3 37 30
5 36 30
17 33 33
12 35 33
13 35 35
14 36 33
15 36 34
15 35 36
16 36 34
14 38 34
12 35 36
13 37 36
8 39 35
1 39 33
4 39 34
11 36 33
12 36 32
15 37 31
17 37 31
17 36 29
15 36 31
13 40 31
13 38 32
14 39 32
10 38 33
