37 36 52
37 38 50
37 37 45
36 41 44
32 47 47
28 43 45
25 43 45
20 48 49
17 46 45
17 43 42
14 45 41
14 45 40
13 43 40
10 42 38
4 41 38
5 40 37
11 40 33
11 35 30
14 37 31
15 38 31
17 36 31
13 38 32
14 37 32
11 39 33
5 37 33
0 38 33
13 35 35
14 34 36
11 32 33
17 34 36
17 34 35
18 34 35
17 35 34
15 37 35
11 36 35
7 39 35
4 39 36
5 39 38
10 37 35
12 36 35
18 36 34
17 36 31
15 37 33
13 38 33
11 37 32
10 35 34
8 36 33
2 36 34
14 37 36
13 32 37
13 30 34
18 32 36
17 36 37
15 38 36
14 36 35
12 37 36
11 36 35
7 36 36
3 40 38
10 37 32
13 33 29
16 38 31
15 36 31
15 39 33
15 39 33
13 39 34
8 37 32
5 34 30
2 35 30
14 32 31
12 32 33
12 32 32
18 35 34
18 34 35
16 37 34
14 35 34
13 37 35
8 38 37
8 38 36
7 39 38
12 37 36
10 37 33
12 38 34
13 38 33
17 36 32
17 37 34
16 37 33
11 37 34
7 34 32
0 38 32
5 38 31
14 35 33
13 34 31
19 36 34
17 37 34
18 36 35
16 36 36
12 36 35
7 37 36
6 39 37
8 38 39
9 36 34
10 35 34
14 38 33
15 37 32
15 37 32
16 36 32
12 38 32
6 37 33
3 38 33
10 34 35
15 34 36
11 33 33
13 35 35
17 37 36
19 37 36
15 37 35
14 37 35
12 38 36
8 37 35
2 40 37
12 37 37
11 36 33
15 37 34
16 37 35
16 36 33
14 37 33
12 36 33
7 37 33
6 36 32
2 35 32
13 34 33
11 34 35
13 33 35
17 35 36
14 36 34
18 38 36
13 35 35
11 37 36
9 38 36
5 38 37
6 38 37
10 39 34
13 35 34
13 37 32
17 37 33
16 36 33
13 37 31
10 38 32
10 37 33
5 37 33
3 35 35
16 33 35
14 37 37
18 35 36
18 36 35
17 37 36
16 38 36
13 37 35
10 37 36
10 37 37
3 39 37
7 37 38
12 38 35
11 35 32
13 36 33
15 36 32
16 38 32
15 37 32
12 36 32
12 36 32
9 37 33
3 35 34
10 35 35
15 35 36
13 33 34
16 35 35
16 36 36
16 38 36
17 36 36
12 38 36
10 38 36
8 37 36
4 40 38
9 38 36
12 35 34
11 36 33
13 37 32
15 37 30
16 37 31
15 37 31
14 37 31
14 38 33
12 38 32
7 37 33
2 35 33
13 34 36
13 34 35
9 33 33
13 36 33
14 35 33
13 38 35
11 42 36
16 41 35
19 42 41
16 44 41
16 51 47
18 53 46
26 45 46
31 45 41
37 42 42
39 45 42
40 42 44
39 41 45
38 40 48
40 36 49
39 37 53
40 36 52
40 38 52
41 36 50
40 35 51
41 36 51
40 37 51
41 35 50
41 36 53
39 34 51
40 36 53
40 34 52
41 34 51
