13 37 34
13 37 33
13 38 34
12 38 33
11 39 33
12 38 33
13 37 33
12 38 34
12 39 33
10 39 34
11 38 34
12 39 34
14 37 33
10 37 32
9 38 33
5 37 34
5 37 33
8 34 34
17 33 32
16 35 35
17 37 34
21 36 35
19 37 36
13 38 36
13 41 36
11 43 36
6 42 33
5 44 34
11 43 31
14 42 31
15 41 30
19 38 32
19 35 32
18 39 31
8 39 30
3 38 31
1 37 31
8 37 34
18 35 33
16 37 35
19 36 34
23 37 34
21 39 36
10 42 36
8 39 34
12 40 34
6 40 32
4 42 33
12 42 34
13 41 35
14 41 32
19 36 32
20 37 32
18 39 32
9 37 32
4 37 33
2 36 32
8 35 33
15 34 33
16 37 33
19 38 34
22 39 34
19 38 34
13 39 36
8 38 35
4 38 34
0 40 34
9 38 34
13 37 32
13 36 32
18 36 32
21 37 33
22 38 33
15 37 33
4 37 31
1 37 31
4 34 32
16 32 35
18 36 33
20 38 35
21 39 34
19 40 35
14 39 35
8 36 37
2 37 35
0 41 33
10 38 32
13 38 32
13 40 30
19 38 30
22 36 30
20 35 30
12 36 30
6 39 32
3 36 29
4 39 33
17 34 33
15 37 33
19 39 33
21 37 34
21 38 34
14 37 36
6 43 34
5 41 33
1 41 31
5 41 31
13 38 32
13 39 31
16 36 31
20 37 33
22 37 32
15 36 31
7 37 30
1 36 28
3 36 32
15 33 33
19 35 31
16 37 31
18 38 34
16 33 38
13 37 35
11 42 30
6 40 30
4 41 29
6 42 29
15 37 30
15 37 31
18 35 31
19 36 30
17 39 30
15 38 30
11 39 29
11 39 31
12 37 32
12 38 29
12 36 32
10 38 31
11 37 34
14 36 35
15 34 34
11 36 33
12 36 35
14 35 36
16 37 35
13 37 35
11 38 34
14 39 37
16 39 35
14 40 35
13 39 34
13 37 34
10 39 36
12 38 34
15 38 34
15 37 35
13 37 33
12 37 33
13 36 33
10 37 32
8 38 30
12 38 31
16 37 32
12 37 32
9 37 31
16 37 33
15 38 34
11 36 32
13 36 33
12 37 34
11 37 35
14 38 34
12 37 32
13 38 33
12 39 32
12 40 32
12 38 31
12 38 31
13 38 33
10 37 33
12 37 33
13 38 33
13 37 32
12 38 32
13 38 31
11 37 31
14 38 32
12 36 32
13 36 31
12 36 33
13 37 32
11 38 32
12 38 33
12 36 32
12 37 33
14 36 32
13 38 33
15 37 34
11 37 33
12 37 34
12 39 34
