5 39 34
5 39 34
9 38 30
10 36 30
16 36 29
16 36 30
18 37 30
16 36 31
14 39 32
14 39 33
10 39 33
3 38 32
0 41 30
14 37 32
11 36 32
14 33 32
18 35 35
17 37 35
18 35 36
16 36 34
12 37 35
12 37 36
11 38 34
5 36 34
1 38 34
11 38 35
12 33 30
14 36 30
16 37 31
16 38 31
15 38 31
13 38 33
13 39 32
11 38 32
5 37 32
1 36 30
5 36 31
17 32 34
9 33 33
15 34 36
17 37 35
18 36 34
15 37 35
14 37 34
14 37 35
13 38 36
10 38 35
1 37 35
3 40 35
11 38 32
11 35 31
14 36 31
16 37 30
17 36 30
16 37 31
14 38 31
11 37 31
11 40 31
6 38 32
1 37 31
7 35 30
15 35 35
13 35 34
14 36 35
16 35 34
16 37 34
15 37 34
14 38 34
13 38 35
10 39 35
4 38 35
5 39 37
10 34 32
11 36 31
13 38 32
14 36 32
18 37 30
17 38 30
16 40 33
12 38 33
7 33 31
4 36 32
4 38 34
17 32 34
12 33 33
14 34 36
14 33 35
16 37 34
16 36 34
16 37 35
15 38 36
16 38 37
11 39 37
8 39 37
0 40 35
8 40 37
10 40 34
12 34 32
16 36 32
19 37 31
17 37 31
15 37 31
13 39 30
12 38 32
13 38 32
5 37 35
0 36 32
12 35 36
13 33 34
13 31 34
14 34 36
17 34 35
17 37 35
16 36 34
14 37 35
14 37 35
14 37 35
7 34 40
2 48 37
3 37 34
11 36 32
9 37 30
13 35 31
16 35 29
17 37 30
18 37 30
17 38 32
13 38 33
9 39 33
3 35 33
0 37 33
11 36 35
13 33 34
13 33 33
17 34 36
