17 48 36
17 33 37
48 17 49
16 49 38
19 46 38
22 41 38
23 42 36
20 47 35
18 51 33
17 52 33
15 52 34
18 54 37
19 52 36
21 50 34
23 46 34
23 45 37
16 51 42
18 47 42
20 45 42
24 46 39
24 53 36
23 55 34
22 52 32
24 44 35
22 48 35
22 47 36
17 46 35
16 43 37
15 48 37
16 46 36
16 46 36
15 48 36
16 51 37
15 50 36
17 48 35
17 48 33
17 47 32
16 47 31
16 48 30
18 48 30
19 45 32
18 46 33
18 46 36
14 48 36
13 49 36
12 50 34
16 49 34
19 43 33
16 41 35
16 40 36
16 42 35
16 42 35
18 42 34
19 42 33
18 43 34
14 45 36
9 48 39
7 47 38
9 45 33
18 44 34
15 43 31
16 42 30
19 45 32
20 46 32
20 41 31
17 43 32
10 45 30
5 44 30
9 46 30
16 45 34
19 39 34
15 41 34
15 42 34
17 42 35
18 43 35
17 43 34
16 44 34
15 44 36
9 44 37
9 45 37
10 42 34
17 42 32
12 44 32
14 43 31
17 42 30
19 41 31
21 40 32
19 43 32
14 44 32
7 42 32
4 45 32
7 46 32
14 45 33
18 39 33
15 38 34
15 40 35
16 39 35
17 40 35
17 40 34
17 41 35
13 42 37
9 43 38
7 45 38
8 43 34
18 41 33
15 40 31
12 43 28
15 43 29
17 43 29
20 43 30
21 41 31
16 42 31
9 43 31
5 44 31
7 47 29
12 46 31
21 40 33
16 40 33
14 40 33
14 41 33
17 39 34
17 40 34
16 42 35
16 43 35
13 44 36
11 44 36
7 46 35
11 42 33
15 41 31
13 41 31
14 42 29
16 43 29
17 43 29
20 41 28
21 40 29
18 41 30
13 42 29
6 44 29
2 45 27
6 46 30
20 39 31
20 39 31
15 38 34
15 39 34
13 39 35
14 38 33
15 38 33
13 40 32
16 40 33
15 41 34
14 40 35
15 41 35
15 41 34
6 41 34
10 42 34
12 39 33
13 37 31
14 39 30
12 40 29
13 42 31
13 41 31
15 43 32
15 44 33
11 42 33
18 45 35
19 42 36
17 43 34
14 46 35
16 46 37
17 44 38
16 46 37
16 45 36
19 46 36
16 47 38
17 47 37
17 44 35
18 46 36
17 46 35
17 47 34
16 47 35
16 47 35
17 47 34
16 47 35
17 46 34
18 46 33
16 46 34
16 48 34
17 46 35
17 45 37
16 44 36
15 44 35
16 45 36
16 44 37
16 44 36
16 46 36
15 43 37
16 43 35
17 43 37
14 42 35
13 43 35
13 42 35
