12 38 35
40 12 38
11 38 35
15 38 37
13 37 37
14 38 36
14 37 36
12 38 37
13 38 37
15 38 37
13 39 38
11 39 37
14 40 38
17 39 39
15 38 40
13 40 40
11 39 38
5 41 36
2 41 36
11 40 34
12 38 34
17 38 35
18 38 35
19 38 33
16 37 34
11 39 34
3 38 35
1 37 34
10 36 38
15 34 36
18 35 35
20 35 36
22 36 37
17 38 36
15 38 37
14 38 39
10 39 39
1 39 37
7 40 36
10 38 34
13 37 34
17 38 35
19 37 34
21 38 35
11 39 34
7 39 34
4 39 34
3 37 35
13 37 38
13 35 37
18 35 37
21 37 38
21 35 37
16 39 38
12 39 39
11 39 39
2 39 37
6 39 38
10 37 35
13 36 34
17 35 33
19 35 34
20 36 33
11 37 34
9 38 34
5 39 35
2 35 34
12 35 38
14 33 36
18 36 37
21 35 35
21 35 36
17 37 37
11 36 37
13 37 38
2 39 37
2 40 36
12 37 36
13 37 36
17 35 34
18 35 32
18 37 34
13 38 33
10 37 34
7 37 36
4 37 35
8 36 37
14 34 36
13 33 37
17 34 37
20 35 37
19 35 36
15 36 37
14 37 37
13 39 38
8 38 37
1 40 37
10 37 37
13 38 35
14 35 35
17 36 34
19 37 35
13 38 34
9 38 33
8 37 34
1 36 33
12 35 35
13 33 36
17 36 37
19 35 36
19 33 37
17 36 37
14 37 37
14 37 37
9 38 39
1 37 37
6 37 36
10 39 33
14 36 33
18 36 33
19 36 34
17 38 34
14 38 33
13 39 33
14 39 35
15 38 34
14 39 35
11 39 36
9 40 36
10 40 37
14 39 38
15 37 37
12 38 35
13 38 36
14 38 37
14 38 37
15 36 38
