58 35 43
38 43 48
38 42 45
38 43 45
36 39 45
31 41 44
29 40 45
22 54 49
21 44 43
16 44 43
9 44 41
1 44 40
3 42 39
10 39 32
10 39 32
14 39 33
16 38 31
16 38 32
14 38 31
10 38 32
6 40 32
1 40 30
15 36 35
16 35 34
15 37 34
15 37 34
17 37 34
17 37 34
14 37 35
11 38 35
7 39 35
3 42 37
12 38 34
11 38 32
13 40 34
17 39 32
15 39 32
14 40 32
9 38 32
5 39 31
6 35 30
16 35 33
11 36 33
16 34 35
17 36 35
17 36 35
17 37 35
13 37 36
8 38 36
5 38 36
9 39 37
9 38 33
13 36 34
14 38 32
14 35 32
13 36 32
14 37 33
11 39 32
5 38 31
2 37 32
18 34 34
11 35 33
17 36 34
19 38 35
18 37 34
15 41 35
9 40 37
8 40 36
5 40 36
6 39 37
13 38 34
12 40 34
14 39 33
15 36 32
15 36 32
13 38 32
8 38 32
5 39 31
7 37 30
16 35 32
12 36 34
17 36 35
19 37 34
18 36 34
14 38 34
11 40 34
7 40 34
4 40 36
12 38 37
10 36 36
14 36 35
15 37 34
17 36 34
16 36 33
12 37 32
7 38 32
2 38 32
8 35 32
14 36 34
15 36 32
16 37 34
18 37 34
15 39 34
12 39 35
9 39 35
7 40 35
9 40 35
11 39 33
14 39 34
15 39 33
15 37 33
15 38 32
12 40 31
7 39 31
4 37 31
6 37 32
17 35 33
11 37 34
14 34 35
19 35 35
18 34 35
14 37 35
12 39 35
8 39 34
6 38 35
9 39 37
13 36 32
11 36 32
15 38 32
16 37 32
14 39 31
14 38 32
10 40 32
5 38 33
1 38 32
14 34 31
14 34 35
14 33 34
17 35 35
18 36 34
18 37 34
15 39 34
13 38 35
9 39 34
7 38 35
1 43 37
16 36 34
11 37 32
14 38 32
16 38 31
18 37 31
15 38 31
13 38 31
10 38 31
6 36 32
2 38 30
10 36 31
14 33 33
14 33 33
14 35 34
16 35 33
18 36 34
17 37 34
14 37 34
11 39 35
8 37 34
2 34 36
7 36 33
13 37 31
15 37 29
15 37 30
17 37 30
15 37 31
14 37 31
13 39 31
13 38 32
10 40 33
5 39 32
0 41 30
13 35 31
13 36 32
14 33 31
15 34 31
17 33 33
16 37 33
14 39 33
8 45 36
7 49 36
13 49 40
21 46 40
25 43 42
32 43 43
38 47 42
40 41 43
39 37 45
39 37 46
38 37 51
40 37 52
42 39 53
41 36 51
40 38 50
41 37 52
40 38 52
39 39 51
39 38 52
39 36 51
39 36 51
