61 12 36
12 38 38
13 37 37
13 38 36
12 39 36
13 38 36
12 38 39
14 37 39
10 38 41
13 37 39
14 37 40
13 37 40
14 37 40
14 37 40
13 36 39
12 36 38
9 36 38
11 37 36
12 34 36
12 35 34
14 37 35
15 36 36
16 37 35
14 37 37
13 38 38
11 39 37
8 38 38
8 38 38
17 36 35
14 35 37
12 34 37
14 36 38
16 36 38
14 36 39
15 35 37
13 36 38
11 36 38
12 36 39
10 37 39
10 38 37
14 36 36
14 36 35
15 36 35
16 37 35
15 36 36
15 37 36
13 36 35
12 38 35
13 39 36
12 36 36
6 41 38
7 38 38
13 36 38
14 37 37
13 35 36
15 37 36
14 37 35
14 35 36
13 36 36
14 37 38
14 36 38
11 37 38
10 37 39
5 39 37
11 37 36
11 36 35
15 34 34
15 35 35
15 35 34
14 36 35
13 37 35
12 37 36
12 38 36
14 38 36
9 38 37
4 39 37
13 36 37
12 34 36
16 33 35
15 34 35
14 37 35
14 36 35
14 34 37
14 36 37
13 37 38
12 36 38
9 38 37
8 39 37
12 37 36
14 35 35
17 34 34
16 37 33
15 38 34
12 37 34
13 36 35
14 38 34
12 38 36
8 38 37
6 38 37
13 37 37
13 35 36
14 34 35
14 36 36
14 35 36
14 36 36
14 34 36
13 36 36
12 36 38
10 37 38
9 36 36
11 37 36
14 37 35
14 36 34
15 36 34
15 36 34
14 36 35
13 37 35
12 39 36
10 39 36
9 40 36
7 38 35
13 36 37
13 35 36
14 35 36
15 36 36
15 35 36
15 37 37
14 36 37
14 36 37
13 37 38
11 37 38
9 38 38
11 39 37
13 38 35
14 36 34
14 35 34
14 36 34
14 36 35
14 35 33
14 37 34
11 38 32
8 39 35
7 37 34
9 35 37
14 36 37
13 35 37
14 35 35
15 35 35
13 35 35
13 34 33
15 35 35
14 36 36
13 35 35
13 36 38
8 38 35
10 36 35
10 38 34
14 34 33
12 35 32
13 36 32
13 35 32
14 36 34
14 36 33
12 39 36
8 38 35
8 37 35
10 36 36
14 35 36
15 35 36
17 35 37
16 37 37
14 35 37
11 35 37
13 35 37
13 36 37
15 36 37
16 35 38
11 36 38
7 35 38
10 36 36
10 34 35
9 34 35
12 35 35
15 35 34
15 35 34
12 36 36
13 35 35
13 37 36
14 38 37
13 38 40
13 36 40
14 35 40
12 34 40
14 33 40
14 34 40
13 35 40
13 34 39
14 34 39
13 35 40
14 35 39
12 35 39
12 35 38
13 35 38
12 35 38
12 35 39
12 36 37
13 36 38
12 35 37
13 36 36
13 37 37
