10 37 37
13 38 36
13 37 35
12 40 35
13 38 35
12 39 35
11 40 36
12 38 36
13 39 36
13 39 35
14 40 36
12 39 35
14 38 35
13 39 36
13 41 37
12 39 36
5 39 36
1 36 34
8 36 35
13 32 33
18 33 34
20 35 35
21 33 35
16 37 36
13 37 37
14 38 40
10 39 39
1 40 37
7 41 39
11 38 37
14 38 36
15 37 35
19 37 35
18 37 34
14 38 34
10 39 34
5 38 36
4 38 36
13 36 39
13 34 39
15 35 37
20 36 38
20 37 37
17 36 38
13 37 38
13 38 39
5 39 39
3 40 39
10 38 39
12 36 35
14 36 34
16 36 35
19 35 33
16 37 34
14 37 34
12 39 35
6 36 36
3 34 37
13 37 39
13 33 39
15 36 38
17 36 38
18 35 38
17 35 37
16 36 37
15 38 39
14 38 39
5 38 37
3 39 35
10 38 36
13 35 35
13 38 35
15 36 35
18 39 34
17 37 34
12 37 34
11 39 35
6 37 35
5 35 34
13 35 36
12 32 36
16 33 37
18 35 38
18 37 37
17 37 37
15 37 38
14 38 38
13 38 39
6 39 38
2 40 38
11 37 35
10 37 35
16 37 33
17 37 34
19 35 34
18 36 34
13 38 34
6 37 35
4 40 34
3 37 35
12 36 38
14 34 37
18 36 36
20 36 35
19 36 37
14 36 37
15 37 38
15 37 38
11 36 39
6 39 37
2 39 36
9 39 35
11 36 34
14 36 34
17 37 33
19 38 34
16 39 33
12 38 32
10 39 32
7 37 34
3 37 33
11 37 37
13 35 37
16 34 35
19 36 37
19 35 38
16 35 37
16 37 37
13 37 37
15 38 37
12 37 39
7 37 39
5 40 36
11 38 37
12 37 35
12 38 36
15 39 34
18 39 33
18 39 34
16 39 34
15 40 34
14 40 35
15 41 36
12 41 38
9 40 38
5 41 37
6 39 36
13 37 37
13 37 36
20 36 38
21 35 37
19 35 36
13 39 37
12 39 38
15 38 39
16 38 38
16 37 38
13 39 38
12 39 38
9 40 36
11 41 34
13 40 35
14 38 35
12 38 33
12 40 32
15 39 33
14 38 33
13 39 34
16 38 34
13 37 33
10 39 34
9 38 35
16 37 36
