31 41 51
32 42 49
32 43 47
32 43 45
31 44 43
27 43 39
24 42 41
14 56 44
13 47 39
16 41 37
10 43 37
9 41 36
8 39 35
12 38 34
11 38 34
13 35 35
12 37 34
13 37 32
13 36 33
12 37 33
12 35 36
13 36 35
13 37 34
13 35 34
12 37 35
12 36 35
12 36 35
12 37 34
12 37 35
13 36 35
12 36 35
12 36 35
12 35 34
12 36 35
13 36 35
13 36 35
13 37 35
13 37 35
14 37 35
13 38 35
11 37 34
12 37 35
13 36 36
13 36 36
13 37 37
14 37 38
13 37 37
14 38 37
13 38 37
15 39 36
12 39 37
10 39 38
3 41 37
6 45 37
11 38 33
12 35 29
14 36 30
17 35 31
18 37 30
14 36 31
11 36 30
5 37 30
3 34 31
9 32 30
14 32 33
18 33 34
17 37 35
19 37 33
18 37 33
15 37 34
11 36 34
7 36 36
2 40 35
12 40 35
14 36 31
13 35 31
13 37 30
17 36 31
15 38 31
14 37 32
9 36 32
5 36 32
2 37 30
15 34 33
15 30 31
15 34 32
19 35 34
19 37 34
17 37 36
13 37 36
7 35 37
6 38 33
4 42 32
14 38 31
15 36 29
16 34 30
16 38 31
18 37 31
14 37 31
12 36 30
8 38 31
4 37 30
7 34 31
15 32 32
13 33 34
15 32 35
17 34 35
15 35 35
15 38 35
14 38 36
8 37 34
4 37 35
10 39 33
11 38 32
14 34 32
15 37 32
16 36 31
16 37 32
15 38 31
11 37 32
7 36 32
3 36 32
4 34 30
17 35 35
15 30 32
17 33 33
18 35 35
17 36 36
16 36 35
14 37 38
15 39 37
12 40 38
9 40 36
3 41 38
12 40 35
14 38 34
17 37 32
17 37 31
15 37 33
15 38 33
14 38 32
12 36 33
9 37 32
7 35 33
0 35 30
16 34 34
15 33 32
18 36 34
19 34 34
16 35 33
16 38 38
15 39 37
14 39 39
10 42 38
4 42 36
6 44 36
12 39 33
12 38 31
16 36 31
17 39 31
16 37 32
15 39 32
14 38 32
9 39 32
7 38 32
2 36 33
13 31 32
13 34 36
11 36 36
15 35 37
18 36 37
20 38 37
19 39 38
18 42 38
16 42 40
14 43 40
9 40 38
8 40 35
8 34 31
10 31 25
13 32 30
12 34 28
13 34 29
13 35 30
13 35 31
14 38 32
14 37 31
12 36 31
10 36 30
16 36 31
14 39 33
12 38 34
11 37 33
11 35 33
11 34 34
13 35 34
13 36 33
12 36 34
13 36 34
11 36 34
12 36 35
11 36 35
12 38 34
12 37 33
12 37 35
12 39 35
11 37 35
11 37 35
12 37 35
11 36 35
14 38 34
11 36 35
12 40 34
13 30 38
13 36 38
13 34 35
13 36 36
14 38 37
12 34 38
11 38 39
10 38 39
9 43 43
11 42 43
13 42 45
20 43 47
25 42 47
29 39 47
33 38 46
37 35 48
33 38 49
34 40 51
32 39 50
35 38 53
36 39 52
37 38 51
36 38 50
36 39 52
36 38 52
36 38 52
