51 34 40
33 43 47
33 42 44
31 48 47
30 44 41
26 38 38
20 50 42
12 39 36
3 45 37
7 38 35
11 36 38
10 39 39
13 37 40
12 37 37
11 35 35
10 37 34
12 36 33
12 35 36
13 36 37
13 36 37
14 35 37
12 36 37
12 37 37
12 36 36
12 38 36
13 36 37
13 37 36
14 37 36
14 37 37
13 36 38
12 37 38
13 39 37
8 36 36
4 35 34
5 37 37
11 36 35
11 33 30
16 32 30
17 36 30
15 37 31
13 36 33
8 34 32
2 37 31
7 37 28
15 35 34
18 37 34
19 38 36
19 35 34
16 40 37
14 40 37
11 40 36
8 40 37
9 43 36
12 38 31
12 34 28
16 34 30
16 36 32
15 36 32
10 37 31
6 37 32
2 38 31
6 32 28
14 34 32
13 37 33
18 38 34
21 41 35
18 39 36
15 40 35
11 39 35
8 41 36
11 38 33
10 37 31
13 35 31
16 36 32
18 38 33
14 37 32
9 37 31
2 38 31
2 34 30
16 32 32
13 36 33
16 35 34
18 36 36
18 39 35
17 38 35
16 37 35
11 38 35
9 38 35
3 38 37
11 38 34
9 35 31
14 33 32
16 36 32
16 36 32
17 36 32
13 39 32
11 37 32
6 36 32
1 36 31
11 32 33
15 33 33
16 33 34
16 36 35
17 37 35
18 39 37
18 38 36
14 39 36
13 38 37
7 36 35
1 44 38
3 43 33
13 33 30
13 36 31
15 36 31
17 37 31
17 37 32
16 37 31
14 37 32
10 36 31
5 35 33
1 36 31
12 32 34
13 33 34
14 32 33
17 33 34
19 34 34
17 37 34
14 38 35
13 38 35
8 37 35
1 34 36
4 37 36
11 33 32
12 34 31
14 36 32
17 36 31
18 37 32
17 37 32
13 37 32
9 36 33
6 36 33
0 35 32
14 32 35
15 30 34
13 33 34
16 35 34
18 35 33
18 35 35
16 37 34
13 37 35
12 38 36
5 36 32
1 36 36
9 38 35
14 32 31
11 35 29
13 36 30
15 38 29
19 37 31
18 37 30
15 38 31
11 38 32
10 38 33
5 38 32
3 37 31
8 36 31
13 33 31
12 35 30
12 37 31
15 37 34
21 37 34
21 36 36
20 37 38
17 39 40
14 40 41
14 38 42
14 43 39
13 43 37
10 43 41
13 42 40
16 37 34
16 38 34
13 38 37
12 40 37
12 40 36
13 40 36
14 39 35
13 40 35
12 41 36
13 39 36
14 40 35
13 41 36
14 41 36
13 41 36
13 42 36
13 40 35
14 41 36
14 42 37
14 42 37
11 43 40
9 45 40
13 41 45
16 40 46
19 41 45
23 42 48
28 40 47
34 39 46
36 37 47
38 37 47
35 40 50
32 38 50
34 37 51
34 43 52
35 41 52
35 42 52
35 40 51
35 41 52
35 39 52
35 40 53
36 40 52
35 40 52
35 41 53
35 41 50
37 40 54
35 40 51
35 39 49
