13 41 36
13 37 33
13 37 36
14 39 35
13 38 35
14 38 37
11 39 38
11 38 36
15 37 37
16 38 37
16 38 37
14 38 37
11 37 38
1 39 35
1 39 34
11 38 35
15 36 32
17 37 33
20 37 33
19 37 32
16 37 33
13 39 33
8 38 33
3 37 32
8 36 34
14 36 36
17 34 35
19 37 36
20 35 35
19 37 36
15 38 36
11 39 38
3 39 35
2 41 35
9 40 34
13 38 33
14 30 31
18 40 34
19 37 34
15 37 32
7 40 31
4 38 32
4 37 32
13 36 37
13 35 34
16 37 36
18 37 37
19 36 35
17 37 33
14 38 36
11 39 36
6 40 36
1 38 34
10 40 35
13 36 33
13 37 33
17 38 34
18 38 33
15 39 33
11 40 31
6 41 32
2 38 33
9 37 34
13 34 36
14 35 35
19 36 34
20 35 35
18 38 37
14 38 37
12 39 39
11 38 38
4 40 35
7 39 36
13 37 36
16 36 34
17 38 34
18 37 34
18 36 34
14 38 35
8 38 35
6 39 36
3 38 35
13 36 36
15 34 36
16 37 37
19 36 36
19 37 37
17 37 36
14 36 37
11 38 38
2 39 37
8 38 37
12 38 35
14 38 34
15 37 33
17 38 34
19 36 34
16 36 34
8 37 33
5 36 35
2 39 34
12 35 37
13 35 36
17 34 36
18 35 35
18 36 36
16 37 38
15 36 37
13 39 38
13 37 39
8 38 37
5 38 34
10 38 35
15 35 34
14 37 33
13 39 32
16 38 35
18 37 33
13 38 33
9 40 33
5 39 35
2 39 33
12 36 36
11 35 35
15 36 34
22 34 35
23 33 37
17 35 35
9 37 35
14 36 36
17 36 37
13 35 36
4 38 36
10 38 35
17 35 36
15 35 35
10 37 32
11 38 33
11 36 33
13 37 33
