36 38 46
36 37 45
33 40 43
30 37 41
27 43 44
10 58 54
11 49 46
9 44 42
4 39 42
7 43 42
11 35 32
12 37 31
16 34 32
15 37 33
14 36 34
10 35 34
1 34 30
6 36 32
16 31 31
14 32 31
17 36 33
17 39 35
14 35 35
9 36 37
7 37 35
8 39 38
10 36 34
11 37 32
14 35 31
16 35 32
15 37 32
10 35 31
3 33 30
7 33 29
15 35 33
11 34 33
15 35 34
16 35 36
15 35 35
11 34 35
6 36 36
7 38 37
12 34 32
11 35 32
15 36 31
16 35 31
14 35 31
8 36 30
4 34 31
7 33 30
17 31 30
15 31 32
12 32 31
15 35 35
17 34 34
16 35 35
9 36 35
7 37 35
8 37 36
10 34 34
11 35 34
15 36 34
15 35 32
14 33 33
11 33 31
2 35 31
5 35 31
15 33 32
11 33 32
19 34 34
18 36 34
16 36 34
14 36 34
9 36 34
7 38 38
8 34 36
9 35 34
12 34 32
15 35 32
16 34 32
14 33 32
11 33 31
2 34 31
4 34 30
17 33 33
11 34 32
14 34 34
17 37 36
19 36 35
15 36 36
11 36 35
8 34 39
2 39 37
9 35 34
10 35 31
14 34 31
16 35 32
14 35 32
15 35 32
11 36 31
2 33 30
2 34 31
16 33 32
11 33 34
17 33 32
18 34 36
16 35 38
14 36 37
13 35 34
13 36 36
5 39 36
4 37 36
9 37 35
15 37 34
12 37 33
16 35 30
17 36 31
14 35 30
9 36 30
2 35 31
2 35 29
17 34 34
10 35 33
17 38 35
20 36 35
21 37 35
14 36 34
9 36 35
5 37 36
1 40 38
14 39 34
11 37 32
14 34 31
17 36 31
17 35 32
14 36 32
9 37 32
6 36 33
1 36 31
10 35 32
17 35 36
17 34 34
16 35 35
16 36 35
17 37 36
16 33 37
12 34 37
9 37 36
6 34 33
3 34 34
11 35 33
9 32 29
13 34 32
14 35 32
16 33 32
16 35 33
13 36 34
11 36 33
8 36 33
3 35 32
3 35 33
14 33 30
8 36 36
11 34 37
13 38 39
14 40 38
17 36 44
20 44 45
26 37 48
32 36 48
37 36 44
39 35 48
36 38 51
35 34 52
38 36 52
43 37 50
41 36 51
39 36 53
39 35 51
41 35 52
42 36 53
41 35 51
41 35 51
41 35 51
42 36 50
42 34 51
42 33 50
41 35 52
41 34 51
42 34 53
41 34 50
