31 16 16
31 16 16
31 16 16
31 29 46
26 52 27
23 56 24
24 54 25
28 48 28
29 48 30
26 49 31
21 50 32
19 53 32
19 54 33
17 52 33
20 49 33
21 46 33
19 46 32
19 46 33
14 47 30
11 48 30
13 47 32
18 47 32
19 47 32
18 44 31
16 43 31
18 40 31
13 40 34
6 42 34
1 42 36
5 39 37
15 36 36
13 36 35
14 35 36
19 35 36
19 37 36
16 37 35
15 40 36
12 41 35
13 40 35
12 41 36
8 43 36
8 42 36
4 44 32
15 43 33
17 40 32
17 41 32
19 38 32
20 38 32
19 38 33
12 38 32
6 38 30
4 36 31
8 37 33
15 34 34
15 38 34
14 38 34
16 37 37
19 37 36
16 36 36
10 35 35
5 37 35
2 38 32
10 38 34
13 36 33
11 37 32
15 37 32
19 38 33
20 39 32
17 39 32
8 39 32
2 38 32
6 38 35
13 35 35
15 38 36
14 37 35
17 37 36
20 37 36
18 37 36
13 39 36
8 40 35
4 41 35
5 40 34
12 39 33
13 38 32
14 38 32
18 36 32
21 39 31
18 39 32
10 40 32
5 41 32
2 40 32
8 39 34
18 35 32
14 36 34
16 36 35
19 36 35
19 37 35
13 37 34
9 38 35
5 41 34
2 44 33
14 41 33
12 41 32
16 38 31
19 37 32
18 37 32
17 37 31
11 39 31
7 39 31
2 40 31
8 37 31
15 36 33
14 38 34
16 37 36
19 39 36
19 38 36
15 39 35
8 38 34
6 40 34
3 42 32
10 40 33
16 38 33
15 38 33
18 39 32
19 38 32
18 39 32
14 39 30
8 40 30
3 39 31
6 40 35
13 36 35
15 36 35
15 36 35
19 37 36
20 37 36
19 39 34
13 40 35
9 40 34
3 41 33
10 42 32
14 40 33
14 40 31
16 39 31
19 39 31
19 38 31
17 41 31
15 42 31
14 43 32
16 44 31
14 43 33
11 43 34
10 40 34
12 37 34
14 38 34
13 38 34
15 38 35
15 38 36
15 41 37
12 40 37
12 40 37
13 40 37
16 36 36
14 36 35
10 37 33
8 38 34
10 39 35
12 38 35
14 37 34
14 37 35
13 38 35
13 38 35
11 38 35
12 37 34
12 38 35
13 37 35
13 38 35
13 38 35
12 38 36
12 38 35
13 40 35
14 38 36
13 38 35
14 40 35
12 39 35
15 40 36
14 40 36
14 40 36
15 38 37
12 39 35
13 40 36
14 39 36
12 41 35
14 40 35
