29 36 55
28 36 52
29 36 50
31 40 48
35 40 43
32 40 42
29 44 43
22 43 40
11 41 39
3 41 38
0 42 35
9 37 37
10 31 37
13 34 39
15 40 42
15 37 42
12 34 38
8 34 37
6 37 33
7 36 33
13 38 33
8 35 31
13 34 31
14 36 33
14 37 33
10 37 32
1 36 32
1 36 33
10 33 33
15 36 36
16 35 34
21 35 35
21 37 37
19 37 36
11 37 36
5 34 36
2 37 37
9 36 38
12 34 32
14 34 32
17 36 32
20 35 31
17 36 32
7 36 31
0 35 30
2 37 32
10 36 35
16 36 33
19 35 33
20 38 36
22 38 35
15 38 35
9 37 37
5 37 38
0 38 36
11 36 39
15 37 33
13 35 32
16 35 32
19 36 32
14 37 31
6 35 30
3 35 30
4 34 30
13 36 35
15 36 34
17 36 33
20 38 33
17 38 35
12 36 34
5 37 34
3 37 35
1 37 34
16 31 34
14 33 30
15 32 31
19 35 32
19 36 32
12 34 33
7 35 32
0 36 30
1 36 31
10 33 32
16 34 32
18 34 32
20 34 32
20 38 32
15 39 33
11 39 33
5 38 37
0 40 39
13 37 38
12 34 35
12 34 33
15 35 35
17 36 35
14 35 31
7 34 31
3 37 30
4 38 32
11 36 32
14 36 31
16 37 32
20 38 32
19 40 32
16 39 32
10 37 35
5 38 36
1 37 39
10 38 37
16 37 34
10 36 28
12 35 28
15 37 30
15 37 32
10 36 32
6 38 33
6 38 31
7 41 29
16 42 35
17 41 32
19 40 32
19 40 33
17 42 33
10 39 34
4 42 37
5 46 34
8 41 35
13 40 33
11 37 28
14 36 30
19 35 29
20 37 30
15 37 29
7 36 29
3 37 30
2 36 31
13 36 36
14 35 35
15 35 35
16 37 35
20 38 37
17 37 37
9 35 37
2 35 38
1 36 36
10 35 38
13 35 33
13 33 34
17 36 33
17 35 32
15 36 31
10 35 30
5 38 32
1 37 33
5 37 33
14 36 35
16 35 33
21 36 36
20 39 36
16 38 37
11 36 37
8 37 37
4 39 38
2 39 36
17 37 35
13 35 32
14 34 30
21 36 32
20 38 31
14 35 31
8 36 31
0 37 30
2 36 32
7 36 34
18 36 35
16 36 35
18 35 36
18 38 37
16 39 38
14 38 38
11 38 39
6 38 39
2 39 39
2 40 40
11 42 40
10 40 37
15 37 36
20 41 39
24 39 42
29 40 45
32 39 46
32 40 47
32 38 51
31 38 52
29 40 54
32 40 51
32 39 51
32 36 51
33 37 53
36 37 52
35 37 52
35 37 52
35 39 54
35 40 53
34 43 51
33 42 50
36 42 48
35 41 50
