12 35 34
11 34 35
13 34 35
14 35 35
12 35 35
11 36 34
13 35 34
13 36 35
11 35 35
13 35 34
11 36 35
12 34 35
12 35 34
12 36 34
11 36 35
10 36 35
9 36 36
6 36 33
6 35 34
13 33 34
13 33 34
14 33 33
12 34 34
13 34 35
15 34 35
13 34 35
13 34 36
10 33 34
12 35 35
9 35 34
12 35 33
11 35 34
14 36 33
14 35 33
15 35 33
14 33 34
12 36 34
12 35 33
9 36 34
8 36 35
5 35 36
7 34 36
15 33 36
15 33 33
14 31 34
16 35 35
15 34 37
14 35 37
14 34 37
12 34 38
9 32 38
8 34 37
7 34 34
14 36 34
11 34 33
14 35 33
13 36 33
15 36 33
15 35 33
12 34 33
11 34 34
11 33 35
9 35 33
8 35 33
7 34 33
9 33 34
14 34 35
15 34 34
16 31 34
13 34 35
14 33 35
12 33 37
11 33 35
9 34 37
10 35 36
10 34 36
8 35 35
12 35 34
13 33 34
14 34 33
13 34 32
14 33 33
14 33 32
12 33 32
11 32 33
12 33 33
11 36 33
10 35 34
9 32 34
3 34 35
9 32 35
14 35 35
15 32 36
14 31 35
14 35 37
13 34 37
13 32 37
13 34 37
10 35 36
10 32 37
12 32 34
8 36 35
11 35 35
11 34 34
13 35 33
15 33 33
15 35 33
14 34 33
14 34 34
13 34 34
13 34 33
11 35 34
8 35 35
4 33 35
13 35 36
14 36 35
14 32 35
15 32 35
14 34 36
15 33 36
13 34 37
12 33 37
12 33 37
11 34 39
10 32 37
7 35 35
10 34 35
11 34 34
13 33 33
14 34 32
13 35 32
13 34 32
11 35 33
11 34 32
12 35 34
12 35 35
12 37 34
10 35 34
8 35 34
3 36 35
13 33 34
13 35 36
14 35 35
14 34 35
14 35 36
14 34 35
14 33 35
13 34 35
12 34 36
11 34 36
10 32 35
6 32 35
10 36 34
11 36 34
12 33 33
16 32 33
16 34 33
13 34 33
11 35 32
13 36 32
12 35 33
8 36 35
7 34 35
10 34 35
14 34 35
15 34 35
15 32 34
16 36 35
15 35 36
14 35 36
13 34 37
11 34 35
11 35 36
15 35 35
14 34 36
10 34 35
9 34 35
10 34 34
15 34 34
11 34 32
10 30 32
11 32 31
15 32 31
14 34 33
11 34 33
12 33 32
12 35 33
12 38 33
11 36 35
11 35 36
12 33 36
13 33 35
12 33 36
12 32 37
13 31 36
12 32 36
12 33 36
11 33 36
12 33 36
10 34 36
12 33 35
12 33 35
12 34 34
12 35 35
12 35 35
12 34 34
12 34 34
12 34 34
12 34 33
12 35 34
11 35 34
11 34 34
13 34 34
