36 39 51
35 36 51
36 39 51
37 40 50
36 38 47
32 40 49
29 38 51
26 37 48
22 40 55
21 41 55
23 37 51
25 36 49
25 37 49
23 38 50
24 37 49
22 38 51
21 38 52
18 41 50
17 41 50
14 41 45
13 41 43
15 40 42
16 42 41
18 39 42
19 37 43
17 38 43
18 37 43
19 37 43
19 39 44
16 40 46
11 40 46
10 39 47
12 36 42
16 37 42
17 35 39
17 36 40
16 36 40
20 36 40
22 35 38
19 38 39
14 38 39
4 37 37
3 35 36
1 37 35
12 36 35
12 35 31
13 34 30
15 37 32
16 37 32
15 36 32
13 36 33
12 37 33
9 37 32
7 37 30
4 35 31
8 32 30
13 35 34
12 35 36
14 33 36
16 37 35
17 35 36
18 35 35
11 35 34
7 34 34
6 37 34
4 37 34
10 35 34
9 35 33
13 36 35
14 36 33
15 33 34
17 36 33
14 36 33
10 36 33
5 36 32
1 38 31
12 34 32
14 36 36
12 34 34
15 33 36
16 33 35
17 34 36
14 34 34
13 36 36
11 35 35
8 34 35
4 35 36
6 33 36
9 31 32
12 28 30
15 32 30
14 31 29
15 33 30
15 34 31
13 35 31
11 35 31
4 36 32
2 34 30
13 30 32
13 30 33
14 30 33
15 31 33
17 31 33
15 33 32
14 34 32
13 35 33
12 35 35
11 34 35
7 34 34
4 34 34
7 30 32
11 29 31
12 30 30
14 32 28
14 30 30
14 31 29
14 34 29
13 34 31
11 35 30
10 36 30
8 33 31
5 33 29
5 31 31
14 31 32
11 31 33
12 31 33
16 31 32
16 32 32
15 33 32
12 31 32
11 34 32
11 34 33
12 33 33
12 34 33
12 33 33
9 34 31
7 34 32
7 31 31
5 31 32
9 29 31
12 29 30
14 26 30
13 28 31
16 27 31
14 27 29
13 29 29
14 30 29
13 28 30
12 27 29
9 28 28
10 27 28
8 27 29
9 25 28
13 25 29
13 26 30
13 27 31
12 26 31
13 29 33
15 30 34
15 29 35
12 30 35
11 31 36
11 27 35
11 29 36
12 32 36
14 34 37
14 34 37
13 35 38
10 35 39
8 35 40
7 35 38
6 31 33
11 33 31
11 34 28
13 34 31
15 35 30
15 35 30
13 36 31
13 36 33
14 36 33
13 38 32
14 37 32
11 37 33
11 35 33
10 36 32
7 39 33
6 37 32
5 36 31
10 36 32
12 33 33
13 34 32
16 33 32
19 35 33
16 35 35
13 35 34
13 35 32
11 36 33
10 37 35
10 36 35
8 34 34
6 30 34
12 31 31
9 32 29
12 34 32
15 33 30
15 32 30
13 33 32
13 35 32
11 37 33
13 35 32
12 36 34
10 35 32
2 35 30
7 30 29
14 29 32
11 29 32
13 31 33
16 32 34
17 33 33
16 33 33
15 33 34
12 34 34
12 33 35
9 33 35
6 35 35
4 35 33
11 35 32
12 31 29
13 34 31
14 35 32
13 35 29
14 33 30
13 36 31
11 37 33
11 35 32
12 34 30
9 36 32
6 36 30
5 36 31
12 33 31
12 32 31
10 34 31
11 39 35
7 41 35
9 42 37
16 43 38
27 38 42
27 45 39
31 45 42
37 46 40
39 44 42
39 42 44
38 43 48
36 37 51
37 35 53
38 33 53
41 33 52
40 33 52
39 34 52
40 34 51
40 34 52
40 33 52
40 33 52
40 33 51
40 33 52
39 33 50
40 33 51
40 33 51
40 33 51
41 32 53
