11 35 34
11 34 33
12 34 35
12 34 35
14 35 34
12 34 36
12 34 36
12 35 35
11 34 36
12 34 36
12 35 36
13 34 36
12 35 35
13 35 35
12 34 35
15 35 34
11 37 34
10 36 34
14 37 33
10 37 33
12 36 33
12 35 33
11 35 33
12 35 33
9 34 34
7 33 34
2 35 33
13 33 35
17 33 35
13 34 33
13 34 35
12 33 36
13 33 36
14 35 36
15 34 37
12 35 36
12 35 36
7 36 34
12 35 35
13 35 35
12 34 33
13 34 34
13 36 34
13 34 33
14 34 34
12 35 33
8 36 34
6 35 34
12 35 35
16 35 35
13 33 35
12 34 36
15 35 35
14 35 35
13 34 36
13 34 37
13 34 36
11 34 36
10 36 36
11 35 35
10 35 34
12 35 34
14 36 33
14 35 34
16 35 33
14 35 34
10 34 34
9 37 35
6 34 35
7 34 35
13 35 36
15 36 35
14 35 35
13 36 35
14 34 36
13 34 36
15 34 36
12 34 36
11 35 37
11 35 37
8 35 36
12 36 35
13 35 33
13 34 33
14 33 33
14 33 32
12 34 33
13 35 34
11 35 34
9 35 34
7 35 35
8 35 33
8 36 35
14 36 35
14 33 35
16 32 33
15 34 35
15 34 36
14 33 37
13 36 37
13 36 37
8 36 37
10 35 36
9 37 35
12 36 35
12 33 33
13 33 32
14 33 32
13 34 32
13 35 32
13 35 33
10 36 33
8 34 34
6 33 33
4 35 34
13 34 34
15 33 35
13 33 34
14 32 36
13 34 35
14 33 35
13 32 37
14 34 35
14 34 36
10 33 36
11 33 35
8 35 36
11 37 34
10 33 33
16 35 33
16 34 33
14 36 32
12 35 33
12 33 33
11 35 34
9 36 35
6 35 34
5 34 35
15 31 34
14 34 36
13 33 35
13 34 36
14 33 35
15 33 35
14 34 36
14 34 36
11 34 37
10 34 36
5 34 36
9 35 35
12 33 34
14 35 33
15 34 33
15 36 32
15 36 32
12 36 33
13 35 34
13 34 34
14 35 35
12 35 35
10 34 36
4 33 37
16 35 37
12 36 36
15 32 37
15 35 37
14 35 38
13 35 38
11 35 37
11 33 36
9 33 35
14 33 33
12 34 34
11 34 32
12 34 32
13 34 32
12 34 31
11 35 32
12 34 31
12 34 32
12 33 30
10 34 31
13 34 31
12 33 32
10 34 32
12 33 33
12 32 33
11 29 32
11 31 33
11 32 35
11 32 35
11 31 35
13 32 35
11 32 35
