38 35 45
37 33 44
37 33 44
36 46 53
36 36 44
31 38 43
31 46 49
25 48 47
20 41 42
12 51 47
9 47 41
9 43 37
11 43 35
9 40 32
11 39 33
13 39 33
15 38 34
15 39 34
12 37 33
6 40 32
2 39 32
13 37 32
14 35 35
17 36 33
17 39 35
17 38 35
16 36 34
13 38 34
8 38 37
5 39 36
3 42 38
14 40 33
12 36 31
15 39 32
17 39 31
16 39 32
14 38 32
11 37 32
7 39 32
3 37 31
10 33 31
15 32 35
14 35 34
18 35 35
17 35 34
17 38 35
13 37 35
11 37 34
6 37 34
2 39 34
7 38 37
13 38 34
13 37 32
13 38 32
15 38 32
15 36 32
14 37 32
10 37 32
5 37 32
4 36 31
17 32 31
10 35 34
15 35 34
17 33 34
18 36 34
15 37 35
14 41 34
12 40 37
7 41 37
1 45 38
8 40 38
11 38 32
14 37 31
14 37 33
17 36 32
14 38 33
12 38 33
9 38 33
7 37 32
7 36 31
16 34 34
11 35 35
15 38 36
16 35 35
16 36 37
16 38 36
13 39 36
10 39 36
3 40 35
5 41 38
12 38 37
13 39 34
15 37 32
17 35 33
14 38 32
13 37 34
9 39 33
7 39 34
5 39 33
13 35 31
11 35 33
14 35 35
19 38 34
17 38 35
16 38 36
15 40 36
11 38 35
4 40 35
5 39 40
12 39 34
12 38 33
14 39 32
14 37 32
17 36 33
14 37 31
10 38 33
6 37 31
3 38 33
12 36 32
13 34 35
15 35 33
18 35 35
17 37 36
16 37 36
12 37 35
8 37 36
5 39 34
4 39 37
14 38 36
12 38 34
15 38 35
17 36 32
15 38 32
14 37 32
10 39 33
10 38 33
4 40 34
6 36 33
16 34 35
12 35 34
17 37 36
18 38 36
18 37 36
16 39 37
13 38 37
10 39 36
5 39 35
6 40 37
11 36 34
14 36 33
19 36 31
16 35 32
16 36 32
11 38 32
9 37 33
6 38 33
3 37 32
6 34 29
17 34 35
12 34 33
16 34 34
18 37 35
18 36 36
14 38 35
12 38 35
9 38 35
8 38 35
2 39 35
13 36 34
14 34 32
13 36 30
15 37 31
14 34 30
14 37 32
13 36 32
11 37 32
12 37 33
8 38 32
3 39 32
1 38 31
10 35 31
14 33 34
10 32 31
16 32 34
17 32 34
19 33 34
14 34 34
12 35 34
12 36 36
13 36 35
13 36 36
10 40 37
10 40 37
12 39 37
12 41 38
13 43 41
15 46 44
18 43 47
23 42 46
26 40 46
30 43 47
34 44 47
34 43 47
41 42 49
43 38 48
35 38 47
34 39 51
38 36 56
39 35 51
38 35 52
40 36 52
40 36 53
39 37 50
41 36 52
39 36 52
38 36 51
