13 39 36
14 40 37
12 40 38
14 39 38
14 40 38
14 39 37
14 38 38
12 39 38
13 41 39
14 41 38
13 40 37
14 39 38
13 37 38
13 37 38
15 38 38
16 38 38
16 38 39
13 38 40
11 40 38
7 42 38
11 42 38
15 42 37
12 42 37
13 41 38
17 42 37
19 43 39
19 42 39
15 42 40
13 42 40
9 41 39
11 42 38
15 37 33
14 41 37
5 31 38
10 62 49
17 51 41
21 38 34
23 37 34
20 42 37
15 40 41
13 34 36
11 41 39
11 39 33
10 40 34
11 43 35
13 48 40
18 45 40
18 44 40
14 44 39
9 41 40
5 41 38
8 38 37
11 36 35
17 35 35
17 37 35
14 40 36
9 40 35
10 43 37
16 43 37
16 41 37
15 39 37
10 39 36
5 40 36
5 38 35
7 38 30
12 42 30
15 33 30
16 34 29
19 35 32
18 38 37
13 45 37
15 47 42
17 49 41
14 48 39
7 46 37
5 44 34
8 43 33
16 40 34
22 39 34
17 38 34
12 41 35
12 42 36
16 46 39
17 46 38
19 42 39
15 44 39
11 43 38
10 43 37
10 44 36
13 41 35
16 40 34
17 35 32
15 38 34
13 40 34
13 43 36
16 42 36
16 41 34
14 40 36
13 42 36
10 41 35
7 42 35
7 42 34
10 42 33
17 39 34
19 38 34
14 40 34
14 43 36
15 42 35
15 41 35
16 41 36
15 41 35
13 43 36
11 44 36
8 43 35
7 43 34
16 37 32
16 39 31
15 37 31
13 38 33
14 40 33
14 39 33
15 39 33
14 41 34
13 39 33
11 43 34
11 39 32
3 41 32
6 43 33
11 42 33
18 39 31
19 37 32
19 38 31
15 37 33
10 38 32
10 40 32
13 37 32
14 37 33
14 37 33
16 39 34
16 38 35
14 38 35
16 40 36
14 38 36
9 38 33
5 37 33
11 37 33
12 37 34
13 36 33
13 39 32
13 36 33
14 39 33
13 40 34
13 40 35
14 41 35
13 39 35
13 41 33
11 41 32
9 42 33
13 43 36
15 40 39
17 38 37
12 37 38
12 38 40
16 35 40
16 37 38
17 39 36
13 42 36
13 43 36
13 43 36
13 43 37
13 43 37
12 43 39
14 41 38
14 40 34
13 42 36
13 38 34
14 40 36
15 40 38
14 39 40
12 38 39
13 39 38
15 39 41
15 39 41
16 38 41
16 39 41
15 42 37
16 43 40
14 46 41
12 49 42
16 44 40
21 41 37
23 44 36
17 53 36
18 52 36
24 47 39
26 46 37
23 51 41
24 52 40
26 49 40
26 50 40
25 49 40
24 51 41
25 49 41
25 48 40
24 49 42
24 48 42
23 49 43
24 49 41
24 50 41
24 50 41
25 49 41
25 51 41
23 53 42
26 50 42
26 48 41
25 50 41
25 52 41
26 49 41
26 49 41
23 52 43
24 51 43
27 47 43
27 48 42
21 55 43
27 49 41
29 47 41
23 55 42
26 56 43
30 43 41
23 57 42
27 52 41
32 38 40
28 43 40
22 55 42
24 47 43
23 49 43
24 50 42
24 50 42
24 51 42
25 51 41
25 51 41
26 50 40
26 52 40
