41 36 49
41 37 47
41 39 50
39 39 44
41 41 44
38 46 44
36 46 42
31 48 40
25 58 42
22 53 42
20 53 39
17 53 38
8 52 39
7 47 35
11 42 29
12 39 30
14 41 29
16 40 30
18 40 31
19 40 30
14 42 29
10 42 29
2 45 28
6 41 30
14 38 34
13 37 34
13 38 36
19 38 34
18 40 34
17 41 33
14 40 33
16 42 34
13 43 34
8 43 34
2 44 33
12 43 34
12 41 31
13 39 32
16 40 32
16 40 31
17 40 32
17 39 31
17 40 32
14 42 31
9 43 33
4 44 31
2 42 30
16 37 32
12 37 33
14 37 32
16 39 34
18 39 32
18 39 34
16 41 35
13 41 33
15 42 36
9 41 36
4 44 32
10 40 32
12 39 29
14 37 29
15 39 30
15 38 30
17 40 31
18 40 31
16 40 31
14 40 31
11 42 30
7 41 29
3 40 29
16 33 32
12 38 34
11 35 32
16 40 34
17 39 35
18 39 34
15 38 33
16 43 35
15 43 36
12 45 36
8 45 35
10 44 35
13 38 30
12 39 29
14 41 31
16 40 30
15 41 31
17 39 30
16 40 32
14 41 33
12 42 32
8 43 30
6 44 27
12 38 30
16 39 33
14 39 34
16 36 34
17 41 33
17 40 34
17 39 33
16 42 32
14 41 34
16 43 34
11 44 35
3 46 34
10 43 37
13 40 32
13 38 30
13 39 29
15 39 28
16 40 30
17 40 30
17 41 32
13 41 32
10 42 30
6 43 31
5 40 28
15 38 28
12 39 33
17 39 31
16 39 32
17 42 34
18 42 33
16 40 35
18 43 33
17 41 31
12 44 33
9 43 32
2 44 32
11 41 34
13 39 31
13 37 28
16 39 28
16 39 28
17 39 29
16 40 29
15 40 30
12 40 29
9 40 30
7 40 28
5 40 30
16 38 33
12 38 33
14 37 33
15 39 34
17 39 33
18 39 35
15 40 34
13 40 33
14 41 34
12 41 37
7 41 34
5 42 33
14 41 32
10 38 30
14 37 30
16 40 30
15 40 30
17 39 30
15 40 31
14 39 32
12 40 31
8 40 30
4 41 30
12 37 30
14 37 34
13 37 32
15 37 34
16 38 34
18 39 35
16 42 33
14 39 35
16 40 34
14 41 36
10 41 35
5 42 33
9 41 34
12 38 31
12 35 29
15 39 31
15 37 29
16 39 30
17 39 30
17 39 31
15 41 31
11 42 32
6 41 31
3 40 30
12 38 30
15 38 33
13 36 31
13 37 33
17 39 33
17 39 34
17 39 33
15 41 34
13 40 34
13 39 36
8 40 36
4 44 34
11 41 33
13 38 30
12 36 27
16 38 29
16 38 29
16 39 29
16 38 30
15 39 30
14 40 30
12 41 30
8 43 30
3 41 28
8 40 29
17 37 33
12 38 31
12 38 32
13 40 33
13 38 34
14 45 35
16 53 35
21 56 36
27 50 41
34 52 41
37 41 39
39 37 42
41 39 44
40 39 47
39 39 48
41 39 50
42 37 52
42 37 52
43 37 50
43 38 49
43 36 50
42 38 50
42 37 50
43 39 51
41 36 49
42 36 49
41 36 51
42 36 51
42 37 50
43 36 51
42 36 50
41 38 51
42 36 50
