12 38 35
13 38 35
13 40 35
13 40 36
12 39 35
13 39 36
13 39 35
13 38 35
12 40 34
13 38 34
13 39 34
12 41 34
18 40 34
13 43 33
8 44 33
12 41 34
16 43 35
18 43 34
13 41 33
10 41 33
5 39 31
5 38 31
11 38 33
17 36 32
14 37 33
16 37 34
20 38 34
21 36 35
14 39 36
9 39 35
2 39 34
1 40 33
14 37 33
13 39 34
16 37 33
19 38 32
20 37 33
15 38 33
8 39 32
5 40 33
2 38 31
12 38 35
17 35 33
17 38 36
22 37 36
22 38 36
17 38 36
11 38 35
6 40 37
7 41 35
1 41 34
7 40 33
15 38 33
16 38 32
21 37 32
22 38 32
18 39 32
11 39 31
3 39 31
1 36 30
5 37 32
18 35 35
20 38 35
18 39 35
21 37 34
18 38 34
14 39 34
8 39 34
6 39 34
1 40 33
7 40 34
16 41 33
18 39 33
20 37 33
17 40 33
16 41 32
14 43 32
10 43 32
8 44 33
6 44 33
12 40 33
16 38 33
17 40 36
20 38 37
22 39 36
18 41 36
14 43 36
13 43 34
8 46 34
4 46 35
14 43 34
12 42 33
16 38 34
21 39 34
22 39 35
17 39 35
5 40 33
0 41 34
2 40 32
11 40 36
18 36 35
17 37 34
19 37 36
21 38 34
17 40 36
13 40 35
10 41 36
8 42 35
3 43 36
12 41 38
15 40 36
17 39 34
19 38 34
18 38 34
15 38 33
12 37 32
8 38 32
4 38 34
11 38 35
15 36 35
14 38 36
18 38 37
20 38 38
17 36 35
10 44 33
12 44 29
9 42 30
8 42 30
13 42 29
13 42 29
15 40 29
16 39 30
18 37 32
18 37 32
13 36 32
8 39 32
7 38 32
4 39 32
11 39 33
16 35 33
13 36 36
16 37 36
18 37 35
17 35 34
15 37 34
14 38 35
16 40 34
15 42 36
16 42 35
15 43 35
12 44 35
9 43 35
11 45 35
15 44 35
12 45 33
9 42 34
15 42 33
15 41 35
15 40 34
14 41 33
14 43 31
15 44 34
19 45 34
22 52 41
18 45 41
16 43 42
18 45 42
21 47 42
22 48 42
22 49 40
22 52 40
20 50 40
21 50 48
27 45 43
29 45 44
28 44 40
27 48 40
27 50 40
24 49 42
21 48 42
19 45 42
19 44 41
16 44 40
14 44 39
12 41 39
12 41 39
11 39 37
13 39 37
14 39 36
10 39 35
12 40 36
14 39 37
14 38 36
