13 38 36
13 38 35
13 38 35
13 38 34
13 39 35
14 38 34
14 37 34
11 39 34
10 42 33
13 39 33
15 40 34
13 39 34
14 39 34
12 39 33
11 39 34
12 39 34
9 40 33
4 37 33
4 39 33
13 34 33
16 36 33
14 35 33
16 35 34
16 34 35
17 35 34
16 36 35
14 37 35
7 39 35
0 41 34
11 40 35
12 37 34
13 34 34
16 34 33
20 38 32
18 36 32
10 40 31
4 39 33
2 38 32
7 37 34
17 36 35
15 38 35
19 36 35
21 39 35
19 38 34
12 40 37
10 43 35
10 43 35
7 45 35
8 42 33
16 39 33
15 40 33
19 37 32
19 37 32
17 37 32
14 38 32
6 41 33
2 36 32
5 39 34
17 36 34
17 38 34
16 38 35
19 38 34
19 38 34
17 38 36
12 40 35
8 41 35
3 42 35
3 42 33
15 39 33
10 39 34
16 39 32
18 38 32
20 37 32
18 38 31
13 39 33
9 39 32
9 40 33
4 41 32
7 38 33
11 35 32
15 35 34
15 36 33
19 36 35
20 36 33
17 37 35
10 37 34
6 38 36
6 40 34
4 40 33
12 39 34
14 36 35
14 36 34
16 37 32
19 36 31
18 37 32
13 36 31
6 38 32
4 38 33
3 38 33
11 33 33
16 36 33
12 36 33
17 35 35
19 35 36
21 38 35
17 38 35
12 39 34
6 38 34
2 41 34
7 39 34
12 39 35
15 39 33
17 36 32
19 36 32
18 38 31
13 36 31
7 38 32
3 38 33
5 37 34
15 35 34
17 38 34
16 37 35
18 36 35
19 36 35
17 35 35
14 36 34
13 36 34
14 37 35
14 37 34
12 38 35
11 37 33
5 40 35
6 37 34
17 36 36
11 38 35
12 33 33
13 35 32
13 35 32
15 35 32
7 37 34
13 36 35
15 36 36
15 39 39
14 37 38
15 37 38
13 38 39
13 38 41
14 37 40
11 37 37
11 38 36
14 38 36
16 39 34
11 38 38
11 42 36
15 43 35
15 40 33
14 42 34
13 40 35
15 41 35
13 42 36
14 42 36
14 41 37
14 38 35
13 38 35
11 40 36
9 39 35
10 38 35
15 39 34
16 39 35
6 41 36
17 37 35
17 37 36
11 40 36
12 36 37
13 37 36
15 38 36
13 37 37
12 38 35
13 38 36
12 37 35
13 37 36
