34 36 51
34 38 49
35 42 50
36 40 46
35 47 50
32 43 44
28 42 44
23 52 48
19 50 49
18 46 46
19 42 47
20 39 44
20 35 44
17 39 45
16 37 41
17 36 40
13 37 41
9 36 41
7 36 40
2 37 39
8 37 36
10 36 36
8 37 32
11 34 32
15 37 32
16 36 32
16 36 33
12 36 32
4 37 32
4 38 30
13 35 32
11 34 35
16 37 36
19 39 38
21 36 35
16 36 36
13 36 35
9 37 35
5 39 36
9 39 35
10 38 31
10 33 30
13 36 32
14 36 34
11 37 31
9 35 32
5 37 30
9 36 29
16 35 33
13 36 36
16 38 36
19 36 36
18 40 39
20 38 38
13 46 31
11 47 28
3 45 40
12 42 29
15 35 27
17 37 28
15 37 28
16 36 29
16 32 31
12 34 28
6 34 26
4 36 29
9 35 31
14 31 33
11 33 34
16 37 32
18 34 33
18 35 34
15 36 33
16 37 30
8 43 34
2 50 29
18 41 45
11 46 29
13 42 28
12 39 27
14 40 32
17 36 31
16 35 33
14 37 32
5 36 31
5 35 28
11 36 31
12 36 33
10 33 37
14 37 38
20 36 36
21 39 36
20 41 37
16 40 36
8 39 32
2 41 34
10 39 33
10 37 33
13 35 32
16 37 32
17 36 32
18 38 33
14 38 33
9 37 32
6 37 33
0 37 32
13 35 33
14 36 33
13 33 33
13 32 35
18 31 38
18 38 37
15 39 37
15 44 37
14 39 35
13 42 36
12 41 35
11 38 32
8 36 34
7 37 29
14 33 24
13 35 26
16 36 27
12 36 29
11 37 29
14 36 32
13 36 31
13 36 32
9 37 31
5 37 28
7 36 29
12 37 33
13 37 32
14 33 31
19 32 41
19 34 36
15 36 33
15 40 35
15 40 38
15 38 40
14 39 40
14 42 39
13 44 38
14 41 39
9 41 35
11 41 36
15 39 30
13 41 31
11 46 29
8 43 30
10 50 35
15 47 37
21 47 37
22 49 40
23 47 43
29 46 46
33 47 47
33 47 46
34 46 46
35 44 47
35 41 47
33 46 50
31 39 51
33 41 51
35 40 51
35 40 51
36 42 51
35 41 51
36 41 52
35 40 51
37 42 51
36 41 51
36 41 51
36 41 51
38 41 51
36 41 51
36 41 51
36 41 51
37 41 51
36 42 51
37 40 51
36 41 51
37 41 51
36 40 50
37 40 51
37 41 52
37 41 53
35 38 51
36 41 51
