13 35 35
12 35 35
12 34 36
12 35 36
12 36 36
13 34 35
12 33 35
13 34 34
12 36 34
12 36 35
12 36 35
13 36 36
12 36 35
13 35 35
10 33 36
9 35 34
7 34 34
4 33 34
12 32 35
16 33 34
14 33 34
14 33 36
13 33 36
14 33 35
11 34 37
13 34 37
12 35 36
13 35 35
9 34 35
10 34 35
13 34 34
12 34 34
12 33 31
14 35 32
14 35 33
13 34 35
13 35 35
10 36 33
7 34 35
4 35 35
10 33 35
16 34 35
15 33 33
14 32 35
13 35 35
14 33 34
14 33 36
11 34 36
13 34 37
12 33 37
12 32 36
5 36 35
11 35 34
13 34 34
14 33 33
15 33 32
17 36 33
13 35 34
13 34 34
12 34 34
11 34 35
7 35 34
4 33 35
5 34 36
15 34 36
16 34 35
15 34 34
15 35 35
15 35 35
13 35 37
12 34 37
13 35 37
12 33 38
13 33 37
8 34 37
10 35 36
9 35 34
14 34 35
14 34 34
15 33 33
13 34 33
12 34 33
12 34 34
12 35 33
12 36 35
5 35 36
2 35 36
11 33 37
14 36 36
15 34 34
17 36 35
14 35 36
15 34 36
13 33 37
12 31 37
12 33 37
11 33 36
10 33 35
10 35 36
11 34 33
11 35 34
13 34 33
15 35 34
15 35 33
14 35 33
13 34 35
12 35 34
9 35 35
7 35 36
5 34 35
13 34 35
14 35 35
14 34 36
14 35 36
15 36 36
15 35 37
13 35 36
11 34 37
12 34 36
10 33 38
10 33 36
10 35 35
11 34 33
13 35 33
15 35 33
15 35 33
14 35 34
13 35 34
12 34 34
12 35 34
13 35 34
8 35 35
4 34 36
5 34 35
17 35 35
15 34 35
15 34 35
15 35 36
14 33 36
14 34 36
14 33 36
13 33 37
12 36 37
10 36 36
12 35 37
6 36 34
12 35 34
11 33 34
13 32 31
16 34 31
15 33 32
14 33 32
14 32 32
10 33 33
12 34 34
10 34 35
9 36 36
5 35 35
4 34 36
15 35 34
12 34 34
13 33 35
13 34 34
13 36 36
13 35 35
13 34 36
14 34 37
13 35 36
10 35 37
11 33 36
4 36 35
9 35 35
13 32 34
12 33 33
17 34 33
17 35 33
14 35 33
14 35 33
13 34 33
14 35 35
14 36 35
14 35 36
9 35 35
5 34 36
8 35 36
13 37 37
12 32 36
14 32 36
14 36 36
14 35 36
13 35 38
14 33 37
13 34 37
12 35 37
10 36 36
10 35 36
9 36 36
10 34 35
13 35 34
11 34 33
13 32 32
13 33 31
13 34 33
13 35 33
12 36 34
14 38 34
8 37 36
13 35 35
10 38 37
11 35 37
15 36 37
13 37 39
11 37 39
15 36 41
14 34 38
13 34 38
12 34 37
13 32 36
12 32 37
13 34 36
14 33 36
11 35 34
10 35 35
10 35 35
12 33 34
11 33 33
12 35 34
13 34 35
13 33 35
13 35 37
9 35 37
11 34 37
13 33 36
12 33 36
12 33 38
13 34 38
13 33 39
