33 43 49
33 47 48
33 45 46
34 45 42
33 41 44
29 44 44
22 54 48
17 52 43
16 47 44
19 40 44
19 38 47
20 35 43
18 39 45
16 36 42
14 37 41
12 40 39
7 37 38
3 33 37
2 29 38
6 30 32
6 34 30
14 32 28
19 34 32
18 36 31
15 36 31
13 35 32
13 36 35
11 38 34
11 36 34
9 37 34
0 31 28
7 32 30
19 37 43
15 33 34
16 38 34
19 36 34
18 35 37
15 34 38
13 35 38
13 34 37
11 36 39
8 37 39
8 34 34
2 38 34
12 36 35
14 37 34
14 33 32
13 36 32
14 37 33
16 36 31
15 35 32
12 35 32
6 35 30
2 35 30
15 32 31
14 32 35
14 32 36
17 34 35
16 34 36
18 34 35
15 32 36
14 34 36
10 36 37
7 35 36
3 36 35
11 37 35
11 36 33
12 33 31
14 35 31
17 36 33
16 36 33
17 37 33
12 37 34
9 36 32
8 35 32
1 36 31
11 34 32
14 31 32
13 32 33
13 36 34
15 34 34
15 32 38
19 38 36
17 39 34
12 37 35
9 37 39
3 36 37
5 41 35
12 33 30
14 32 30
14 36 32
15 37 31
16 36 32
14 36 32
12 35 31
11 37 32
4 36 32
3 36 30
11 35 32
15 33 34
13 30 31
14 32 34
17 35 35
18 37 36
17 35 35
13 35 33
11 35 34
7 35 34
4 37 34
10 37 35
12 35 30
13 34 31
14 37 31
15 36 30
16 37 31
14 37 30
13 36 31
9 37 32
5 35 31
4 36 31
11 34 31
13 32 32
15 33 33
16 35 35
18 37 35
18 37 35
19 36 36
13 38 37
9 38 35
6 36 35
4 38 35
10 34 34
12 32 29
13 34 29
16 35 30
17 36 31
16 36 31
15 36 32
12 36 32
12 36 33
12 37 32
10 37 33
5 38 33
11 35 33
16 33 33
13 35 33
12 36 33
14 35 37
16 37 37
15 37 37
14 36 37
9 38 36
12 41 36
12 35 33
12 36 34
13 36 35
11 35 34
11 36 34
13 35 35
12 36 34
12 37 35
12 40 37
12 42 36
9 41 35
10 39 36
11 38 39
12 49 41
16 45 42
20 45 44
30 44 43
32 49 46
31 44 48
30 42 47
34 44 48
34 41 48
35 42 52
34 42 50
35 41 51
36 41 52
35 42 51
35 41 50
36 41 51
35 42 50
35 42 52
36 40 52
36 42 51
37 42 51
37 41 52
35 41 51
36 41 51
36 41 51
35 42 53
36 40 49
34 40 52
35 41 51
36 42 50
