14 40 38
13 40 38
15 40 38
14 40 38
14 40 38
14 40 39
15 41 39
16 41 39
15 43 38
14 45 39
16 45 37
17 45 37
16 43 36
15 43 36
15 43 36
13 43 35
12 42 36
8 45 34
10 44 35
15 42 33
14 41 35
12 38 35
14 36 35
16 37 36
18 39 37
19 40 36
14 42 36
10 43 39
9 43 40
7 43 39
17 42 36
18 42 33
14 45 32
15 41 32
17 43 32
17 42 32
18 42 34
19 40 33
12 41 33
4 43 35
6 45 34
9 47 37
18 39 37
15 38 34
12 38 34
16 39 36
17 39 36
18 39 36
18 39 34
15 41 37
8 44 37
6 44 39
5 45 40
15 41 37
18 43 35
15 44 33
15 43 32
16 44 32
17 43 32
18 43 32
19 42 32
18 39 33
7 42 35
1 46 36
7 46 38
17 41 36
17 38 34
12 39 34
15 39 36
16 39 37
19 38 36
20 37 35
18 40 35
13 42 38
8 43 39
4 44 41
8 43 40
18 40 36
15 39 34
13 41 34
14 44 33
16 44 34
18 43 33
19 42 33
22 40 35
18 42 34
8 45 37
3 46 39
8 46 39
19 42 39
17 41 36
15 40 35
14 39 36
16 41 36
17 39 36
19 40 36
17 40 38
16 40 37
12 42 39
8 44 41
8 44 40
15 42 37
16 41 35
14 44 32
14 43 31
16 44 32
18 42 31
19 41 32
20 40 32
18 41 32
6 45 34
1 47 36
2 48 36
17 43 36
20 39 36
16 38 34
15 38 33
14 39 33
14 36 33
15 37 34
15 40 33
15 40 35
16 41 37
16 42 37
13 42 38
8 41 38
10 41 37
13 40 35
11 39 33
12 39 33
16 41 32
15 43 33
15 44 32
14 45 34
15 43 35
15 43 35
16 42 38
12 43 37
13 43 37
17 44 37
16 42 37
16 42 37
13 41 39
15 37 41
16 38 41
15 41 41
14 39 38
16 40 38
14 39 38
13 40 38
12 42 37
15 40 37
14 39 37
14 42 37
16 41 36
15 40 37
15 40 37
15 40 38
12 41 37
12 43 38
14 44 38
15 43 38
16 44 38
15 42 39
14 42 38
14 39 38
12 38 39
13 36 39
13 37 38
14 39 38
15 40 38
15 41 39
13 39 38
14 42 40
14 41 40
15 40 39
14 38 38
14 40 38
14 41 38
13 41 37
14 41 38
15 39 38
14 39 39
14 40 38
14 38 38
13 40 39
14 38 40
14 38 38
14 41 39
14 38 38
14 39 38
14 39 38
15 39 38
15 39 38
14 39 37
14 38 38
13 41 39
14 39 38
13 40 38
14 39 37
14 39 39
13 39 38
14 39 38
14 38 38
15 39 38
14 39 38
13 39 39
15 38 38
13 39 38
12 40 37
13 37 37
14 39 37
14 39 37
13 37 38
13 39 37
12 38 38
14 38 37
13 39 37
12 40 37
13 38 37
13 39 37
13 39 37
13 39 37
13 40 38
15 39 37
13 39 37
13 40 37
13 38 38
13 38 38
13 39 37
14 38 38
13 38 38
13 39 37
13 38 37
12 39 38
14 40 38
13 38 37
14 38 38
14 39 39
14 38 38
