14 38 36
14 38 36
13 39 36
14 38 35
11 41 35
13 40 34
15 40 35
14 39 35
13 40 35
8 41 34
3 38 34
2 36 33
11 34 35
12 33 33
17 34 35
21 36 33
21 35 34
16 37 35
13 38 36
11 39 38
6 40 37
2 39 36
10 39 34
12 37 32
17 37 34
20 37 33
20 38 34
15 38 33
11 38 33
5 40 35
1 36 34
11 37 35
12 35 34
18 36 36
22 36 36
22 34 35
17 37 36
14 38 37
12 38 37
9 38 37
0 39 35
9 39 36
13 38 35
12 36 34
17 39 33
21 35 34
18 37 32
14 37 32
8 38 33
4 37 32
4 38 34
13 35 34
14 36 34
17 37 36
22 35 35
20 36 35
15 37 35
12 38 36
12 38 36
3 38 34
7 39 35
11 38 33
14 35 33
15 39 33
18 37 33
17 37 33
15 37 32
8 38 33
6 37 33
0 38 33
12 34 35
12 34 34
15 35 34
18 35 34
19 36 35
18 37 35
15 38 37
12 37 38
9 38 37
0 37 34
11 39 36
12 34 34
13 37 33
19 35 33
20 36 34
17 38 34
10 39 33
6 40 35
1 38 34
10 37 34
13 36 35
17 34 34
21 35 35
19 34 34
15 36 35
11 35 35
11 35 37
8 37 36
0 36 33
10 35 36
10 35 32
14 33 31
17 37 32
19 35 32
17 37 31
13 37 33
7 40 34
2 39 33
5 38 35
12 35 36
15 35 35
19 35 35
21 36 35
19 37 36
15 37 35
12 39 36
12 38 37
3 40 36
3 41 35
12 37 34
14 37 33
14 36 32
18 35 33
19 38 34
16 37 32
12 37 33
8 37 34
4 38 35
2 36 33
13 36 35
14 36 35
18 34 36
21 35 36
18 36 35
16 36 35
13 37 35
11 37 36
9 38 37
0 38 35
10 38 36
13 35 33
14 35 34
18 36 33
20 36 32
16 37 33
13 37 33
16 38 35
14 38 35
11 39 35
6 38 34
8 38 36
19 33 36
14 37 36
9 37 34
13 37 37
16 36 37
16 36 37
15 38 39
15 37 38
5 37 35
13 38 34
15 40 37
10 37 34
10 37 34
12 39 35
14 39 36
14 40 37
11 41 37
12 41 38
16 42 39
17 40 39
15 40 41
18 41 41
16 40 41
17 40 42
17 40 43
16 38 42
14 40 42
15 42 42
16 43 42
14 43 39
14 44 40
20 45 39
21 44 39
