13 45 38
16 48 38
19 48 36
16 45 34
15 45 34
18 44 33
20 45 34
19 50 33
19 53 33
20 48 36
19 46 36
19 48 38
17 41 34
19 41 35
15 45 39
16 37 41
15 41 43
11 42 44
12 40 42
12 39 40
14 42 38
14 44 36
14 44 36
17 44 35
17 43 37
18 43 37
15 42 37
16 44 38
16 43 38
15 44 39
15 44 37
17 44 38
16 45 38
15 44 37
15 44 37
16 45 38
18 46 37
19 48 37
15 52 37
17 49 36
20 47 36
21 47 35
21 46 35
19 45 35
15 46 37
12 47 35
8 50 35
14 44 35
18 40 35
15 37 37
15 37 37
13 41 37
15 40 36
14 38 36
14 39 38
7 44 40
10 44 39
11 44 38
16 42 35
20 43 34
16 44 32
16 47 32
16 44 32
16 44 34
19 40 33
18 42 34
10 46 34
6 46 33
10 48 34
14 44 37
19 38 36
13 37 36
14 38 36
16 40 35
16 39 35
15 40 35
13 40 37
8 43 39
10 45 40
10 43 39
17 41 37
14 45 35
14 47 32
18 43 32
21 43 32
21 42 32
19 40 33
13 43 34
6 46 35
8 46 35
10 48 36
16 38 36
12 35 35
14 38 35
15 39 36
18 39 34
16 40 37
14 40 38
12 41 39
11 43 38
5 45 36
16 43 33
16 42 32
16 43 31
15 44 31
16 42 31
18 40 32
19 39 33
19 39 33
9 43 32
0 48 32
5 47 33
19 41 34
20 36 34
14 38 33
15 38 35
15 39 36
17 38 35
16 40 35
15 39 36
13 41 37
9 41 37
6 44 36
12 40 34
18 41 32
15 41 32
14 44 31
17 43 31
17 44 30
19 42 31
21 41 32
17 41 32
8 45 32
2 46 31
5 48 32
18 45 33
20 38 33
16 38 33
15 39 32
14 39 34
14 37 35
14 39 34
14 40 34
16 40 35
16 40 36
18 42 37
11 43 38
5 42 34
13 42 34
14 39 32
13 42 31
15 42 31
18 41 32
17 43 32
15 43 34
14 42 36
15 44 36
15 46 36
11 43 35
16 45 36
16 42 37
15 38 39
14 40 39
14 42 40
13 39 40
16 38 39
17 40 39
16 41 39
16 42 38
11 44 38
11 44 38
14 42 37
15 43 37
16 45 37
16 44 37
16 44 37
16 44 37
19 48 37
18 46 37
19 48 38
20 47 38
18 46 38
17 44 40
14 44 40
16 43 39
16 42 38
16 42 39
17 44 40
17 45 40
16 43 40
15 42 38
15 43 38
16 42 39
14 42 39
15 45 40
16 45 39
15 42 38
12 43 39
14 41 37
15 40 37
17 42 37
15 41 38
15 40 38
15 44 39
15 44 37
15 42 38
15 41 37
14 41 37
12 41 37
14 42 37
15 43 36
14 42 38
14 41 38
13 40 38
14 40 37
15 41 37
14 40 37
13 41 38
15 42 39
15 41 38
14 41 37
15 41 37
14 42 38
14 42 38
14 40 36
14 41 36
14 41 36
15 41 37
