40 37 46
39 39 45
40 39 41
34 44 44
26 47 43
22 42 46
12 45 48
6 46 51
2 47 44
11 42 39
10 42 36
10 44 31
13 37 28
18 35 31
13 38 31
6 35 31
1 38 31
15 36 33
17 38 37
17 35 37
15 36 39
17 35 37
14 36 37
12 37 43
9 39 37
9 38 36
13 39 35
12 36 34
12 35 36
14 34 34
13 38 37
4 37 34
3 34 35
16 34 32
13 32 34
14 36 34
15 35 35
17 36 37
14 35 37
14 37 37
9 37 37
6 37 35
8 35 33
13 36 33
16 35 31
17 35 31
14 36 32
8 36 27
8 35 28
3 37 30
14 31 31
13 35 35
13 34 33
18 34 34
18 35 34
12 35 33
8 35 36
5 37 35
8 41 40
10 37 34
13 34 32
17 29 32
18 35 32
15 34 31
6 35 33
6 31 30
8 32 27
12 34 33
11 34 34
17 37 34
18 38 35
17 37 36
13 36 35
9 37 34
4 37 38
8 38 36
10 36 32
14 36 33
16 36 32
16 36 34
14 36 33
8 37 33
5 35 32
2 35 31
17 32 32
12 33 32
16 36 34
17 36 35
18 35 38
16 35 34
15 35 40
7 36 32
1 34 41
9 36 39
12 34 35
15 33 34
17 36 34
18 35 32
12 36 32
6 34 31
5 33 32
9 33 32
15 31 34
11 34 34
15 31 34
20 31 33
17 32 35
10 31 38
9 30 37
4 33 36
7 34 35
13 34 32
16 33 31
13 36 36
15 32 35
19 35 35
13 35 34
8 35 34
2 36 33
3 35 33
14 34 35
12 30 32
16 33 34
16 33 34
17 34 37
17 34 38
12 32 40
10 37 38
1 39 37
11 37 38
11 36 35
15 36 34
19 37 34
19 37 33
16 36 34
7 37 35
3 38 35
0 37 36
12 33 33
14 33 35
12 34 33
18 35 35
19 34 35
16 35 36
12 35 35
11 33 38
10 35 38
9 37 35
5 38 36
10 36 32
12 36 31
13 38 33
16 37 31
16 37 30
15 38 31
12 36 33
9 37 33
4 37 32
7 36 31
15 34 33
12 36 34
11 35 35
8 38 35
9 41 36
14 46 38
17 47 41
23 45 43
30 41 42
33 42 46
36 43 47
37 40 43
38 38 47
41 36 49
38 35 52
39 33 52
40 33 52
41 33 51
41 33 51
42 34 51
40 34 52
39 35 52
40 35 53
41 34 51
40 33 51
41 35 52
40 35 52
42 35 52
40 34 52
39 35 52
