35 49 49
35 49 49
34 47 44
33 44 40
31 47 42
30 47 45
26 49 44
23 45 42
19 50 46
14 47 43
13 44 41
15 37 41
12 36 40
11 39 40
12 36 40
14 37 41
13 36 38
15 33 41
14 35 39
12 34 40
12 35 39
8 36 37
8 36 36
9 36 35
11 33 30
10 32 30
11 35 28
14 32 29
15 34 30
15 36 30
14 36 32
12 37 31
13 37 33
11 38 32
11 36 32
11 37 31
10 37 30
13 37 30
14 34 30
9 33 32
10 32 35
13 33 40
14 32 43
14 31 37
15 29 36
14 31 36
13 32 35
14 32 36
14 31 37
12 31 39
8 35 38
3 36 37
8 35 38
11 33 33
12 32 32
14 35 34
15 37 33
17 34 32
17 36 34
15 36 35
15 36 34
13 37 36
9 36 35
6 36 36
1 37 35
6 32 34
14 32 34
14 31 32
16 32 34
18 35 35
19 35 35
17 34 36
12 35 36
12 34 37
10 34 37
5 35 36
0 39 37
10 33 33
11 33 32
13 36 31
14 37 31
18 37 31
17 38 32
16 37 32
13 35 32
6 36 33
1 35 32
11 32 32
12 31 35
13 30 33
18 34 35
16 35 34
18 37 36
16 38 37
12 36 36
11 32 39
6 33 36
1 37 35
10 34 34
11 35 33
12 32 30
14 34 30
17 36 31
18 35 31
15 36 33
12 38 33
7 36 33
0 36 34
1 38 32
22 28 34
17 33 35
14 31 35
17 33 36
19 33 35
16 34 36
12 36 37
12 34 36
7 36 36
2 37 36
7 37 35
13 34 32
11 33 31
15 36 32
17 37 33
18 37 32
15 36 31
11 36 31
5 36 31
2 37 32
6 33 30
15 33 34
13 30 33
16 32 34
19 35 35
18 38 35
18 35 36
15 34 35
12 35 37
7 36 35
1 37 35
6 36 36
13 32 31
14 29 30
13 33 30
14 33 30
15 36 32
17 37 32
14 37 32
9 35 33
7 33 33
2 34 30
7 31 32
17 27 31
14 30 33
16 33 34
19 33 34
17 35 35
14 33 36
12 33 35
8 34 34
7 32 33
2 33 36
8 34 32
10 28 31
15 35 33
16 33 34
15 35 31
17 34 29
14 37 30
13 35 31
12 36 33
11 36 31
8 35 33
5 34 33
1 36 33
9 33 31
16 29 30
14 31 28
16 31 29
20 31 31
17 29 31
13 32 34
11 31 37
12 34 36
13 33 34
13 33 34
13 34 35
12 35 36
11 35 38
13 36 38
14 37 34
13 34 34
11 37 32
12 36 34
12 34 35
12 35 35
13 37 34
13 37 35
12 37 33
13 36 34
13 36 35
13 37 35
12 37 34
11 37 33
13 38 34
12 38 34
14 38 33
12 39 34
12 37 34
10 39 35
10 42 36
5 48 38
6 51 39
19 50 37
27 43 40
31 42 39
36 42 43
37 40 46
35 44 50
35 41 50
35 39 50
37 41 51
37 40 52
38 39 52
36 40 52
36 42 52
36 39 51
38 38 52
