14 39 37
12 40 37
15 39 37
13 39 36
13 39 36
14 38 36
12 40 37
14 39 36
14 40 37
13 38 37
14 39 37
15 40 37
13 39 37
13 41 38
13 40 37
13 40 36
13 40 36
12 38 36
13 40 36
14 39 35
13 40 35
13 39 34
12 40 36
11 39 35
8 39 36
8 41 33
11 38 33
16 35 33
16 33 31
15 34 33
13 35 33
11 36 34
12 35 35
12 36 35
13 36 36
13 36 35
14 37 35
12 36 35
11 37 35
10 37 36
7 39 34
5 39 33
15 38 34
14 35 31
15 36 32
13 37 31
12 38 32
15 37 31
14 37 32
16 38 32
17 38 33
12 39 33
6 39 35
0 40 34
2 39 36
13 35 33
19 35 31
22 34 33
15 34 32
12 36 34
9 38 35
13 36 36
16 36 36
16 37 36
15 37 36
14 38 36
11 40 38
7 39 38
7 40 37
7 41 36
17 38 35
15 38 34
15 38 32
14 39 34
15 39 32
14 39 33
16 39 32
16 38 34
15 39 35
12 40 36
6 41 37
2 41 37
5 40 37
12 38 34
22 35 32
17 34 33
15 35 34
13 35 35
14 35 37
14 35 37
15 36 37
16 36 37
15 37 36
12 35 37
9 37 36
7 37 36
4 39 35
11 38 34
16 36 34
13 37 34
15 36 33
12 37 33
13 38 33
13 37 34
15 38 33
15 38 34
18 38 35
12 39 35
6 39 39
1 41 37
9 41 36
13 36 34
18 35 35
15 33 33
15 35 35
12 36 35
14 37 36
13 37 35
16 38 37
15 36 36
12 36 36
10 37 38
8 39 37
6 39 35
10 39 35
14 38 34
14 36 34
14 38 33
13 37 34
14 38 34
15 38 34
16 37 34
14 38 34
14 39 34
10 39 37
5 41 36
2 41 36
9 39 35
20 34 33
17 34 35
13 34 34
11 35 34
11 36 35
13 35 35
17 36 35
15 37 36
14 37 36
10 39 37
9 39 37
6 39 37
7 37 35
14 38 33
15 38 32
14 39 33
14 37 33
15 39 33
12 38 33
15 38 34
15 40 34
15 40 35
15 40 35
13 39 35
11 39 36
8 40 36
6 40 35
8 40 36
13 37 33
19 34 33
17 33 32
15 34 35
11 35 35
12 37 34
13 36 37
14 36 37
13 37 37
15 37 36
14 36 36
12 38 36
12 37 33
12 37 35
12 37 34
12 38 34
13 38 33
12 38 33
13 38 34
12 38 34
13 40 34
13 40 35
13 39 35
10 37 34
12 36 35
12 37 35
13 35 34
13 34 34
12 35 34
11 35 36
13 34 35
12 35 36
13 35 36
13 36 36
14 36 35
13 37 36
12 37 35
11 38 34
11 38 34
13 38 34
11 37 34
11 37 33
12 37 34
12 38 35
12 39 35
13 38 36
13 40 36
16 39 36
12 39 36
14 39 36
13 38 36
13 36 36
14 34 38
12 35 39
14 36 39
13 36 40
13 37 38
15 38 38
14 38 38
12 39 38
9 39 37
12 39 37
14 39 36
13 38 36
13 39 35
14 39 36
14 40 36
14 39 36
12 41 37
14 39 37
12 39 38
11 38 38
13 37 39
10 36 36
11 36 37
14 36 37
13 36 38
13 37 37
12 36 38
14 37 39
13 36 38
15 36 38
15 37 38
13 37 38
14 38 39
13 38 39
12 38 37
14 37 37
14 39 37
13 40 36
14 41 36
14 40 37
13 40 37
12 41 37
13 40 37
15 40 37
