15 39 34
13 39 34
11 41 35
7 42 36
2 42 34
13 40 37
13 39 37
15 35 36
19 38 35
20 38 35
17 38 37
14 40 37
13 40 38
13 41 38
7 42 37
3 44 38
13 42 36
13 40 34
17 38 33
19 38 33
19 38 33
19 39 34
14 41 33
9 41 33
7 41 36
3 41 34
12 38 37
14 39 34
16 37 36
20 38 35
20 38 35
17 37 35
16 41 38
13 41 38
10 42 37
5 41 36
6 42 37
9 41 34
14 38 34
18 38 34
20 38 33
20 36 33
16 38 32
10 40 32
9 40 35
5 41 35
9 38 36
14 40 38
14 37 37
20 38 37
20 38 36
20 38 37
16 38 37
13 40 37
11 42 37
5 42 36
4 44 38
11 41 35
12 37 34
15 40 35
17 38 35
19 40 34
19 39 34
14 39 32
11 41 34
12 42 36
4 41 37
13 39 37
12 40 37
15 39 37
16 39 36
18 37 37
16 39 37
14 38 37
12 40 37
11 42 38
10 40 38
7 41 37
15 40 36
12 36 37
14 36 35
14 38 35
15 38 35
16 37 34
15 40 35
13 42 36
10 39 36
5 40 34
6 38 35
14 40 39
15 38 37
18 36 36
20 38 36
18 38 37
14 40 39
16 39 42
14 38 42
9 42 38
4 45 39
16 40 41
15 39 38
14 41 37
15 41 39
18 40 38
18 39 37
12 42 37
11 41 37
7 41 36
9 40 38
16 40 38
17 39 38
18 39 38
17 39 39
18 42 38
16 41 40
15 43 40
13 44 41
14 45 39
10 46 37
14 43 36
13 42 35
16 39 34
17 39 34
17 39 34
16 41 35
8 43 36
7 40 36
11 42 36
14 42 37
15 40 38
14 40 37
18 39 38
16 38 37
16 40 39
17 42 40
15 43 40
14 43 38
9 46 38
9 44 35
12 40 35
14 39 36
16 37 36
17 39 35
16 39 35
14 40 36
8 39 35
5 40 35
6 43 34
18 39 38
16 39 38
17 37 36
17 39 38
18 38 38
15 39 38
15 41 39
11 41 39
10 43 37
8 41 37
14 39 37
14 38 35
16 38 36
18 39 36
17 38 36
14 40 35
10 41 35
9 40 35
3 39 35
13 39 37
13 37 36
17 36 37
16 37 37
18 39 38
17 40 38
14 41 39
12 41 39
10 43 38
6 42 39
13 41 36
14 38 35
17 37 35
18 39 34
16 39 34
16 40 34
15 41 35
14 42 36
13 42 35
12 42 35
9 42 35
15 40 37
15 39 36
15 37 37
15 40 36
13 39 38
14 41 38
13 40 39
15 41 38
15 41 38
15 40 37
13 41 36
11 42 37
16 38 36
14 41 38
14 43 37
13 41 35
13 41 34
15 41 34
15 42 34
15 41 35
13 43 33
13 42 36
13 41 36
14 39 36
13 39 35
14 40 36
13 39 36
12 39 35
11 38 34
13 41 35
13 40 35
12 41 35
13 39 34
12 39 34
12 39 34
12 40 35
11 39 34
13 38 34
13 39 35
13 38 35
12 39 35
13 39 34
12 39 35
13 39 35
