37 34 43
35 39 46
31 36 44
28 42 50
20 47 56
19 38 48
20 38 44
18 41 45
20 39 40
17 39 38
11 42 38
4 37 37
6 36 36
2 37 36
4 37 37
13 36 35
11 33 31
11 34 30
15 35 32
14 35 31
14 36 31
12 36 31
9 35 30
5 35 32
4 36 30
17 34 35
14 34 32
15 33 34
15 36 34
16 36 35
16 38 35
14 38 35
10 37 36
6 35 35
1 36 36
14 36 35
10 38 33
10 35 31
14 37 33
15 38 32
17 36 32
15 37 32
11 37 32
7 36 33
3 36 31
14 34 33
14 32 34
14 33 34
16 34 36
20 35 34
14 35 36
10 36 35
12 35 35
9 34 34
1 37 35
9 34 36
12 33 33
12 34 32
15 36 34
17 37 34
15 35 31
17 35 34
9 35 33
6 35 34
4 35 33
6 33 32
17 30 35
13 31 33
15 34 34
16 35 36
16 36 36
14 35 34
12 35 36
11 35 36
7 31 41
3 44 35
10 37 35
11 33 33
13 37 32
14 35 31
15 37 32
16 36 32
16 37 32
11 37 33
6 36 33
4 35 32
5 35 30
16 33 33
13 33 31
18 34 33
17 34 31
15 36 33
15 37 33
14 33 36
10 35 33
10 38 36
4 41 40
10 40 36
10 37 33
14 33 34
15 35 34
16 35 34
15 36 33
14 39 34
10 37 33
7 34 32
5 36 32
5 33 31
17 33 33
9 34 32
14 34 34
16 36 33
18 37 35
18 36 33
12 37 34
11 36 34
8 36 35
4 37 35
6 37 38
12 36 36
8 34 32
11 33 31
15 35 32
17 37 33
17 37 33
13 37 32
8 36 34
5 36 32
1 35 31
13 34 33
12 34 33
17 33 33
17 35 34
16 36 35
15 36 36
14 36 36
10 34 34
2 34 31
3 30 41
11 42 35
13 35 32
14 36 31
16 35 32
16 36 31
15 37 33
14 37 33
10 37 33
10 36 34
6 34 32
2 35 31
14 32 34
13 33 33
15 32 33
15 35 34
15 36 34
16 36 35
15 36 36
10 35 35
11 35 37
7 34 36
2 35 35
11 34 35
12 35 32
11 35 32
12 35 32
14 38 32
16 37 33
14 35 32
13 37 33
11 36 32
8 36 32
1 37 33
10 33 35
15 34 36
13 32 34
15 34 34
16 36 34
16 35 35
14 35 35
12 35 35
11 34 35
8 32 36
6 37 37
5 35 34
13 35 32
10 34 31
16 35 31
14 34 30
15 34 31
12 34 30
13 35 32
11 36 33
9 36 33
6 36 32
2 34 30
16 33 31
12 31 33
11 30 31
12 34 33
15 34 33
12 36 35
11 39 36
13 43 39
14 47 39
19 45 43
26 40 41
27 55 36
29 48 37
33 52 35
39 43 40
41 45 43
36 42 48
37 40 52
38 37 51
40 38 52
42 36 51
41 37 50
40 38 51
39 38 52
40 37 51
39 38 51
