13 35 36
12 36 36
12 37 36
11 36 37
12 38 37
13 38 38
13 38 37
12 39 38
14 39 37
15 39 37
15 40 38
11 39 38
3 42 36
6 41 36
11 39 36
13 37 35
16 36 34
19 36 33
15 35 32
12 36 31
6 38 32
2 35 32
12 36 36
12 34 35
16 35 36
20 36 36
21 37 37
17 40 37
13 40 37
10 40 38
0 41 36
9 39 38
12 38 35
14 38 34
15 37 33
19 38 33
18 37 34
13 38 33
6 38 33
4 37 36
6 39 34
13 36 37
15 36 36
16 38 36
20 37 37
19 37 37
14 38 36
12 38 38
7 39 37
2 40 35
12 41 35
13 39 33
14 39 33
18 38 34
19 36 33
17 39 34
9 39 32
4 40 33
4 38 33
11 38 35
11 36 36
17 37 36
19 35 35
19 35 35
17 37 36
12 38 36
9 39 36
1 41 34
10 37 34
11 37 32
13 36 32
17 37 32
17 39 34
17 39 34
11 38 36
7 40 33
1 37 32
10 36 35
13 34 33
17 35 35
19 36 34
21 35 35
18 37 36
13 38 36
10 38 38
6 38 37
1 40 34
11 39 36
11 37 33
14 37 34
18 36 35
19 34 33
15 38 33
9 38 34
6 38 35
2 38 34
12 34 36
14 34 35
17 34 36
21 34 35
20 37 36
15 38 35
15 37 37
11 38 38
9 38 38
0 39 36
10 39 37
12 37 34
14 38 34
17 38 33
19 36 34
17 37 33
14 36 34
7 38 32
5 37 35
2 36 35
11 34 37
14 34 35
18 33 35
21 35 37
19 36 36
16 38 37
15 37 37
13 38 39
9 39 36
2 39 35
9 38 35
13 38 34
13 38 33
17 38 36
17 37 35
16 37 34
12 41 34
13 40 33
16 39 33
13 40 35
8 39 33
10 39 35
13 39 36
15 38 37
14 38 37
12 39 36
16 38 38
15 38 37
