14 41 37
15 40 37
11 41 37
12 41 37
14 40 37
12 39 37
13 41 36
14 38 36
13 37 36
13 38 36
12 39 37
12 40 36
13 39 37
14 40 37
15 40 37
16 43 37
14 46 37
14 46 36
14 45 36
16 44 36
16 46 34
16 44 33
16 43 34
17 43 33
12 42 33
11 43 33
5 45 34
11 43 34
15 39 33
14 38 34
14 38 34
16 38 35
16 40 36
17 39 36
16 40 35
11 43 38
5 43 39
4 43 37
11 42 34
20 40 33
17 42 33
15 43 31
16 45 33
16 43 31
18 41 32
13 40 32
7 39 30
4 42 30
11 45 33
19 41 35
15 38 34
12 39 36
14 39 35
17 38 35
21 38 36
19 39 35
13 40 36
6 44 37
5 43 39
9 43 37
18 42 36
16 44 34
12 44 32
14 43 32
16 42 32
20 40 32
20 38 32
13 40 32
2 43 32
3 46 33
14 42 36
17 38 34
14 37 35
12 38 35
16 38 36
16 39 35
17 38 34
16 40 36
15 38 35
9 39 37
6 38 38
3 41 38
16 39 35
14 39 32
13 38 32
12 39 30
15 39 30
16 39 31
18 37 32
14 39 33
9 39 33
4 40 35
5 40 35
15 38 35
18 37 35
14 36 35
11 36 34
15 37 35
16 36 34
16 38 36
16 40 37
13 41 38
11 42 38
1 44 37
13 40 34
14 37 31
13 37 30
12 41 32
15 42 34
16 42 32
17 40 31
18 41 33
14 41 33
7 41 34
5 42 35
7 42 35
15 39 35
18 37 35
13 35 35
14 36 35
13 37 36
14 36 36
15 37 36
16 38 36
14 40 38
16 42 37
14 41 38
17 41 37
11 41 36
10 42 36
12 42 34
13 41 33
14 41 32
15 42 31
15 43 32
16 46 33
14 46 34
15 46 34
15 45 33
17 44 32
18 45 33
18 45 33
14 48 33
16 47 34
20 46 34
19 46 36
15 46 37
13 43 39
13 39 41
17 39 39
17 43 37
19 46 38
21 45 37
17 44 38
16 42 39
16 42 38
17 48 37
18 49 39
18 49 38
19 47 39
18 46 38
18 46 36
19 45 36
18 45 36
14 46 41
15 45 41
17 42 37
16 43 36
15 42 38
17 44 39
16 45 40
16 44 39
15 44 39
15 43 38
16 44 38
16 43 40
16 44 40
13 52 40
18 50 40
21 45 39
23 45 38
22 49 38
21 51 36
21 43 42
23 40 42
21 43 42
16 45 43
13 53 40
13 47 35
17 39 37
17 41 38
13 42 44
16 39 40
13 41 37
13 40 37
13 40 37
14 42 37
14 46 35
17 43 36
16 44 39
14 43 38
16 44 36
17 43 37
17 42 38
15 41 36
14 40 36
