38 44 42
39 44 40
40 46 42
37 45 40
34 46 41
25 55 46
23 47 41
19 52 42
14 51 41
13 50 40
12 46 35
1 42 33
3 45 32
15 41 34
16 42 36
16 39 35
16 38 36
18 36 34
16 39 35
15 39 34
11 39 35
8 40 34
3 41 34
14 42 35
13 39 34
15 42 34
16 40 34
16 40 34
13 38 32
10 38 30
6 38 30
5 38 31
12 37 31
14 37 34
14 33 33
18 36 34
19 38 34
17 39 35
12 39 35
5 38 35
5 40 34
6 41 38
10 38 36
12 37 33
14 40 34
16 37 32
18 39 33
15 39 31
6 38 31
7 41 33
4 36 31
17 34 34
11 34 34
18 34 34
19 35 35
17 36 33
14 37 34
11 38 34
9 38 35
8 40 34
3 39 38
12 39 36
10 36 33
13 37 32
16 37 32
16 35 32
14 36 32
11 39 32
8 38 31
4 40 33
8 36 30
18 34 33
11 34 30
15 38 35
16 39 36
18 38 35
17 37 35
14 39 36
9 42 35
4 39 35
8 41 36
13 39 34
13 38 33
13 39 32
14 38 31
16 38 33
14 38 32
12 40 33
6 38 32
4 42 32
14 38 33
13 37 33
15 33 33
18 34 34
17 37 33
16 38 35
11 40 36
13 37 36
11 40 35
4 41 37
10 40 40
12 37 34
11 36 33
16 38 34
16 39 33
15 38 33
16 38 32
11 38 32
7 38 31
5 39 33
8 39 31
16 37 33
12 35 33
18 34 34
19 35 34
15 35 34
11 38 35
12 37 37
8 38 33
5 41 36
11 41 38
11 37 33
13 38 34
16 39 34
17 38 33
16 37 32
13 38 33
8 37 32
7 40 34
4 36 31
15 35 35
14 33 35
15 35 36
18 35 36
18 36 36
16 37 36
14 38 37
9 40 38
7 38 35
4 37 33
10 45 43
14 42 33
13 36 32
15 41 32
16 37 31
18 37 31
14 38 31
12 39 32
6 38 33
1 37 32
12 35 34
14 37 36
15 34 36
18 37 35
22 36 34
16 39 34
13 39 35
8 40 35
4 39 34
4 40 37
12 38 36
10 38 33
15 37 32
18 39 28
20 38 29
17 39 29
12 37 31
7 36 31
4 37 33
3 39 33
14 34 33
14 35 31
15 34 32
16 38 33
18 38 34
16 38 34
15 38 35
12 37 36
13 38 36
11 37 38
7 39 37
2 41 33
9 37 32
12 35 28
13 33 28
14 34 27
13 36 28
13 38 30
11 39 29
13 40 32
13 48 33
11 51 35
14 57 35
22 54 36
28 47 39
31 38 35
33 49 44
35 44 44
35 42 47
34 43 50
31 38 53
32 36 54
32 37 52
33 38 54
32 38 52
34 36 53
34 38 52
34 37 53
35 37 52
33 40 55
33 37 50
34 37 52
34 37 52
34 37 51
