39 35 50
39 38 52
39 35 51
39 35 45
37 37 40
33 40 37
26 54 35
25 60 40
26 55 42
21 39 42
17 63 48
11 50 37
16 50 37
16 45 35
12 51 38
16 44 29
15 48 28
14 45 29
13 42 31
6 39 30
7 42 31
7 41 31
14 38 33
16 43 31
20 44 31
24 45 30
22 49 29
17 51 30
12 53 29
1 56 29
5 51 32
12 44 31
18 41 33
19 40 33
16 37 30
13 37 30
14 43 31
9 46 30
14 62 39
18 57 36
24 63 37
27 62 42
23 63 47
30 48 51
40 41 43
49 38 50
42 31 46
39 34 42
37 32 39
42 32 39
47 30 42
49 33 47
49 34 43
46 34 38
36 30 34
56 35 54
51 33 36
46 37 43
53 34 36
47 36 41
56 35 44
50 42 45
55 35 36
49 38 41
53 38 40
48 43 44
49 38 43
49 43 42
45 41 42
47 53 41
45 41 43
45 45 43
44 45 39
42 43 37
37 53 51
41 51 50
44 55 48
32 61 45
50 53 62
50 50 46
51 42 36
55 34 34
55 31 35
45 32 38
33 32 40
29 31 42
33 38 42
36 28 50
34 46 63
33 43 54
38 35 51
35 36 50
37 38 52
31 35 51
39 41 51
38 43 51
37 42 51
35 42 50
36 42 52
37 44 52
33 42 54
17 47 60
24 35 50
31 58 51
49 39 44
43 52 48
50 47 46
52 38 46
52 35 49
51 32 51
49 33 52
43 38 58
29 50 52
27 37 45
22 34 39
23 43 39
39 12 47
31 40 57
40 43 51
37 38 55
35 40 51
33 41 50
30 41 49
27 39 49
28 42 47
27 40 50
25 44 51
23 42 53
21 46 51
16 49 51
24 61 49
25 41 49
30 39 49
38 37 61
34 30 63
35 31 62
42 30 53
41 25 43
39 29 39
36 30 39
28 31 39
24 35 43
19 22 43
53 18 53
41 18 48
48 32 50
44 26 48
47 25 50
42 36 51
45 36 51
41 35 52
36 37 55
34 34 55
27 29 55
32 38 48
21 36 50
20 37 43
19 36 44
16 38 44
14 42 45
10 44 45
19 48 45
8 46 47
12 53 40
13 41 34
20 43 34
31 43 41
33 41 45
38 43 49
38 43 46
32 45 52
29 42 54
27 36 53
31 38 50
33 34 51
32 36 54
32 36 53
34 35 52
