20 43 45
21 43 44
20 45 44
19 44 45
20 42 44
20 44 44
19 43 46
19 43 44
21 43 45
21 43 44
20 42 45
20 45 46
22 44 43
21 43 45
21 41 42
18 42 43
17 42 44
17 42 44
17 42 43
16 44 45
12 45 43
13 47 43
17 44 40
18 44 40
17 43 39
17 43 38
18 43 39
17 40 41
14 40 41
13 42 40
12 41 41
10 43 39
12 42 39
17 42 38
16 40 39
15 39 38
14 40 38
15 39 37
18 40 38
15 39 39
11 41 41
8 40 41
7 43 39
10 43 37
15 40 35
19 40 36
17 40 36
13 41 37
15 44 38
18 42 37
19 40 38
17 42 38
12 43 39
8 45 39
8 46 38
12 44 37
16 39 37
17 39 35
16 38 34
14 38 36
14 38 37
15 39 37
15 41 38
14 40 38
11 42 38
11 41 39
5 44 36
11 42 31
11 42 29
11 39 27
13 32 33
18 36 35
20 38 37
19 36 38
17 33 38
12 37 37
5 42 35
1 38 32
2 36 30
11 36 31
18 34 31
18 32 31
13 37 32
13 35 36
11 35 35
13 35 35
15 36 34
15 36 35
13 39 35
9 39 36
9 37 36
6 36 33
14 35 32
16 32 32
16 34 33
14 34 33
11 37 34
12 39 35
14 37 36
14 37 36
10 37 34
6 35 33
5 36 32
6 39 34
12 38 35
18 35 34
18 33 33
10 35 30
10 36 34
12 37 35
13 36 35
13 36 37
15 36 36
15 36 36
11 39 37
8 36 37
3 35 34
9 37 31
18 34 33
16 33 31
14 37 31
13 35 32
11 37 34
12 35 32
13 36 35
14 37 35
13 35 36
10 35 33
4 34 30
1 33 28
6 34 29
16 34 32
19 29 32
17 32 33
13 32 34
10 34 33
10 35 35
12 35 33
14 35 33
13 35 34
14 35 33
16 36 33
12 37 35
9 35 33
9 39 33
15 36 34
13 36 33
11 36 32
13 37 33
13 39 34
12 37 33
14 37 34
14 39 34
11 38 34
10 37 33
10 38 34
13 37 35
15 35 34
12 36 36
12 35 36
13 32 36
14 34 36
14 34 35
12 36 35
14 35 35
13 37 34
10 35 32
4 39 34
12 36 32
10 35 32
11 35 33
11 33 32
12 34 33
12 36 32
13 37 33
12 40 34
13 40 34
13 42 34
14 41 34
13 40 33
12 41 34
11 38 34
12 40 34
13 40 36
13 37 35
13 37 36
14 38 37
13 36 37
14 36 38
13 36 39
13 35 38
14 37 37
13 36 37
12 35 38
13 35 37
11 34 37
13 37 39
13 36 38
13 36 39
12 37 38
11 38 39
13 38 38
13 38 39
13 37 39
13 38 38
14 39 40
13 37 39
13 39 40
13 40 39
14 38 40
15 39 40
17 38 41
15 38 40
15 39 40
13 39 41
14 38 41
15 39 40
14 36 39
13 37 39
14 37 39
13 38 40
14 39 40
14 38 40
14 37 39
15 38 39
14 38 39
10 38 39
13 38 38
15 38 36
14 39 36
13 38 36
13 39 36
12 41 35
