33 37 52
33 37 33
33 38 51
33 38 51
34 39 53
35 40 49
34 40 48
32 42 46
28 45 49
28 43 50
27 41 47
25 46 49
22 43 46
21 46 47
19 46 44
17 41 43
13 43 44
14 42 45
15 38 42
8 40 41
6 41 39
10 40 36
9 40 36
10 39 32
11 37 31
13 37 33
14 37 32
18 37 32
16 36 32
14 37 34
11 39 34
9 38 34
2 38 33
4 37 32
17 36 36
12 35 34
15 33 35
17 35 35
18 37 36
17 36 35
14 36 37
11 37 37
13 38 36
14 36 37
10 38 36
4 37 35
3 39 36
10 38 34
9 35 31
12 36 33
16 34 31
17 36 30
18 37 30
18 36 31
14 38 33
12 38 34
13 39 35
10 38 35
3 38 31
0 38 30
11 38 35
15 36 38
13 33 34
12 34 35
17 36 36
20 37 37
18 35 35
16 37 36
13 36 35
10 37 34
0 36 33
7 41 42
4 39 32
10 34 33
14 36 32
18 38 33
19 37 32
17 37 33
15 36 34
13 34 34
12 35 34
4 37 31
0 37 27
15 38 34
14 36 36
14 34 33
15 35 36
16 37 35
17 39 37
18 38 37
16 38 36
13 37 37
9 37 41
4 46 39
4 40 32
12 36 32
10 34 30
14 34 31
17 36 32
17 36 34
18 38 34
17 40 35
14 37 33
12 36 33
10 37 33
0 38 34
0 44 32
17 35 35
20 31 34
17 32 32
16 32 33
16 37 35
17 36 37
16 36 38
15 40 40
19 40 41
18 42 38
16 43 41
11 44 41
9 44 39
7 41 36
6 38 37
13 34 27
12 42 28
15 36 29
15 36 28
16 39 31
14 36 32
15 34 32
12 35 31
7 37 26
0 35 27
7 33 28
19 34 35
13 34 34
10 32 33
12 31 35
15 32 35
17 33 36
17 32 36
16 37 35
15 39 35
14 40 36
6 41 35
4 36 38
7 33 32
8 34 33
10 35 33
14 36 32
15 38 34
15 38 34
16 39 35
12 42 36
13 47 40
14 47 43
18 45 43
19 42 45
21 44 45
26 41 49
27 42 47
35 39 46
39 40 47
38 36 43
38 35 51
31 36 56
33 35 53
37 36 54
42 38 50
39 37 52
40 37 51
39 37 51
41 36 50
39 36 52
39 36 51
40 37 52
39 37 51
39 37 51
39 37 51
39 37 52
39 36 51
39 37 52
39 37 51
39 37 52
40 35 50
38 38 50
