61 14 37
12 33 36
12 33 35
12 33 36
11 34 36
12 34 35
13 35 35
12 34 35
11 34 37
12 34 37
13 33 36
13 34 36
14 34 36
12 35 36
13 34 36
12 34 35
13 34 35
12 34 36
13 34 36
11 34 37
12 34 37
11 34 37
13 35 37
14 36 38
13 36 40
11 35 38
12 35 39
13 34 37
14 36 38
13 37 39
13 36 39
12 37 37
14 37 38
13 36 37
13 35 37
7 37 38
9 34 38
14 33 38
12 34 38
17 35 39
13 34 38
13 34 39
13 34 40
12 34 39
12 34 40
14 34 39
10 34 38
9 35 37
10 34 36
10 36 36
12 36 34
13 36 35
12 36 34
14 36 35
13 35 35
12 36 35
14 35 34
12 36 36
11 36 36
7 35 37
9 35 37
14 33 36
14 34 37
13 31 36
13 34 36
13 33 36
16 32 36
15 33 37
14 34 37
13 34 38
10 34 39
11 32 39
9 33 38
9 35 37
12 34 36
10 34 34
12 34 34
13 34 34
15 35 34
16 34 34
12 35 34
13 34 36
13 36 34
12 36 36
11 35 37
11 36 38
9 36 37
8 35 37
7 36 37
15 33 36
13 33 36
12 33 35
13 33 37
15 33 36
15 33 37
13 33 37
14 32 38
12 33 38
12 32 38
11 33 36
9 35 37
10 34 36
12 36 36
14 35 35
14 34 34
14 35 33
14 35 34
13 34 34
12 35 35
12 35 34
11 36 36
12 37 37
12 37 37
8 35 36
10 36 38
13 33 36
13 33 36
13 32 36
13 35 38
14 34 37
14 35 36
12 35 37
14 34 37
14 34 38
14 34 38
12 35 39
10 34 38
7 36 37
12 34 36
12 35 35
12 33 34
13 35 34
14 34 33
14 34 35
13 34 34
13 35 35
12 36 36
10 34 36
9 34 36
7 33 36
13 34 37
14 31 35
14 34 36
13 33 37
13 32 36
14 34 37
14 34 37
15 33 37
14 34 37
11 34 37
8 33 36
10 35 35
11 34 34
12 34 33
13 34 34
13 35 33
15 36 34
14 35 35
13 35 34
13 36 35
13 36 36
13 36 37
11 37 37
6 36 38
5 35 38
11 34 36
14 34 36
12 32 36
14 34 35
14 35 36
14 34 36
12 33 36
12 34 36
13 34 37
14 33 38
12 33 38
12 34 38
8 33 37
9 37 39
12 34 36
12 35 34
13 34 34
14 33 34
15 36 33
15 35 34
13 35 33
13 36 34
13 36 36
12 36 37
12 36 37
7 35 36
6 35 38
15 33 36
15 34 36
16 32 35
15 35 35
15 35 35
13 33 36
13 33 36
12 34 36
14 34 37
14 33 37
13 33 38
12 35 38
13 34 37
10 35 36
11 35 35
12 34 36
12 36 34
12 35 34
12 36 34
12 36 35
11 35 34
12 35 34
11 35 35
10 35 36
11 36 35
14 35 35
13 34 35
12 35 36
10 35 36
14 35 36
13 35 36
11 34 37
13 35 38
13 34 37
12 35 38
13 34 38
14 33 39
12 33 37
13 33 38
12 33 36
