33 38 52
33 38 52
36 39 50
37 40 48
35 39 46
34 35 43
28 45 51
24 41 55
20 39 51
21 38 50
19 39 49
21 37 45
17 38 45
18 37 45
15 36 45
11 36 41
9 37 41
4 37 39
9 37 37
10 34 33
11 32 32
14 33 31
15 34 33
16 34 33
12 35 34
10 36 34
7 35 35
3 36 36
8 34 32
13 33 34
12 29 32
15 32 34
17 32 35
16 32 35
13 32 35
12 32 37
10 33 37
9 32 36
5 34 37
9 30 34
10 29 32
14 32 33
14 32 33
16 30 32
15 31 33
12 34 35
8 34 35
4 34 36
3 33 35
14 29 34
12 26 34
12 27 34
16 28 35
17 31 34
15 31 36
15 33 37
13 31 38
10 31 41
9 31 40
3 32 40
10 30 34
12 33 32
13 32 30
14 35 30
15 34 31
14 35 32
12 35 35
12 37 36
10 38 36
11 40 36
7 42 39
8 43 40
10 40 39
13 37 35
14 40 35
13 42 37
17 44 40
19 47 45
21 43 44
26 44 46
29 42 42
34 40 45
38 41 48
38 40 49
37 36 48
36 34 49
37 37 53
37 35 53
37 34 52
39 34 52
39 33 53
39 34 52
39 35 52
39 34 51
38 32 51
38 34 52
40 34 52
39 34 51
