12 39 39
14 38 38
13 38 38
14 38 39
13 37 39
14 37 39
14 38 39
14 37 39
14 38 38
14 39 38
14 39 39
13 39 38
13 41 38
14 40 38
13 40 37
13 40 36
14 39 36
14 38 36
12 39 35
10 38 35
10 36 35
2 36 34
7 37 34
11 34 36
14 33 34
18 32 35
19 32 36
17 35 37
15 36 37
15 36 38
14 38 39
13 35 40
7 37 39
0 41 40
9 38 38
14 36 37
19 37 35
20 36 36
18 37 34
15 38 35
14 38 35
14 37 36
9 38 36
4 37 36
1 38 35
11 36 38
14 32 38
19 36 38
21 35 37
19 36 37
13 37 38
12 39 39
15 38 41
12 39 40
3 40 38
3 40 39
12 39 38
13 39 36
19 38 36
20 36 36
18 39 34
16 38 34
14 38 34
15 40 34
12 40 36
5 38 37
1 41 38
12 40 38
13 36 39
16 36 37
19 36 37
19 37 36
15 37 37
15 37 36
14 38 37
15 38 38
15 38 39
12 38 38
9 39 40
2 42 38
7 41 39
11 39 37
14 37 36
17 36 35
19 38 35
17 37 34
16 38 35
14 39 35
15 38 36
13 39 38
8 39 38
0 40 36
7 40 38
11 37 37
15 36 37
18 37 37
21 36 36
20 37 36
14 38 37
13 37 37
15 38 39
15 37 40
8 38 39
3 40 38
7 39 39
12 37 37
15 36 36
16 39 35
18 37 34
18 38 35
15 39 35
13 39 35
13 38 36
10 38 37
5 39 35
1 39 36
11 37 37
12 33 36
14 36 36
17 37 37
17 37 38
19 38 39
17 38 40
17 39 41
15 37 40
18 40 42
15 39 44
9 41 44
6 43 44
14 38 43
17 41 42
15 40 39
18 39 37
19 39 39
18 40 38
16 39 37
15 40 37
14 39 36
10 39 37
6 40 37
2 39 38
10 36 39
10 34 35
13 34 36
18 33 35
19 33 36
18 34 35
15 36 36
15 36 36
15 35 37
16 35 38
13 35 38
6 38 38
2 39 36
6 39 35
11 36 34
15 36 35
20 36 35
20 36 34
14 40 34
12 39 34
14 39 35
14 38 36
13 39 37
14 39 38
12 38 37
6 39 36
11 38 37
19 33 35
13 36 36
10 36 36
14 38 37
15 35 37
12 37 38
13 37 38
13 35 38
14 36 38
13 37 38
14 36 37
8 37 36
13 36 36
14 35 37
14 37 36
14 37 36
9 37 36
10 38 36
14 37 36
13 38 36
13 38 37
11 39 36
12 39 37
16 38 38
15 38 38
15 37 38
13 38 38
14 38 38
13 39 38
12 38 37
14 38 37
13 39 37
12 38 37
13 39 37
12 38 37
13 37 36
