13 35 34
11 36 34
12 36 34
11 36 34
12 37 33
11 36 33
13 36 34
11 38 34
13 36 34
12 38 34
13 37 34
12 37 33
11 36 33
12 37 33
13 36 32
12 35 34
10 34 34
12 36 39
12 39 39
15 35 34
17 38 34
17 38 36
13 39 35
9 36 36
5 34 36
0 36 31
13 36 31
12 37 29
15 30 27
15 34 29
16 35 30
16 36 31
14 35 32
12 37 33
2 37 31
1 31 29
6 30 33
17 31 32
17 31 34
19 32 36
17 34 33
16 34 31
13 36 33
11 34 35
7 36 35
2 38 37
5 38 36
13 36 33
15 38 33
15 37 32
15 35 30
14 37 31
13 35 32
12 37 31
5 36 31
1 34 31
7 34 34
15 37 36
16 37 34
18 37 35
18 35 35
17 36 35
13 35 35
11 37 35
8 35 35
6 36 35
3 36 36
10 37 34
12 33 33
13 34 33
17 36 32
18 36 32
18 36 33
11 37 31
6 36 32
2 36 33
6 33 32
12 32 35
18 33 33
22 33 33
18 31 33
16 37 33
11 34 34
9 36 35
7 37 35
5 36 36
7 36 36
10 34 34
11 35 33
14 36 34
15 35 33
17 36 31
17 37 31
14 37 30
5 35 31
5 37 32
1 37 33
12 35 35
15 35 32
17 37 34
19 37 33
18 37 32
15 34 36
11 38 36
7 36 36
4 36 35
3 37 35
8 35 32
12 34 33
16 37 32
17 34 33
17 36 31
15 37 32
11 36 32
6 36 33
1 34 32
13 35 36
14 34 34
16 35 35
20 35 34
18 37 33
13 36 34
8 37 36
7 37 35
6 37 36
11 36 33
12 35 33
13 35 30
15 35 31
13 36 32
13 35 32
9 36 32
5 35 31
5 34 31
14 34 34
15 35 32
17 35 33
19 34 36
17 34 35
12 35 35
9 36 35
7 35 35
6 37 35
4 37 35
12 33 34
14 33 32
16 34 30
15 33 31
15 34 32
12 34 31
4 31 31
5 31 31
4 35 32
15 32 33
12 33 30
17 33 34
17 36 35
16 33 35
14 32 35
9 33 35
6 32 35
5 33 35
6 30 34
13 30 33
14 27 30
14 31 30
14 33 30
14 34 33
12 35 33
7 34 34
6 33 33
4 34 31
13 30 34
15 31 33
17 32 35
17 34 36
16 34 35
14 34 34
8 34 34
6 33 36
4 34 36
5 34 34
12 36 32
14 34 31
17 36 33
17 35 30
16 35 30
12 35 32
8 35 31
6 36 32
2 34 31
10 33 34
14 34 35
16 36 34
19 36 35
18 35 35
17 37 34
14 36 36
11 36 35
14 36 35
13 36 35
7 37 34
15 34 33
11 38 32
7 36 31
14 36 32
13 35 30
14 35 32
13 37 32
11 37 31
17 39 34
12 37 33
8 29 54
14 38 36
12 38 35
11 36 31
12 35 32
12 36 34
12 35 35
13 36 36
12 36 34
11 37 33
12 35 34
13 35 34
13 36 35
12 36 34
13 39 34
12 39 34
12 37 33
13 36 34
10 35 34
10 36 35
12 37 34
12 35 33
11 37 33
12 35 34
13 35 35
12 37 33
12 37 34
12 37 34
12 36 33
13 35 33
12 37 35
11 37 34
13 38 33
13 37 33
12 36 34
13 37 33
12 37 34
13 36 33
13 36 34
12 37 33
11 36 33
13 37 35
13 36 34
11 37 34
13 36 34
11 37 35
13 36 34
13 36 34
11 37 35
12 36 34
13 36 34
11 37 34
12 37 34
12 37 33
11 37 33
12 36 34
12 37 34
11 36 33
12 36 33
12 36 33
12 37 34
13 36 34
12 36 33
13 35 34
11 35 34
12 36 34
