37 43 51
36 42 49
35 41 52
36 42 50
35 43 50
36 42 50
36 43 50
36 46 49
32 51 49
31 51 47
32 48 44
28 51 45
30 50 43
31 45 42
31 46 44
29 47 46
32 46 44
26 45 50
28 56 47
29 47 39
29 50 35
23 45 34
20 43 40
15 38 41
8 41 41
8 42 36
9 43 35
3 43 35
0 34 35
4 37 35
16 36 36
10 36 32
16 34 34
23 37 34
23 40 35
16 41 35
4 39 33
3 37 37
2 38 38
10 35 33
10 37 30
12 33 30
17 37 30
19 37 30
18 36 31
9 36 32
3 37 31
2 34 31
12 37 36
14 37 33
16 36 34
18 39 34
16 37 34
13 37 37
7 39 40
3 35 39
1 37 37
15 34 36
14 38 31
13 33 29
17 36 30
20 37 33
19 35 32
10 37 32
0 35 31
1 37 32
2 35 31
16 33 35
14 35 31
17 37 34
19 38 34
20 38 33
15 37 35
5 38 35
4 39 39
0 34 37
16 35 35
9 36 32
12 32 33
15 36 32
18 36 32
15 36 32
9 37 30
4 38 31
3 43 31
12 41 33
15 39 33
20 37 33
21 38 32
19 39 33
11 40 30
8 39 31
4 41 34
1 41 38
12 37 38
11 37 35
10 34 34
14 35 32
18 35 33
17 36 32
13 37 32
7 38 31
3 38 31
8 38 33
12 36 32
16 36 32
19 37 33
18 37 32
17 37 32
12 38 32
6 37 35
4 37 37
2 38 40
12 36 38
8 35 35
12 34 35
16 36 33
18 36 34
17 36 33
13 37 32
6 36 32
3 38 32
5 38 33
13 36 34
17 34 34
19 37 35
19 38 35
15 36 36
12 37 38
6 37 39
4 36 38
0 37 38
14 34 37
11 36 33
14 32 32
17 35 32
17 36 30
15 35 30
9 36 31
5 36 31
1 36 31
11 35 35
12 36 35
16 35 36
16 37 38
19 37 38
17 35 37
13 34 37
7 36 37
4 36 37
0 36 36
15 36 36
13 35 31
13 31 31
17 37 32
20 36 32
17 36 32
9 35 31
1 35 31
0 36 33
8 35 35
15 35 35
17 35 35
19 35 35
20 38 34
18 37 36
12 41 38
8 41 38
7 46 36
1 42 36
13 42 36
14 39 31
15 35 25
19 38 29
21 37 30
20 39 30
14 45 33
7 49 33
5 54 30
11 53 29
17 51 30
19 47 33
24 47 31
25 43 32
26 44 32
27 47 32
29 50 32
37 53 37
38 62 38
36 47 50
35 47 52
31 41 49
30 43 49
29 42 49
30 41 48
31 38 47
34 39 46
34 40 49
36 38 51
36 41 52
36 40 51
34 41 51
35 41 52
36 40 50
33 41 52
31 42 52
34 41 52
34 38 51
34 39 52
