13 38 36
13 39 36
13 39 36
14 39 36
13 39 36
14 40 37
13 39 37
14 41 38
14 40 37
13 41 38
14 39 36
13 40 37
16 39 36
15 41 35
7 43 36
12 41 36
16 42 35
12 39 34
13 40 35
13 39 35
14 40 36
11 40 36
5 37 35
0 41 31
10 34 30
14 31 30
15 32 31
16 33 32
16 32 33
14 33 34
15 35 35
13 36 35
12 37 37
9 36 37
5 39 35
8 36 35
14 35 33
14 35 33
14 36 33
14 36 33
16 37 33
14 36 33
13 36 33
11 37 33
5 37 33
3 39 33
14 33 32
14 31 32
15 34 33
17 36 34
16 34 34
16 36 34
14 35 35
13 38 36
11 36 36
10 38 35
3 37 33
9 36 33
15 37 33
12 36 33
13 37 33
15 37 33
16 36 33
16 37 32
12 36 32
12 39 32
9 38 34
2 39 32
6 38 34
16 31 32
15 33 31
13 34 32
17 33 33
17 33 33
15 33 33
13 36 33
14 35 36
11 36 36
7 35 34
0 36 30
12 36 34
14 34 31
13 36 31
17 36 31
15 35 32
15 36 31
14 36 31
13 37 32
12 38 31
7 38 32
3 36 33
8 35 31
14 32 32
15 35 33
15 37 33
16 37 34
15 37 35
14 37 35
13 38 35
13 35 35
15 37 35
14 38 36
13 38 36
10 38 35
4 40 35
6 38 35
14 36 34
14 36 33
12 37 33
15 38 33
17 37 34
15 37 34
14 37 32
13 38 33
13 39 33
11 39 34
8 38 34
3 40 33
10 34 34
15 34 35
13 34 33
14 34 33
15 34 34
15 34 34
14 34 35
13 37 35
13 35 36
13 35 36
11 36 36
10 37 36
2 36 33
11 38 35
13 33 33
14 37 33
12 37 33
16 37 33
16 37 34
15 40 34
16 39 35
14 40 34
13 42 35
15 39 35
13 39 34
13 40 36
12 40 37
9 40 37
13 40 36
9 36 34
16 36 34
14 33 34
12 34 36
15 36 36
15 37 36
14 40 37
12 38 37
12 38 38
12 36 36
8 36 35
5 36 32
9 35 33
10 36 32
14 36 33
13 36 32
16 36 30
15 37 30
13 36 30
13 36 30
14 36 31
13 36 31
13 38 32
11 38 31
8 39 30
6 37 28
11 33 30
13 34 30
12 32 31
12 34 31
13 34 32
15 33 33
15 33 32
13 35 33
13 36 32
15 38 34
12 37 35
15 38 36
13 38 36
14 39 35
13 39 36
11 41 36
12 38 35
12 38 36
12 39 35
12 39 34
14 38 34
12 39 33
11 40 33
12 40 32
13 39 32
13 38 32
13 40 33
13 40 33
13 40 33
13 40 34
14 41 34
12 41 35
14 41 34
12 42 35
13 40 36
14 39 36
13 39 36
15 40 38
16 39 36
13 40 36
15 40 37
14 39 37
13 37 35
13 37 34
13 37 34
14 37 35
11 37 36
8 40 34
9 38 35
12 39 33
12 38 33
12 37 32
11 37 30
14 37 31
13 36 30
12 37 31
14 36 32
13 37 32
11 41 32
10 39 33
7 40 32
4 38 31
12 32 30
13 31 29
13 30 32
13 31 33
15 31 32
15 33 32
14 35 34
13 35 33
12 35 33
11 36 34
9 35 32
4 35 30
14 33 31
14 33 30
13 36 31
15 34 30
15 35 30
15 37 31
14 36 29
13 36 30
11 36 31
10 39 30
6 37 29
5 38 30
12 31 29
14 35 31
11 31 29
13 33 32
16 32 31
15 31 32
13 34 31
14 36 31
14 36 33
12 36 34
11 36 33
8 36 32
3 36 29
9 36 31
14 34 31
13 36 31
15 36 31
16 36 30
17 35 31
14 38 30
13 38 31
11 38 32
13 37 32
13 38 32
12 39 30
10 38 32
7 38 31
6 37 31
7 35 28
15 33 29
15 32 30
11 33 31
14 34 32
15 33 32
15 36 32
14 38 33
13 37 32
13 35 34
12 35 33
11 36 34
5 36 32
6 38 32
13 35 31
14 36 31
14 37 31
14 36 31
16 36 31
15 36 30
15 37 30
14 38 29
13 38 31
14 39 32
11 38 32
10 38 31
6 40 31
6 39 31
12 33 29
14 32 29
12 33 29
13 34 30
16 34 32
15 33 30
15 35 32
14 36 32
15 36 33
14 38 33
13 38 35
12 38 35
13 38 35
11 39 35
7 39 33
13 39 33
14 38 36
12 39 34
10 38 33
13 40 34
15 39 33
15 39 34
15 40 34
13 41 34
10 39 36
7 41 36
13 41 35
13 34 33
13 34 32
13 36 34
13 33 35
13 37 37
13 38 38
11 38 38
14 38 36
16 37 36
12 37 34
12 39 34
14 39 36
14 38 37
13 39 37
14 39 37
14 38 37
15 36 37
11 40 36
11 40 38
14 40 38
13 39 36
14 41 37
15 40 37
13 41 36
13 42 36
12 41 36
12 41 36
13 40 36
13 41 37
14 41 37
13 40 36
14 40 36
13 40 36
14 39 36
14 40 35
13 39 37
13 40 36
14 39 36
13 39 36
13 40 36
14 40 35
13 39 36
14 40 36
12 41 36
13 41 37
14 40 36
13 41 36
15 41 37
14 39 35
13 40 36
13 39 36
14 40 35
13 41 36
13 40 37
13 40 37
13 40 37
13 42 37
12 40 36
15 41 36
13 40 36
12 40 37
