33 42 50
37 33 32
32 41 51
33 46 46
33 49 45
34 44 44
30 44 44
27 46 47
26 45 46
24 46 47
23 43 45
20 40 44
21 36 47
17 35 42
5 36 48
3 33 35
0 30 38
6 35 36
12 33 32
13 35 30
11 38 30
14 36 29
17 34 32
18 37 33
16 37 33
11 37 35
5 36 34
0 37 32
10 33 32
16 35 36
14 34 34
15 34 35
16 36 36
18 37 36
16 35 37
13 37 37
9 36 37
2 36 36
4 40 38
13 35 34
14 35 33
14 36 33
16 38 33
16 38 34
15 37 32
10 36 33
6 36 31
3 35 31
8 33 31
17 33 35
14 34 34
15 34 36
16 37 36
16 41 38
15 33 39
13 37 39
9 39 36
6 40 34
6 39 35
12 39 33
11 37 32
14 35 32
17 37 32
15 36 32
17 37 32
13 37 33
8 36 32
3 37 32
5 35 32
18 35 34
15 36 35
18 37 37
18 37 35
16 39 36
17 37 36
12 39 38
9 38 37
6 37 36
4 40 38
12 37 36
13 36 33
14 34 33
16 38 32
17 37 31
18 36 33
16 37 32
12 38 33
8 36 33
5 36 35
1 38 35
11 35 35
13 34 35
15 35 33
16 36 34
16 37 36
17 37 36
16 37 36
14 34 36
10 37 36
9 35 36
3 38 35
11 38 37
11 38 35
11 33 33
15 34 32
15 36 33
17 35 33
14 37 32
11 36 32
8 36 33
2 38 33
4 36 32
17 35 36
14 30 32
15 30 32
18 35 35
16 37 35
16 36 36
14 35 35
12 35 35
6 35 36
4 37 35
9 38 37
12 34 31
13 34 31
16 36 31
18 38 32
17 38 31
14 36 33
13 38 32
10 37 33
5 35 33
2 34 31
10 34 35
14 35 35
14 34 34
16 35 34
18 35 36
17 36 36
17 34 35
14 36 37
10 36 37
7 35 36
4 37 34
5 36 34
13 35 33
13 34 31
14 34 30
15 35 31
15 35 31
16 37 31
15 38 32
14 37 33
12 36 32
8 38 32
3 36 30
4 35 31
14 34 32
14 30 32
15 29 30
17 31 33
20 31 33
15 33 33
10 33 34
13 33 37
11 29 34
12 32 32
14 33 33
9 34 35
12 31 35
14 28 35
11 37 35
13 34 33
11 35 35
12 35 34
11 37 34
13 36 34
12 37 36
12 36 35
12 36 36
13 36 35
13 36 35
12 35 35
12 35 35
12 36 35
13 35 35
12 36 34
11 37 35
12 36 36
11 36 35
14 36 35
12 37 35
11 38 37
9 36 37
7 42 39
9 44 45
14 44 47
23 41 47
27 40 47
35 35 43
36 42 48
36 39 46
33 43 50
33 39 52
34 40 52
36 38 52
35 39 52
37 39 51
37 39 52
36 40 52
36 39 51
37 39 52
37 40 52
36 40 51
36 39 53
36 39 52
37 39 51
37 40 52
37 40 51
37 39 52
36 40 52
36 39 53
36 40 49
38 39 53
37 39 52
35 37 51
