12 35 35
12 34 36
12 34 35
12 33 34
12 34 35
13 33 36
13 35 35
13 34 36
12 36 36
12 36 36
12 36 34
13 37 34
13 37 35
12 38 35
11 37 35
12 36 35
11 36 34
12 36 34
12 35 35
7 36 34
9 37 35
4 35 36
14 33 35
15 35 35
12 31 34
13 33 35
13 33 35
12 33 35
13 32 36
13 34 36
13 35 35
10 34 34
10 36 34
13 36 32
12 36 32
14 35 33
14 35 34
13 35 34
12 36 33
14 36 33
11 36 33
12 37 33
9 36 35
5 35 34
9 35 35
15 35 34
16 34 34
14 34 34
12 35 34
13 34 35
14 33 35
13 33 35
11 35 35
10 35 34
10 35 35
11 35 35
13 35 34
12 34 32
13 33 31
13 35 32
14 34 33
14 36 33
14 35 33
11 35 34
11 35 32
7 37 34
5 34 35
14 33 35
14 34 35
12 31 34
12 33 34
14 34 34
14 34 35
14 34 35
12 35 36
9 32 36
14 35 36
9 35 33
10 36 33
13 36 33
12 36 32
14 35 32
14 34 32
13 34 34
12 35 32
12 34 33
12 34 33
12 34 32
11 35 33
8 35 33
7 35 33
15 31 33
14 32 34
12 33 33
13 33 34
13 35 35
14 34 35
12 34 37
11 34 35
13 34 35
13 35 36
10 33 36
7 35 35
13 34 34
12 34 33
14 33 32
13 34 33
13 35 33
13 35 33
12 35 33
12 35 34
11 34 35
11 35 34
9 34 35
5 35 35
11 35 34
13 33 34
13 31 34
15 33 35
14 35 35
14 35 34
12 35 35
11 36 37
13 36 37
13 33 37
12 34 34
11 36 33
13 34 33
12 33 33
12 33 32
13 34 34
14 36 34
13 36 33
13 34 34
10 34 33
11 35 33
10 36 34
7 35 34
6 34 34
14 35 35
14 34 33
15 32 34
15 35 34
13 34 35
13 34 34
12 35 35
13 34 36
12 35 36
10 34 35
6 34 36
9 36 34
12 33 33
14 33 32
13 34 32
15 34 33
14 34 32
11 35 33
12 35 33
10 35 34
7 35 33
5 35 34
8 33 34
14 34 34
14 33 34
14 34 34
12 35 34
14 34 34
12 34 35
13 33 35
15 34 36
12 33 36
11 32 35
11 34 35
7 35 36
12 33 33
12 34 34
15 34 33
16 34 33
15 34 33
14 33 32
13 35 32
12 34 34
12 35 35
13 35 35
14 35 35
10 35 36
10 34 36
12 35 37
12 35 37
11 32 36
14 34 36
14 36 36
13 35 37
12 34 37
12 34 37
12 34 37
12 33 36
12 35 35
9 35 35
13 35 34
13 33 34
12 30 32
9 29 30
13 32 31
14 34 32
11 34 32
12 34 31
11 36 33
12 36 34
12 34 35
14 34 36
12 36 37
12 33 36
13 35 36
13 34 37
14 35 37
13 36 38
12 35 38
13 34 37
12 34 37
13 35 36
12 34 35
10 34 35
14 34 35
13 32 33
11 35 34
11 35 34
