36 53 31
35 53 30
35 54 29
34 53 31
34 52 31
34 53 32
35 53 31
32 53 32
33 51 31
31 51 31
27 54 30
26 49 32
23 52 36
19 54 38
19 42 46
19 42 48
22 45 46
24 45 47
27 45 45
26 48 45
23 45 40
9 46 40
5 45 37
6 45 38
11 42 37
11 45 36
18 42 34
18 42 39
16 41 39
10 38 43
15 43 44
10 23 42
10 38 51
20 42 49
23 39 45
26 35 43
30 30 45
28 35 49
31 39 56
39 37 59
40 35 61
38 35 62
39 38 57
38 36 51
39 32 45
41 31 44
39 36 44
42 39 43
50 42 48
50 34 54
49 32 55
49 33 48
46 33 42
47 31 40
44 34 39
43 33 33
40 46 40
49 38 45
48 39 39
48 41 41
52 38 43
49 40 43
48 39 42
49 40 43
51 40 42
50 40 40
48 39 43
49 41 43
49 42 43
48 46 42
46 45 44
45 44 45
42 46 46
40 45 45
36 47 46
38 46 47
36 46 45
38 47 48
36 48 46
35 48 49
33 51 47
33 48 50
31 48 49
27 52 48
30 56 51
36 50 54
42 43 49
42 43 42
41 42 40
38 39 44
38 41 43
41 47 46
46 43 45
43 45 41
41 49 41
38 46 41
34 51 42
32 51 44
36 50 43
33 52 44
32 53 44
33 53 45
30 51 45
27 50 43
24 51 40
18 51 36
28 58 49
37 53 55
40 48 50
44 44 49
45 36 51
47 29 50
40 28 45
32 39 42
18 45 38
23 39 43
23 40 44
42 33 50
31 33 50
35 43 51
34 40 53
36 46 53
34 40 52
32 43 52
29 42 52
27 45 49
27 42 47
26 52 43
33 49 51
34 52 59
32 49 60
36 42 54
38 37 51
35 38 49
28 36 44
23 38 40
16 41 34
23 22 55
41 43 56
35 48 49
37 44 48
36 49 52
33 45 48
33 48 48
31 47 50
27 48 45
27 53 40
34 49 43
38 54 54
42 50 56
41 46 57
41 39 57
41 33 56
40 30 53
37 27 49
34 29 46
30 30 44
29 30 44
29 26 44
34 26 50
27 29 46
28 29 41
41 25 62
37 31 46
39 26 54
39 32 50
37 29 49
37 30 51
39 30 52
40 29 53
41 27 57
40 29 52
37 30 53
34 29 53
34 30 50
33 32 53
33 34 51
35 35 50
38 37 55
41 34 55
41 38 53
37 41 51
24 47 46
24 56 44
27 52 42
26 50 37
28 51 36
31 50 33
31 52 33
32 54 31
30 58 30
30 59 32
30 60 28
27 58 28
29 53 29
29 52 30
30 49 31
30 47 32
31 48 32
31 50 32
32 53 33
31 53 36
33 52 35
34 53 34
33 53 34
33 54 34
33 53 32
32 53 31
33 54 32
33 53 31
30 54 29
32 55 29
33 52 31
34 52 32
32 53 31
34 53 31
33 54 32
34 54 32
33 54 32
33 53 32
34 54 33
31 54 32
31 54 33
33 53 33
34 52 33
33 54 32
32 54 32
32 54 32
32 53 32
