32 27 53
33 27 52
32 28 52
31 25 52
30 25 53
32 27 52
30 30 53
31 29 51
30 30 53
29 32 52
30 34 54
32 28 51
31 33 53
32 33 52
30 32 54
29 29 53
27 28 53
29 30 52
28 28 52
23 28 53
24 27 52
22 31 52
18 33 48
21 30 48
20 32 46
19 31 47
21 32 46
21 33 48
21 34 48
19 33 48
20 32 49
20 33 48
21 34 49
20 33 49
20 31 51
20 32 50
20 34 49
19 32 48
20 32 49
20 31 50
21 31 48
19 31 49
20 30 47
18 31 47
19 28 48
18 30 48
18 30 48
19 30 48
20 29 49
19 29 48
19 27 48
19 30 47
20 29 48
20 31 48
19 29 49
19 30 47
19 30 49
19 31 47
18 31 48
19 32 49
20 29 48
20 32 49
21 31 48
20 32 50
21 33 48
20 33 49
22 33 49
22 33 49
22 32 49
21 33 48
21 32 49
19 34 49
20 32 49
21 33 48
20 33 48
20 33 49
20 34 49
21 33 49
20 32 49
21 33 49
20 33 49
21 32 48
20 33 47
18 33 46
