34 40 51
33 39 51
33 39 51
34 40 51
34 40 51
34 40 51
34 37 51
34 39 52
34 39 51
34 40 51
35 39 51
33 40 52
33 40 52
33 40 51
34 40 51
34 40 51
34 40 51
33 39 51
34 40 51
34 39 52
33 41 51
35 39 51
35 39 52
34 39 52
35 40 52
34 39 51
34 39 51
34 39 52
35 40 52
34 40 51
34 39 52
34 39 54
32 34 52
29 37 49
31 37 53
34 37 51
35 36 51
33 37 52
33 38 53
30 39 53
31 38 52
32 39 52
30 39 52
31 39 52
32 39 51
31 36 52
29 39 54
29 38 53
28 40 52
26 37 50
24 37 49
22 36 47
19 38 49
20 38 46
20 37 47
17 37 47
16 38 45
15 40 44
13 37 44
14 37 41
16 34 39
14 34 38
12 35 38
12 34 39
15 33 37
13 33 40
10 34 41
10 34 40
14 34 38
15 34 40
12 35 41
12 33 38
11 33 37
12 32 37
12 33 38
14 32 38
12 33 39
14 33 38
11 32 39
12 33 38
12 32 36
12 32 37
12 32 38
12 33 37
12 31 38
11 31 37
10 30 36
12 30 36
12 33 37
12 31 37
13 31 38
12 31 37
12 32 37
11 31 36
11 30 37
12 32 36
12 32 36
11 32 36
12 31 37
12 32 36
12 31 36
12 32 38
11 31 36
11 32 37
12 31 36
11 31 36
11 32 36
12 31 36
11 33 37
12 32 37
12 31 38
12 31 36
12 32 36
12 32 37
12 32 37
11 31 37
12 31 36
11 31 36
11 32 36
12 31 36
13 32 37
11 31 36
11 32 36
12 31 36
11 31 36
10 32 36
11 32 37
11 32 36
12 32 36
12 32 38
12 31 37
13 33 37
12 33 37
12 33 38
12 32 37
12 33 37
12 33 37
11 33 37
12 33 36
13 31 37
12 33 36
12 32 37
12 34 37
12 33 37
13 34 37
12 33 37
12 34 37
11 32 37
12 32 36
13 34 37
12 33 36
