29 35 51
28 36 52
28 35 52
29 35 53
28 35 52
28 36 53
29 34 53
28 34 52
28 35 52
28 35 52
28 35 53
28 34 52
28 35 52
28 36 52
28 34 53
28 35 52
28 34 52
28 34 53
28 36 52
28 35 52
27 35 52
28 34 52
29 35 52
28 34 53
28 35 53
28 35 53
27 35 53
27 35 53
27 32 53
27 30 54
27 28 55
29 32 54
28 30 52
30 33 52
29 34 50
30 40 50
29 40 49
29 38 50
26 37 50
22 35 50
18 28 53
19 35 49
15 33 45
14 28 45
16 32 42
16 32 36
9 32 35
12 37 33
12 35 35
12 38 35
13 37 31
10 37 29
12 37 31
19 35 27
8 40 26
11 31 26
11 35 25
6 29 24
12 24 19
12 27 24
12 27 24
12 30 20
12 29 20
13 25 23
13 26 25
14 28 28
14 29 28
13 31 30
14 33 32
15 35 34
15 36 33
15 37 35
13 35 36
13 36 38
11 36 35
11 34 36
12 35 36
13 36 35
12 38 35
13 38 36
13 37 36
12 37 37
12 36 38
11 35 38
12 32 38
13 34 37
12 35 36
12 34 37
12 36 36
13 35 36
13 36 36
14 37 36
13 37 36
11 37 37
12 36 37
12 36 38
12 36 39
11 35 37
13 35 36
13 35 37
12 35 36
11 36 36
12 35 35
12 35 35
14 35 36
12 35 35
13 34 37
12 35 37
11 36 36
10 35 38
13 35 37
12 35 36
12 36 33
13 39 35
14 35 37
11 37 37
11 36 36
12 36 36
13 36 36
12 36 36
12 38 35
12 38 36
12 36 36
12 36 36
12 37 37
12 36 36
13 35 37
12 35 36
12 36 36
12 36 36
14 35 35
12 36 37
14 36 37
13 35 37
13 35 36
12 35 36
12 36 35
13 34 36
13 34 36
12 36 37
13 35 36
13 36 37
12 36 36
12 35 36
12 35 35
12 36 37
12 35 36
14 36 36
12 35 37
12 37 35
13 35 36
13 35 36
12 36 36
12 35 37
12 35 36
13 36 36
12 35 36
13 36 36
12 35 37
13 36 35
13 35 36
13 36 36
13 34 36
13 35 37
13 35 37
13 35 37
13 36 37
12 36 36
13 36 37
12 35 36
12 36 37
13 36 36
12 37 36
13 35 37
12 34 36
14 35 36
13 35 35
13 35 36
13 35 36
12 36 35
11 35 37
12 35 37
12 35 37
12 36 37
12 37 36
13 36 35
11 36 35
12 37 37
13 35 37
12 35 36
13 35 36
13 36 35
12 37 37
13 35 36
13 36 37
