36 42 51
36 42 51
35 42 50
37 42 50
35 41 51
35 41 49
35 43 50
35 42 50
35 42 51
35 43 50
33 43 50
36 42 52
35 42 51
35 41 50
35 41 49
35 42 50
36 43 50
35 42 51
34 41 51
36 39 52
33 38 53
35 41 52
34 36 50
35 42 52
34 41 52
34 39 52
33 40 52
35 39 52
34 40 52
34 40 51
34 39 52
34 39 52
32 38 53
34 40 52
33 40 52
28 41 52
28 43 54
24 41 50
24 43 47
23 43 48
24 44 45
21 45 47
19 45 43
21 42 44
21 42 45
24 46 46
21 44 47
19 44 41
21 44 42
19 43 44
21 45 44
20 44 44
19 44 44
20 44 43
18 43 44
18 44 43
19 42 43
18 44 44
20 42 45
19 44 44
19 43 44
20 42 44
19 43 44
19 43 44
19 43 45
19 43 44
19 44 43
19 42 44
20 42 44
19 42 44
19 43 44
18 43 43
19 43 45
18 43 44
19 42 44
19 42 43
18 43 44
18 42 44
19 43 44
19 42 44
19 42 44
20 43 45
18 42 44
19 43 43
18 44 45
19 44 43
20 43 44
19 42 44
19 42 45
18 43 44
18 43 44
20 43 44
19 42 44
19 44 44
18 42 44
19 43 45
18 43 44
20 43 44
19 42 44
18 42 44
19 42 44
