28 41 50
27 41 50
27 40 51
28 42 51
26 40 51
27 41 50
27 40 51
28 40 51
28 42 50
26 41 51
26 42 50
27 41 50
28 42 50
27 42 50
27 39 50
28 43 51
27 41 53
24 38 50
22 36 48
26 36 50
25 37 47
29 41 48
23 44 44
21 39 51
17 45 47
23 34 49
20 34 45
17 38 42
16 43 46
16 38 43
16 38 41
14 42 37
11 38 29
15 43 33
16 41 32
12 39 30
11 42 34
12 37 29
1 34 30
4 30 25
11 35 22
14 36 30
13 36 30
12 39 31
15 37 31
16 37 32
18 34 33
14 37 33
12 38 34
14 37 34
13 35 37
13 39 35
13 37 34
11 37 36
12 35 35
13 35 35
12 37 36
12 37 36
12 38 34
13 39 35
12 38 36
12 37 34
12 36 34
13 34 34
11 36 34
14 36 35
13 38 35
13 39 36
13 36 37
11 36 35
12 35 34
12 35 33
11 35 34
12 38 35
12 36 35
11 36 35
13 36 34
12 35 35
12 37 35
12 38 35
13 38 35
11 37 34
13 37 35
11 35 36
13 36 35
12 37 34
13 36 35
11 37 35
12 37 35
11 37 35
12 35 35
11 37 35
13 36 35
12 38 36
12 37 35
12 36 35
12 36 35
12 35 35
11 36 35
11 35 35
13 37 35
