38 45 49
40 44 48
38 44 48
40 45 47
39 44 49
37 43 48
38 44 48
39 45 48
39 45 48
39 44 48
39 46 49
39 45 49
38 44 49
38 45 48
38 45 49
38 45 47
39 44 48
38 46 48
38 44 47
38 43 48
39 44 49
38 44 48
38 44 48
39 45 47
38 44 48
38 44 48
38 44 48
40 45 48
39 44 49
39 45 49
39 44 48
38 45 48
39 46 48
39 45 48
39 45 48
39 45 48
40 45 47
40 45 47
39 45 48
39 45 48
38 45 47
40 45 48
39 46 48
39 45 48
39 44 47
39 44 47
40 46 47
38 44 49
40 44 48
39 46 48
39 45 48
40 45 49
38 44 48
39 44 47
38 44 48
39 44 48
39 44 49
38 45 48
39 44 47
39 44 48
40 45 48
39 44 49
39 43 49
39 44 48
39 45 47
39 44 48
39 46 47
39 44 48
38 44 48
39 45 48
39 45 48
39 45 48
38 46 48
40 45 49
40 45 48
39 45 48
38 44 48
39 44 48
39 46 48
39 45 47
39 45 47
40 45 48
39 44 49
38 45 48
38 45 49
38 45 49
38 45 48
39 45 48
38 44 48
38 42 50
37 45 48
34 45 47
35 47 46
35 47 45
34 48 46
33 47 46
31 49 46
30 51 45
28 47 44
26 52 43
27 38 57
29 41 45
23 38 50
19 40 50
21 41 45
18 39 43
17 42 44
18 40 44
17 41 42
18 42 42
16 43 41
15 42 37
16 42 35
14 42 35
10 42 32
10 42 31
15 42 30
12 41 24
13 40 26
13 38 26
12 38 26
12 36 21
11 35 23
12 33 25
12 28 19
10 33 25
8 33 25
13 31 25
14 36 27
15 35 29
15 36 31
15 36 31
15 38 31
16 39 33
15 39 32
14 39 32
14 38 30
14 40 33
15 41 33
16 42 35
15 40 34
11 38 33
14 37 35
14 39 35
9 40 35
10 34 38
14 34 37
14 39 36
13 41 35
14 38 34
12 37 33
12 38 35
10 37 36
11 37 37
13 37 37
14 39 35
13 39 33
12 38 33
11 39 34
12 39 34
12 39 34
13 40 34
15 39 35
12 39 39
13 41 38
14 42 34
13 39 35
13 42 34
13 41 34
14 40 34
13 41 34
13 40 36
14 42 36
13 40 35
14 40 37
14 37 35
13 40 36
14 39 34
13 40 35
12 38 36
12 39 36
13 40 35
12 41 35
13 41 36
14 40 36
12 41 35
13 41 35
13 41 35
13 41 34
13 40 35
13 39 35
14 40 35
15 40 36
13 41 35
14 40 35
14 40 35
12 41 35
12 40 35
13 40 35
14 40 35
14 40 36
13 40 36
13 41 35
13 40 35
14 39 35
14 41 34
13 40 35
13 40 35
12 39 35
13 40 35
13 40 35
14 40 36
13 40 35
13 39 35
14 39 34
13 41 34
14 40 35
12 39 34
14 39 35
12 40 34
13 40 34
13 39 35
12 40 35
12 40 35
13 40 36
12 38 35
13 40 35
12 39 35
12 40 35
13 39 34
14 37 35
12 37 33
13 37 34
12 38 34
12 37 33
12 36 35
13 36 33
12 36 34
12 37 34
11 36 34
11 37 34
13 37 34
13 37 35
13 37 35
12 38 34
12 37 35
12 36 34
12 38 35
12 37 35
13 37 35
13 36 34
13 36 34
13 37 34
12 37 34
12 37 34
12 37 34
12 36 35
13 37 34
12 38 34
13 38 33
12 40 34
13 37 33
12 37 33
13 38 34
11 37 34
14 39 35
13 39 34
