27 48 47
28 47 46
26 48 46
28 49 46
29 47 46
29 49 45
28 48 46
29 48 46
28 47 45
28 48 45
28 48 46
29 49 45
27 49 47
28 48 45
28 48 44
28 48 46
30 46 46
28 47 46
28 47 46
29 47 47
30 47 46
31 48 46
30 47 47
28 46 46
27 46 47
28 47 47
29 46 47
31 47 48
30 46 49
30 45 48
29 44 48
30 44 49
30 45 49
30 45 48
28 46 48
28 49 48
25 45 50
28 42 45
33 44 46
32 44 46
34 49 50
29 44 48
28 47 46
29 52 45
27 46 43
27 47 44
26 52 41
24 54 40
25 49 40
24 49 34
18 50 30
23 49 32
21 48 32
18 47 30
19 47 30
16 45 31
13 40 28
10 39 29
11 41 28
9 37 28
15 37 33
13 38 28
15 38 29
15 41 31
16 39 31
16 42 33
14 42 33
13 40 33
13 43 32
13 42 34
12 40 34
12 39 39
13 41 35
13 39 33
13 41 34
14 40 33
13 41 34
14 40 34
14 41 34
13 42 33
13 41 34
13 41 33
13 41 36
13 40 35
13 41 34
13 41 34
14 40 34
12 41 33
12 39 34
13 40 34
13 40 32
13 40 36
14 41 35
13 39 34
12 38 34
14 41 36
13 40 35
13 40 35
14 40 36
14 41 33
13 40 34
13 40 35
13 39 35
14 39 34
13 40 34
14 40 35
13 41 36
13 43 36
13 47 37
