34 36 50
27 35 48
22 36 48
22 37 46
23 35 49
24 38 51
27 41 57
27 37 52
26 33 48
31 34 45
36 43 52
37 46 62
31 33 53
27 36 54
29 40 50
29 37 52
29 39 52
26 39 53
25 42 53
26 48 50
31 45 41
25 46 38
16 46 48
21 46 45
20 43 38
18 40 36
12 34 42
10 38 29
9 37 26
10 34 34
14 40 24
6 33 27
10 35 31
9 35 28
12 28 25
12 25 21
12 23 27
13 20 31
13 29 30
15 27 29
13 30 31
13 33 33
13 37 34
14 32 34
14 39 35
14 36 33
15 37 33
15 39 34
13 40 34
13 40 35
13 40 34
11 38 39
13 44 36
13 41 35
13 40 33
14 39 34
12 41 34
13 40 35
13 41 35
14 40 35
12 41 34
12 40 35
13 41 35
13 40 33
13 40 34
12 40 34
12 40 35
11 40 34
13 39 34
11 39 34
13 38 35
12 39 34
13 40 33
12 38 34
12 39 34
11 37 34
11 37 34
11 38 33
12 39 34
13 38 32
13 39 33
13 38 34
12 38 34
13 38 32
