39 45 48
38 46 49
37 44 47
38 44 49
37 43 49
36 44 49
37 45 48
38 42 51
38 40 49
39 42 50
38 44 49
34 44 48
38 45 48
39 44 49
39 45 49
38 43 49
38 43 49
38 42 49
38 44 49
37 43 48
37 44 48
37 44 49
38 44 49
38 43 49
38 43 50
37 43 48
38 44 49
39 43 48
38 45 47
39 45 48
37 44 49
38 43 49
38 44 49
38 44 49
38 44 49
38 44 49
37 45 49
38 43 49
38 43 48
39 44 48
37 44 48
39 44 48
37 43 49
39 45 49
38 45 49
37 45 49
37 45 49
34 44 54
32 42 49
34 44 46
37 42 51
42 42 50
40 41 52
33 43 50
31 46 49
30 47 49
26 48 46
26 46 42
25 48 41
21 50 42
23 52 40
26 47 41
30 48 40
15 47 37
0 56 30
4 45 32
10 39 34
19 40 33
22 37 32
21 38 33
21 37 34
20 38 33
12 43 35
11 55 38
8 26 34
16 40 37
15 38 33
12 41 33
12 42 32
15 39 35
13 41 33
12 39 32
15 39 34
15 40 34
11 41 34
13 39 34
15 40 34
14 37 37
10 33 41
10 40 38
13 37 34
13 36 35
13 40 34
11 40 35
14 41 39
15 37 36
13 36 35
14 41 36
11 41 34
12 40 34
13 39 35
12 38 36
11 39 31
12 38 32
13 34 35
13 38 37
13 43 35
13 43 35
13 42 34
12 40 33
13 39 34
13 38 34
13 37 33
13 40 34
13 39 34
13 39 35
12 39 36
14 39 34
12 40 33
14 40 34
12 38 35
13 38 37
12 38 35
14 41 34
14 40 35
13 39 34
13 38 34
13 40 35
14 38 36
14 39 35
12 39 34
14 40 36
14 40 35
14 39 35
13 40 34
13 39 35
12 39 35
13 39 35
13 38 35
13 40 35
14 39 35
13 39 35
12 40 35
14 39 34
13 40 35
13 39 35
13 39 36
11 40 35
12 39 34
12 40 34
13 39 35
14 39 34
14 40 34
13 38 35
11 39 35
12 39 35
12 40 34
13 39 35
13 40 35
12 39 35
13 40 34
13 38 34
13 40 34
12 41 36
11 39 35
13 40 35
13 38 34
13 39 36
13 39 36
13 39 35
11 40 36
12 39 35
11 39 35
13 40 35
12 40 35
13 39 35
13 40 35
13 39 35
13 39 34
13 39 35
12 40 35
13 40 35
13 40 34
13 39 35
14 39 35
12 40 35
12 40 35
12 39 36
12 40 34
12 39 34
13 40 35
13 39 35
12 38 35
12 38 34
13 37 34
13 38 35
13 39 34
13 37 34
12 38 34
14 37 33
12 38 35
11 38 34
12 37 34
12 37 34
12 36 33
12 36 34
12 36 34
13 35 33
13 37 33
12 36 33
11 36 33
12 36 33
12 36 34
12 36 33
13 36 33
12 37 34
13 36 34
12 37 33
12 37 34
11 36 33
13 36 33
13 38 33
12 37 34
11 35 33
