34 38 52
33 37 51
32 37 53
34 36 53
34 37 52
33 37 53
34 36 53
32 37 52
33 37 53
33 38 52
33 37 53
32 37 52
34 37 53
33 37 53
34 38 52
32 37 52
33 38 53
34 37 52
32 38 52
32 38 52
33 36 53
33 37 52
33 36 53
32 36 53
32 38 53
34 37 54
37 37 52
35 38 52
34 39 53
33 38 53
34 39 52
36 38 51
34 37 52
33 37 50
32 39 50
31 38 51
31 37 55
31 35 54
29 38 51
27 40 50
24 39 50
23 40 52
22 42 43
25 55 44
26 44 50
21 45 45
20 53 41
19 45 42
17 46 37
15 45 35
15 45 42
5 46 35
0 37 30
8 36 34
11 40 37
15 39 32
19 36 31
22 36 31
21 39 34
15 40 36
12 39 37
10 37 35
12 38 36
14 39 35
15 38 35
14 39 34
13 38 35
12 37 37
13 39 38
13 37 38
12 36 39
11 37 39
11 37 37
13 37 36
11 38 34
13 38 35
12 38 36
11 37 37
12 37 37
13 39 37
13 38 37
12 38 36
13 37 37
12 38 37
13 38 37
12 38 37
13 37 36
12 37 36
12 38 36
13 38 37
14 37 37
12 38 37
13 38 37
12 39 36
13 38 35
13 37 36
12 37 37
12 37 36
12 38 36
12 37 36
13 37 36
