32 28 54
32 29 52
30 30 54
33 30 53
32 30 52
32 28 53
32 30 53
32 29 53
31 29 54
32 30 53
32 29 52
32 29 53
30 30 52
32 30 52
31 30 53
31 28 53
31 29 53
30 30 53
31 29 53
32 28 53
31 30 53
31 30 53
31 29 52
32 29 52
32 29 53
31 30 52
32 30 53
32 29 52
33 30 53
30 30 53
32 30 54
31 24 53
31 26 53
30 28 52
31 29 52
31 31 52
30 30 52
29 31 54
31 32 53
29 33 55
31 31 53
30 30 52
31 27 52
28 26 54
30 28 54
27 32 57
28 29 52
29 31 52
28 32 48
25 33 49
25 32 46
23 32 51
21 33 49
20 35 51
18 31 53
22 33 47
20 33 52
23 35 53
22 36 50
21 38 46
22 36 54
23 37 48
24 36 51
23 39 51
21 37 50
22 36 48
24 36 50
23 35 49
23 37 50
24 36 49
24 37 46
22 35 51
19 35 50
20 35 49
21 34 51
21 34 50
21 34 50
20 34 48
22 36 49
19 38 48
21 38 49
20 37 49
21 36 49
22 36 50
22 38 48
21 38 49
23 38 49
22 38 50
22 39 49
22 38 50
21 37 50
20 37 48
21 35 50
21 37 48
21 36 49
23 34 48
22 35 50
22 37 49
20 35 50
19 36 47
19 36 49
20 35 49
21 37 49
21 38 50
22 37 49
21 37 49
21 38 49
21 37 49
21 37 48
19 38 48
20 37 50
20 37 49
21 36 48
21 38 50
20 38 48
21 36 50
21 36 49
22 36 49
21 35 49
22 36 49
21 38 51
23 37 49
22 37 49
21 38 49
20 36 48
20 35 48
21 37 50
20 36 49
20 36 48
21 35 49
21 37 49
20 34 48
20 35 49
20 37 49
21 37 48
20 36 49
21 35 48
20 37 49
21 37 48
20 36 48
19 34 51
19 35 51
20 33 53
20 33 51
22 32 52
22 34 51
24 35 49
23 40 48
25 36 49
24 38 48
25 36 50
24 40 49
25 36 47
23 41 47
21 36 47
21 40 46
21 37 48
22 36 49
21 34 45
20 33 48
17 35 49
16 31 50
16 36 49
19 32 48
17 33 47
16 35 46
15 34 46
15 33 44
14 35 42
14 38 43
14 36 42
15 39 42
16 33 45
18 41 41
17 40 43
16 38 44
17 39 43
15 40 42
15 39 41
13 38 43
13 38 41
17 36 45
15 35 43
16 35 42
15 36 41
16 33 43
15 36 44
16 36 43
16 34 43
17 36 42
13 35 42
13 37 41
13 36 41
13 37 42
14 37 41
16 38 41
16 38 41
15 38 40
15 38 41
14 37 42
15 38 42
15 38 42
15 39 41
15 39 42
15 38 41
