28 45 48
29 46 48
29 46 48
29 46 48
28 46 47
28 46 48
29 47 48
28 46 46
28 46 48
28 47 48
29 45 49
30 47 48
30 47 47
29 46 47
30 46 48
29 46 48
28 46 48
29 46 47
29 46 47
29 45 48
30 46 48
30 46 49
28 45 48
30 47 47
29 46 48
28 45 48
29 46 48
30 46 47
29 46 47
29 44 48
29 47 48
29 46 49
28 46 48
28 46 49
29 46 47
29 45 47
29 46 47
29 47 48
28 46 48
30 46 48
28 47 47
28 46 48
25 45 47
29 45 49
29 45 49
31 45 50
32 46 49
29 44 48
28 44 48
27 46 49
24 45 47
26 45 48
27 49 47
20 49 45
20 45 45
18 46 40
14 44 38
15 44 37
13 41 39
1 43 33
7 36 26
15 31 30
15 33 33
20 39 31
20 39 31
19 37 31
16 39 32
15 42 33
14 41 31
13 40 33
10 38 35
11 39 38
12 37 38
11 37 36
11 38 35
13 39 35
13 37 35
11 37 35
13 37 35
12 38 34
12 37 35
13 37 34
13 36 35
14 38 34
12 36 35
13 37 35
11 36 35
12 37 34
13 38 35
12 35 35
12 38 35
12 37 35
12 36 35
12 36 35
12 36 34
12 37 34
11 36 35
12 35 35
14 36 35
12 37 35
13 36 34
11 37 34
13 36 35
13 35 34
12 36 35
12 37 34
13 37 35
13 35 34
12 35 36
13 36 35
12 36 35
13 37 34
12 36 35
12 35 35
14 35 35
12 36 35
12 37 35
12 36 35
11 36 36
13 36 36
12 37 35
12 35 36
13 37 35
11 36 35
12 36 35
12 36 35
12 36 35
12 37 35
12 36 35
12 37 35
13 38 36
12 37 35
11 37 35
13 37 35
12 37 36
12 36 35
13 37 35
12 38 35
12 36 36
