32 35 53
33 35 53
31 36 53
32 35 52
32 36 52
32 36 52
31 36 52
32 35 52
30 36 53
32 35 53
34 36 53
34 35 52
34 34 55
32 41 53
34 43 53
33 38 53
29 40 50
24 41 50
23 39 50
25 32 51
29 42 51
30 36 53
29 39 51
26 37 51
24 38 52
23 38 50
19 38 46
19 39 47
18 40 44
17 44 40
17 46 37
14 40 34
14 42 34
12 39 35
16 46 28
12 40 34
13 40 33
11 40 34
11 32 32
12 39 26
12 35 28
11 36 30
10 31 26
10 28 26
11 27 29
10 32 28
9 32 28
11 29 26
12 29 25
11 34 31
13 39 32
15 39 32
13 37 33
12 37 33
16 36 32
14 35 35
7 27 46
14 35 42
13 40 33
13 34 31
11 35 33
13 35 34
11 32 35
11 36 34
12 32 33
11 34 31
13 32 32
13 35 32
11 33 33
10 35 31
12 32 32
13 32 33
11 32 30
12 31 30
10 31 31
13 30 31
11 30 31
12 33 30
11 33 32
12 32 30
12 31 30
12 31 30
12 32 31
12 32 31
11 32 31
12 31 30
11 32 30
