28 42 51
30 42 50
30 40 51
29 42 51
29 41 50
29 43 50
28 41 51
29 41 52
28 43 50
30 41 51
28 40 51
28 43 50
29 41 49
29 41 52
28 41 50
27 42 49
29 42 48
22 42 44
21 41 41
25 44 42
19 40 44
17 8 61
20 36 41
16 36 42
15 36 40
10 40 35
5 40 30
11 41 33
5 42 32
7 36 35
3 26 23
2 31 26
7 30 27
13 29 29
16 31 27
15 35 30
16 35 30
16 36 30
16 38 31
16 38 31
12 40 32
14 39 32
11 39 31
10 38 32
14 35 32
16 36 34
11 37 33
13 36 35
11 37 36
10 35 38
13 35 37
12 36 35
14 36 33
10 36 32
11 37 34
12 37 34
11 36 35
12 37 34
12 36 33
12 36 32
12 38 33
12 37 33
11 36 33
12 35 34
12 35 33
11 37 34
12 36 34
11 36 33
13 35 32
10 36 33
11 37 32
12 38 31
13 38 32
13 36 32
11 35 34
13 37 32
12 35 32
11 37 33
14 37 32
12 37 31
11 33 31
11 35 32
12 36 33
12 34 31
