30 40 51
31 42 52
30 41 50
32 39 50
33 39 52
33 40 52
33 40 52
34 42 51
32 42 50
32 42 53
32 40 51
31 39 51
31 41 51
32 43 51
31 42 50
30 41 51
32 42 51
31 42 51
31 42 50
31 42 51
33 42 51
31 41 50
31 42 51
32 41 52
31 41 51
32 42 51
31 41 52
31 41 50
31 40 51
31 43 51
33 41 51
31 42 51
31 41 50
32 43 51
31 42 51
31 42 50
32 40 50
32 42 50
31 41 51
31 43 51
30 43 51
31 41 51
31 41 51
31 42 51
32 43 52
32 42 51
31 42 52
30 40 50
32 41 52
30 42 51
31 41 51
32 42 51
32 42 50
31 41 52
32 41 51
31 42 51
32 41 51
32 42 50
32 41 51
32 41 51
31 41 51
32 42 51
33 41 52
31 42 51
32 42 51
33 40 52
32 42 51
33 40 52
32 41 51
31 41 52
31 41 51
30 40 52
32 41 51
32 42 51
34 41 51
31 41 52
32 40 52
32 41 51
32 41 51
30 41 51
31 40 52
32 41 51
31 41 51
31 42 51
33 41 51
32 41 51
31 42 51
32 43 52
32 40 51
32 42 51
32 42 52
33 42 51
32 42 52
31 42 51
33 40 51
31 41 52
30 42 51
29 42 52
30 42 51
30 42 51
30 40 51
35 42 51
33 40 51
34 43 51
34 43 50
35 42 51
36 44 51
36 40 49
36 40 49
37 42 51
35 41 51
36 41 51
34 42 51
35 42 50
36 45 49
35 46 48
34 45 50
33 44 49
33 45 48
32 46 49
31 48 49
32 47 50
33 45 50
35 46 50
31 46 50
26 46 47
24 47 47
25 47 44
21 47 42
19 48 42
18 46 35
18 51 33
21 52 32
19 50 30
19 47 31
20 47 28
20 49 26
18 49 25
16 42 28
8 45 31
10 41 29
14 38 39
15 36 35
17 37 33
17 38 33
18 39 35
17 40 38
12 41 37
13 38 35
12 36 34
13 40 33
13 41 33
12 42 34
13 42 33
11 40 34
12 41 33
13 41 33
13 41 32
12 41 32
14 41 32
16 41 33
12 47 35
1 11 43
15 31 39
16 39 36
15 42 28
16 41 34
13 40 34
10 32 35
11 36 34
10 32 35
11 37 36
12 37 35
13 37 34
13 38 35
12 39 35
11 38 36
11 35 37
13 38 36
12 37 36
13 36 35
14 38 36
15 41 35
13 41 35
10 40 36
12 39 35
12 37 35
13 37 34
11 39 33
13 39 34
14 37 35
13 38 36
13 39 36
13 38 35
12 39 34
11 39 34
13 39 35
13 38 35
13 38 35
12 38 35
14 37 34
12 38 34
13 39 34
12 38 34
13 38 35
12 38 35
12 38 34
12 39 34
12 39 34
13 38 35
12 40 35
13 39 34
13 39 35
12 38 35
14 39 34
12 38 34
12 38 33
13 39 33
12 38 33
12 39 34
13 39 35
13 39 34
12 39 35
13 38 35
13 39 34
12 38 34
12 39 34
12 38 34
12 38 35
11 38 34
12 36 34
13 38 35
12 38 34
13 38 35
12 38 34
11 36 34
11 37 35
11 38 35
13 37 35
13 35 35
12 35 33
12 35 34
11 36 33
12 34 34
12 34 35
12 35 34
11 35 35
11 34 35
12 36 34
11 36 35
12 35 34
12 35 35
12 33 35
11 34 35
12 35 34
12 35 34
12 36 35
11 35 34
12 34 34
12 35 34
12 34 34
12 35 34
12 36 35
12 35 33
11 35 34
11 35 34
12 34 34
12 34 35
12 34 34
12 35 34
12 35 35
12 36 34
12 35 34
