33 44 50
33 44 50
31 45 49
33 45 50
33 44 50
32 44 49
34 43 49
33 44 49
32 45 49
32 45 49
32 45 50
33 44 50
33 44 49
33 44 49
32 45 50
34 44 50
32 45 49
32 45 49
32 44 50
33 44 50
33 43 50
32 43 49
34 44 49
33 45 49
32 44 50
32 45 51
31 42 52
32 41 52
29 40 52
26 40 51
24 38 51
24 39 50
24 36 51
24 35 51
26 34 50
27 34 53
29 36 52
32 36 53
32 38 54
30 35 55
30 35 53
25 32 51
25 34 51
23 34 50
22 38 49
22 35 50
19 36 48
19 45 47
18 40 44
17 41 43
18 43 43
16 42 43
16 42 43
15 41 41
14 41 41
9 43 40
13 39 39
16 37 36
18 37 35
16 36 37
12 39 39
13 39 41
14 36 41
14 40 37
15 42 36
14 43 38
15 43 38
16 43 39
15 43 39
14 41 39
14 41 38
14 42 37
14 41 36
12 42 35
14 39 33
15 40 35
14 43 38
15 39 40
12 39 35
13 38 38
14 37 37
12 39 36
12 39 36
13 38 36
12 37 34
13 38 34
11 40 34
12 39 35
12 38 34
12 37 34
11 39 33
12 38 34
11 39 34
12 39 33
13 39 33
13 38 34
12 38 33
11 38 35
11 39 33
11 38 34
12 38 33
13 37 32
13 38 32
13 38 32
