27 35 52
26 35 52
28 35 52
27 35 51
27 34 52
27 34 53
28 35 53
28 37 52
28 35 53
27 35 52
26 34 52
27 35 52
27 36 52
29 35 52
27 35 52
28 33 53
26 33 52
25 33 51
25 32 51
26 31 50
28 32 53
28 34 53
26 33 52
26 31 53
30 30 55
29 32 53
28 29 52
28 30 51
26 29 51
27 30 48
26 30 46
22 33 50
20 33 49
21 33 52
22 31 51
19 31 54
21 35 48
20 33 50
19 34 48
16 35 45
17 35 44
17 39 39
11 34 37
14 40 41
14 40 35
9 39 32
12 39 36
10 36 30
11 33 31
14 38 35
9 37 34
9 36 35
8 38 32
6 35 30
6 32 31
11 39 32
13 35 33
14 35 35
14 35 35
16 38 34
17 41 34
16 38 33
16 39 34
14 41 35
12 39 36
12 40 38
11 39 35
13 38 36
14 40 36
14 40 36
14 39 36
13 39 38
12 40 37
11 39 37
13 40 37
12 39 38
13 38 36
13 39 36
13 38 36
13 40 36
14 39 36
13 39 36
14 40 36
13 40 37
13 39 37
13 39 35
12 41 36
14 44 37
15 42 35
14 42 36
14 40 35
