24 41 49
24 41 48
22 40 48
23 41 48
23 43 49
24 41 48
23 40 49
24 41 48
24 41 48
24 41 48
24 42 49
23 40 49
24 40 50
24 40 51
26 42 50
25 40 49
24 39 50
16 46 53
12 41 54
18 33 52
17 36 48
26 33 48
30 41 51
34 38 49
34 40 48
29 40 52
26 30 50
18 32 48
11 37 54
16 41 38
13 35 45
17 38 40
12 36 32
14 41 32
12 41 27
13 44 29
13 49 28
12 47 25
3 50 32
4 44 27
7 33 44
8 26 29
15 32 29
13 32 33
12 37 33
15 36 33
19 36 33
20 35 35
21 39 34
19 37 37
16 36 37
15 36 35
18 39 34
9 40 35
0 43 34
5 37 34
12 35 33
12 36 33
13 37 35
12 37 32
11 38 34
11 37 33
12 37 34
14 37 32
14 36 34
11 38 34
12 37 36
12 39 35
12 37 33
12 38 34
12 38 34
12 39 33
12 39 35
11 36 34
13 35 34
13 36 33
13 37 33
12 36 33
12 36 34
12 36 33
12 37 34
12 37 33
12 38 33
12 37 34
