37 33 32
35 44 50
36 44 48
37 45 48
36 45 48
36 46 49
35 45 49
36 45 49
36 46 49
36 45 49
36 45 49
36 46 49
36 46 47
35 47 48
36 46 48
37 45 48
37 45 49
36 44 49
35 46 49
37 46 49
37 47 49
36 46 48
36 46 48
37 45 48
35 45 49
36 45 49
36 44 49
35 45 49
36 46 47
36 46 49
37 45 49
35 45 48
35 46 48
36 45 48
37 45 49
37 45 48
36 46 49
36 45 48
35 44 49
35 47 49
37 44 49
36 45 47
35 45 49
36 45 49
36 45 50
36 45 48
36 46 50
37 46 49
37 46 48
37 45 48
37 46 49
37 45 48
36 46 47
36 45 49
36 46 47
36 45 49
36 45 49
35 47 49
35 45 48
37 46 49
36 45 49
36 45 49
36 46 49
36 45 48
35 46 48
36 45 48
36 46 48
36 45 48
36 45 49
35 44 47
36 44 49
36 45 48
35 45 48
36 46 48
36 45 48
37 46 48
36 47 48
37 46 48
36 46 49
37 45 48
36 47 48
36 46 48
36 45 48
37 45 48
36 47 47
35 46 48
37 45 50
35 44 51
31 44 50
33 44 49
33 47 50
32 45 49
30 43 50
29 45 50
29 44 49
27 44 47
25 44 48
23 45 49
24 46 48
26 42 43
25 40 43
21 40 43
24 47 48
23 40 46
22 44 44
12 39 55
21 38 37
13 39 48
16 42 41
14 39 40
17 42 43
19 38 36
15 43 36
8 39 35
9 43 30
19 43 38
13 40 32
9 40 24
14 40 28
15 43 22
10 42 28
11 37 26
11 35 21
12 35 26
13 37 23
14 30 22
11 34 16
9 31 22
11 34 30
12 36 32
15 38 29
17 37 31
16 38 29
16 38 30
16 39 32
15 40 32
13 39 32
14 39 33
14 40 33
14 41 34
14 40 33
12 40 33
13 41 34
14 40 34
13 39 34
12 39 34
14 37 34
14 40 34
10 37 36
12 39 37
12 38 36
12 39 36
13 38 34
11 39 34
12 38 36
13 37 34
14 38 35
13 39 34
14 40 34
12 39 35
12 39 35
12 37 35
13 39 35
14 40 35
11 40 34
12 39 33
14 40 34
12 39 35
14 39 34
13 39 34
14 39 34
13 39 35
13 39 35
13 40 34
12 38 34
12 40 34
13 38 35
13 39 35
13 38 34
14 39 35
12 39 34
13 38 34
14 39 35
12 38 34
13 38 35
12 40 34
13 39 35
12 38 34
13 39 35
12 38 35
13 40 34
12 39 33
12 40 34
13 39 34
12 38 34
13 39 33
14 40 33
13 39 34
12 38 34
12 38 34
13 39 33
14 39 34
13 37 33
13 39 32
13 39 34
12 38 34
13 38 34
13 39 34
12 39 34
12 39 34
14 39 34
13 40 34
12 39 34
12 39 33
14 39 34
12 39 34
13 39 34
13 38 35
13 39 35
13 39 34
13 38 33
12 37 34
12 38 34
13 39 34
11 40 34
12 38 33
12 36 34
12 38 35
13 38 34
12 36 33
12 37 33
12 36 33
12 37 34
13 36 32
12 35 33
12 36 32
12 34 32
12 34 32
13 35 31
11 34 32
11 33 33
10 34 33
12 36 33
11 35 33
12 34 33
12 36 33
11 34 33
12 34 32
13 34 32
11 34 31
12 34 32
11 34 32
12 34 31
12 34 31
12 33 32
11 33 32
12 33 32
12 35 32
12 34 32
11 35 31
11 35 32
12 35 32
11 34 33
12 35 32
11 33 31
11 34 33
12 34 31
12 35 32
