5 37 33
5 37 33
5 37 33
5 37 33
5 37 33
29 46 47
31 47 49
30 47 49
30 46 49
30 47 49
31 46 49
30 47 48
29 45 49
30 45 48
30 44 49
30 46 48
30 45 48
31 45 49
30 45 49
31 45 49
30 45 48
29 45 48
30 46 49
30 46 48
30 46 48
30 45 48
29 45 49
30 46 49
30 45 48
31 46 49
30 46 48
29 45 48
31 44 49
30 45 49
29 46 48
30 46 48
30 46 48
31 48 46
30 49 55
25 49 50
27 47 48
21 49 43
14 45 38
19 45 39
18 47 37
14 47 32
14 40 35
3 39 32
6 34 28
15 35 31
16 36 33
19 35 34
19 35 35
16 39 33
15 38 34
13 38 33
12 38 35
11 37 34
10 38 35
12 37 34
12 37 35
12 39 36
12 37 35
12 37 35
12 37 35
12 38 35
13 38 36
13 35 34
13 37 34
13 37 33
13 37 34
12 36 35
13 37 34
12 36 34
12 36 35
11 36 35
11 37 34
12 37 34
12 37 34
13 39 34
12 37 35
13 37 35
11 36 34
11 36 35
11 36 35
11 37 34
12 37 35
12 36 34
11 37 34
12 36 33
12 34 33
13 36 35
13 36 34
12 36 34
11 36 34
11 35 35
12 35 35
13 35 35
12 36 34
12 36 34
12 35 35
12 36 34
12 36 35
12 35 35
12 37 35
12 36 34
12 37 34
13 36 34
12 37 35
12 36 35
12 36 35
12 35 35
13 37 34
13 37 34
12 35 35
12 36 35
13 37 34
12 36 34
13 35 34
13 37 35
12 37 36
12 37 35
12 36 35
14 37 35
12 37 35
12 37 35
12 37 35
12 36 35
13 37 35
14 37 36
11 36 35
12 37 35
11 37 35
13 38 35
12 36 34
13 37 35
13 36 35
11 36 35
13 37 34
12 36 35
