28 34 52
29 34 54
31 35 52
29 34 53
29 34 53
29 35 53
29 33 53
29 34 52
29 34 52
28 35 52
27 32 53
29 34 53
27 36 52
27 35 51
26 35 52
26 33 53
25 34 51
25 35 51
20 35 49
24 37 49
22 35 49
22 36 50
19 36 48
19 37 48
17 36 48
17 37 44
14 37 43
12 34 41
12 36 40
15 34 40
13 32 38
17 31 38
12 30 33
10 30 36
11 32 34
12 33 31
12 27 30
9 29 29
11 33 30
9 27 26
9 24 27
10 23 25
10 24 28
10 31 25
10 27 27
16 33 31
15 30 30
15 35 32
12 34 31
13 34 32
13 35 34
14 36 33
13 34 34
13 36 34
9 30 38
13 34 36
12 35 34
10 37 34
11 36 34
13 35 34
11 34 35
11 35 37
12 35 35
12 35 35
12 35 34
11 36 35
12 35 36
13 36 36
12 36 35
11 36 34
11 36 34
12 36 35
12 36 35
12 35 35
12 36 34
10 36 34
11 35 34
11 35 35
11 37 34
11 35 34
11 35 35
11 37 35
11 37 34
12 36 34
