31 37 53
31 38 52
31 37 53
32 37 53
31 37 52
31 37 53
33 38 52
32 37 52
30 37 53
33 37 53
30 38 53
31 36 52
32 37 53
31 36 52
32 37 52
32 37 53
31 38 52
31 37 52
32 36 53
31 36 53
36 40 56
36 35 52
33 33 54
26 39 55
25 32 53
27 33 53
26 34 50
24 35 49
18 37 44
13 38 43
16 43 39
17 37 42
16 40 40
17 45 29
19 46 25
10 44 25
14 45 21
17 43 24
15 42 21
14 44 26
15 39 21
11 40 29
6 38 29
3 29 31
8 26 20
13 20 24
14 26 26
15 26 26
18 27 27
14 31 29
14 28 28
11 30 30
12 30 31
13 29 31
13 28 32
13 30 30
10 30 31
9 30 31
12 27 30
14 29 31
13 29 31
14 29 31
10 31 33
10 33 35
15 32 35
13 33 34
11 33 37
10 30 34
9 31 33
11 32 34
12 34 34
12 32 34
13 32 33
10 32 34
11 30 33
12 28 33
12 30 32
11 31 34
10 30 33
13 29 33
11 30 32
11 28 33
11 29 32
12 29 32
11 30 33
12 29 32
12 29 32
11 29 32
12 28 32
10 29 32
13 27 33
11 29 33
11 29 33
11 28 32
11 29 33
12 29 32
11 28 32
12 29 31
