31 40 52
31 39 52
31 39 51
30 39 51
30 39 51
29 39 50
29 39 51
30 39 52
29 37 52
29 41 51
30 39 51
30 39 52
29 39 51
30 39 51
30 40 52
30 38 51
30 40 52
29 40 51
31 38 51
29 39 52
29 40 52
30 39 52
30 39 51
30 40 52
30 39 51
29 40 52
30 40 51
30 40 51
30 39 51
30 39 51
30 39 51
31 40 51
30 40 52
30 39 51
30 40 51
31 39 51
30 40 51
31 39 51
29 39 52
31 39 50
29 40 50
29 41 51
29 41 50
31 40 51
29 41 51
30 41 51
29 42 50
30 42 51
29 41 51
30 41 51
27 41 51
28 40 51
28 39 50
25 40 50
28 41 51
25 38 50
24 38 49
24 38 50
24 40 50
25 40 50
25 40 51
24 39 51
23 39 50
24 39 47
22 42 52
21 38 49
22 38 49
21 38 50
20 39 49
18 39 49
21 38 49
23 37 48
24 38 49
25 38 49
25 38 48
22 36 49
23 36 50
22 38 49
22 38 49
22 37 49
22 38 49
21 36 48
21 37 49
22 37 49
21 38 50
22 37 49
21 38 49
21 37 48
23 36 48
21 37 49
21 37 48
20 36 49
21 35 48
20 36 49
20 36 50
20 36 50
20 36 48
20 36 49
20 34 48
20 36 49
21 35 49
19 36 49
20 36 48
19 36 48
19 37 49
20 36 48
21 36 48
21 35 49
20 35 48
19 36 49
21 35 48
20 37 47
21 36 49
20 37 49
20 36 48
21 36 47
20 36 48
20 36 49
19 35 48
20 36 49
20 35 48
21 36 48
20 36 48
19 36 48
21 36 47
20 36 48
20 36 48
20 36 47
20 36 48
20 36 48
20 36 48
20 36 48
21 35 49
20 37 48
20 37 48
20 37 48
