31 37 53
32 37 52
31 36 52
31 36 52
31 36 52
32 36 53
31 36 52
32 36 53
31 36 53
31 37 53
31 36 53
32 37 53
32 36 53
32 37 53
32 36 53
31 36 53
31 36 53
32 36 53
31 35 52
32 37 54
32 36 53
32 33 53
35 32 55
33 32 55
34 33 55
35 34 55
32 34 55
28 34 52
26 34 52
27 33 49
26 33 51
28 34 50
27 33 51
27 36 50
25 36 50
26 33 51
24 37 49
22 44 51
19 40 41
19 44 45
26 47 46
23 46 49
20 47 40
20 49 38
20 49 38
18 49 38
16 45 35
13 47 42
10 43 37
3 37 31
5 30 31
10 40 34
16 35 34
18 38 35
21 36 35
19 38 36
16 39 38
15 37 38
13 37 36
13 41 36
15 40 37
13 38 37
13 39 36
14 37 37
13 38 37
12 36 36
13 36 37
14 39 38
12 38 36
12 38 36
11 38 37
14 39 39
14 40 38
14 38 37
11 39 36
12 38 36
14 37 36
13 39 36
13 38 36
13 38 37
13 39 36
13 37 36
13 38 35
13 38 37
13 38 36
12 39 36
13 37 36
13 38 36
13 38 35
14 38 37
