28 41 50
28 41 51
30 40 51
29 42 51
28 41 50
29 42 51
29 41 51
29 42 51
28 40 51
28 42 50
29 42 50
27 41 50
28 41 51
29 42 51
28 41 50
29 41 50
29 42 51
28 42 51
28 41 50
28 41 50
28 41 50
28 42 51
29 40 51
29 41 50
28 42 50
29 41 49
28 41 51
28 41 51
28 42 50
28 41 51
29 41 51
29 42 49
28 41 51
30 41 50
29 42 50
29 42 51
29 41 49
29 41 51
29 41 50
30 42 50
30 41 51
29 43 52
25 39 51
28 38 51
27 38 48
27 36 48
24 38 48
22 37 48
22 40 52
22 41 51
24 44 50
23 43 49
21 44 49
20 46 53
17 44 49
19 41 46
20 40 50
20 40 47
18 43 48
18 40 45
18 42 45
15 42 43
15 41 42
13 40 40
15 39 40
18 37 37
17 38 36
17 38 36
17 39 37
14 39 37
14 40 38
15 40 38
13 41 38
12 39 37
12 40 36
13 39 35
16 38 37
15 39 37
14 41 37
16 40 38
14 41 39
11 39 38
14 39 38
14 40 38
12 38 38
13 39 37
15 37 38
14 38 38
13 37 38
14 38 37
14 38 37
14 38 37
13 39 37
12 39 37
14 39 38
13 40 38
14 38 38
13 39 37
13 38 38
14 38 37
14 39 37
13 38 37
13 39 37
13 38 39
14 39 37
13 39 37
13 39 37
14 38 37
13 40 37
14 38 36
13 38 38
13 39 37
13 39 38
13 39 37
13 38 37
13 39 36
13 38 37
14 38 37
12 39 37
13 38 37
13 39 37
13 39 37
13 37 37
13 39 38
13 38 37
13 38 38
13 40 38
13 39 37
14 39 36
13 38 38
13 38 38
13 38 38
