39 45 48
39 44 48
39 43 48
39 45 49
38 44 49
38 44 48
39 45 48
38 44 49
38 45 49
39 43 49
39 44 49
38 44 49
38 43 49
38 43 49
38 44 49
39 44 48
38 43 49
39 44 49
39 44 49
38 44 49
39 45 49
38 44 49
38 44 48
39 44 48
38 45 49
38 43 48
40 44 48
37 44 48
38 45 48
38 43 49
40 44 48
39 44 48
39 44 49
38 45 48
38 43 49
39 45 48
38 45 48
38 43 48
39 44 48
40 44 48
38 45 48
39 42 48
39 43 48
39 45 47
38 44 48
39 45 48
39 45 48
39 45 48
39 45 49
38 44 47
39 43 48
39 45 48
38 45 48
40 45 48
38 44 49
38 44 48
39 44 48
38 45 48
39 44 48
39 45 48
39 45 48
40 43 48
40 45 49
39 45 48
38 45 48
39 44 48
38 45 49
39 43 49
39 44 48
40 44 48
39 44 48
38 44 48
37 44 47
39 44 49
39 44 49
39 44 48
38 43 48
39 44 49
39 44 48
40 45 48
39 44 48
38 44 48
39 44 49
39 43 49
39 45 48
39 44 48
38 43 48
39 45 49
37 45 49
34 41 49
35 44 48
34 44 50
36 44 49
35 44 50
34 44 50
32 46 49
31 44 50
30 43 44
27 48 52
31 48 47
33 49 46
29 49 42
27 50 47
21 52 48
23 47 40
26 47 44
22 50 38
22 50 37
19 51 36
20 52 35
20 51 33
23 50 31
21 50 32
20 50 29
22 51 29
20 48 30
20 48 28
18 49 29
17 44 29
18 45 26
16 44 28
15 43 28
12 44 28
10 41 27
12 38 29
13 38 30
16 39 30
17 40 29
18 40 31
15 41 30
13 43 29
14 42 32
13 41 33
12 40 32
12 40 30
13 41 30
14 39 30
15 39 32
12 40 31
15 40 32
16 41 33
11 40 33
9 34 37
13 38 38
13 40 36
13 39 35
12 40 35
14 39 35
13 38 33
14 39 34
14 39 34
12 38 35
13 40 35
13 41 34
14 40 33
13 40 33
13 38 34
11 41 35
13 39 35
13 41 34
13 40 33
13 40 35
13 41 35
12 40 34
13 39 34
12 38 35
12 39 34
13 40 34
12 38 34
13 39 34
13 40 34
13 39 34
12 41 34
12 40 34
12 40 34
14 39 34
11 41 35
13 39 34
14 39 34
13 40 35
13 39 34
14 41 34
13 40 35
14 39 34
13 39 35
14 40 34
12 40 35
12 39 33
13 39 34
12 40 34
12 39 33
13 39 34
12 39 34
13 39 35
13 40 34
13 41 33
12 41 34
13 39 34
12 41 33
13 39 35
13 40 35
14 39 34
13 39 34
14 39 35
13 40 34
14 40 34
13 40 33
14 40 34
14 40 34
12 39 34
12 40 35
14 40 34
13 39 33
13 39 33
13 40 33
12 40 34
12 41 34
13 40 34
13 40 35
13 39 34
13 39 34
14 41 35
13 39 34
14 40 34
13 39 33
15 40 34
13 41 33
14 39 34
12 39 34
13 38 32
12 37 33
13 38 33
12 37 33
12 35 31
12 35 35
9 36 32
12 36 33
13 35 33
12 35 32
11 35 32
12 33 31
12 34 32
12 36 32
11 34 32
11 34 32
12 35 31
13 35 32
