32 43 50
32 43 49
33 44 50
33 43 49
33 44 51
32 44 49
33 45 49
32 43 50
33 44 50
33 43 50
33 43 49
33 43 50
32 42 50
33 44 50
33 44 49
33 43 51
33 43 50
33 43 50
31 44 49
33 44 50
32 43 50
31 42 50
31 44 50
32 44 49
31 43 50
34 43 50
32 44 49
32 43 50
33 42 50
32 43 50
32 42 50
32 42 50
32 44 50
33 43 50
32 44 50
32 43 50
32 46 48
33 44 49
33 46 48
32 45 48
33 48 49
32 46 49
30 48 48
29 50 45
30 48 45
31 48 44
30 49 46
29 50 47
29 50 47
31 48 46
32 48 45
32 45 46
33 46 46
33 46 47
35 46 45
34 47 46
34 46 47
36 46 47
35 47 47
36 46 46
36 48 45
34 47 47
36 46 48
36 48 47
35 47 46
36 48 47
37 48 47
37 46 47
37 47 48
37 47 47
37 47 46
37 45 46
36 45 47
38 43 47
39 45 47
40 44 48
40 44 48
39 43 49
38 45 48
37 44 47
38 46 48
38 44 48
38 44 47
36 44 48
37 45 48
37 45 48
39 42 48
37 45 47
39 45 48
37 45 47
39 45 48
38 45 47
39 45 48
37 45 48
38 45 48
38 46 48
37 45 47
38 46 48
38 43 47
38 45 47
37 45 47
37 44 47
37 42 48
36 43 46
35 44 46
33 46 47
31 47 48
31 47 47
26 48 46
27 48 47
25 48 46
24 48 46
23 46 46
24 46 45
25 48 47
25 45 45
24 45 46
22 45 46
20 41 46
21 44 46
22 44 45
23 44 46
24 45 47
25 46 48
24 44 49
24 45 47
23 41 47
22 42 47
22 43 48
21 40 47
22 41 47
22 42 47
22 41 47
21 41 48
22 40 48
21 41 48
22 43 48
22 41 49
23 40 47
22 42 48
21 41 47
21 42 47
21 41 47
22 41 48
22 41 47
21 42 47
22 41 48
22 41 48
20 42 48
21 42 48
21 41 48
22 41 47
21 43 49
21 42 47
