34 37 52
32 37 53
31 36 53
31 38 52
29 38 52
30 37 51
29 38 52
29 37 52
27 37 52
27 38 52
27 36 52
29 34 53
28 34 53
28 33 51
25 36 52
24 31 55
27 28 51
25 32 51
23 35 48
25 37 48
23 31 47
22 49 45
15 34 38
24 48 48
20 42 50
20 49 41
20 48 38
20 48 37
20 52 33
17 49 36
12 47 35
9 47 37
1 40 32
7 34 32
13 37 37
16 38 32
20 37 31
23 37 33
19 40 35
11 40 34
6 40 34
11 36 32
12 38 34
16 41 35
17 41 34
16 39 36
13 40 36
11 39 37
11 37 37
12 37 37
13 37 37
13 37 38
12 36 39
12 38 37
14 38 36
14 38 37
11 38 36
12 38 37
13 39 37
13 38 37
14 38 37
13 39 37
13 36 37
13 38 36
14 37 36
12 37 36
13 38 37
13 39 37
13 39 36
11 39 36
13 38 36
12 38 37
12 38 36
12 39 37
13 37 37
13 38 35
12 39 35
13 39 37
11 39 36
14 37 36
12 38 37
12 39 36
14 39 36
13 38 36
