29 33 53
31 35 53
32 32 52
32 34 53
31 34 52
31 34 52
31 34 53
30 33 53
31 33 54
31 34 53
32 34 53
31 33 53
31 33 52
32 34 52
31 34 52
31 34 54
32 33 53
29 31 52
28 31 54
28 34 53
27 31 53
29 32 51
30 34 52
25 32 52
23 36 51
25 35 52
22 37 51
21 40 49
20 37 46
18 37 45
18 40 44
18 43 46
16 40 43
17 40 42
16 38 41
14 38 43
15 38 40
14 36 37
13 37 37
12 36 38
13 35 36
12 34 37
14 35 38
12 35 39
13 37 38
14 39 37
13 39 39
15 36 39
14 38 43
15 41 43
19 42 45
19 41 43
19 42 39
17 40 42
18 42 40
16 39 36
4 48 33
11 41 31
12 38 36
11 37 32
13 36 33
13 37 36
13 35 38
11 38 34
10 38 33
12 39 34
13 39 33
13 37 34
14 38 33
12 37 35
12 38 34
12 40 33
12 40 35
12 39 34
13 39 34
12 38 35
13 39 34
13 40 34
13 39 33
12 39 34
13 39 35
12 38 34
12 39 34
12 38 35
13 38 36
11 39 34
13 39 35
12 38 34
11 39 34
13 38 34
13 38 34
12 40 34
10 40 35
7 43 35
9 48 36
