32 40 52
33 40 53
33 40 52
32 39 51
33 40 52
31 40 52
33 40 53
33 38 52
32 39 51
32 41 52
34 40 52
33 38 52
32 39 53
31 39 52
32 39 52
31 40 51
33 39 51
33 40 51
33 40 52
32 39 52
34 40 52
33 40 53
37 34 53
37 35 55
35 35 53
32 37 53
31 36 51
32 33 51
32 36 53
32 32 54
33 37 51
32 36 50
34 34 52
34 37 48
32 38 50
29 42 50
29 45 49
28 46 49
25 47 46
21 56 46
19 50 40
17 55 39
12 56 36
13 51 36
14 49 34
14 47 35
12 47 35
17 43 35
19 42 33
20 41 34
21 39 35
19 41 34
16 41 35
13 40 36
11 40 36
11 38 37
13 38 36
15 39 36
15 39 37
14 38 36
14 37 37
12 37 38
12 36 38
14 37 38
13 35 39
13 36 39
12 37 39
12 37 37
12 38 38
12 39 38
12 38 37
12 38 37
12 39 37
13 38 37
12 38 39
12 38 38
13 38 38
14 38 38
13 36 37
13 38 36
12 38 37
13 38 38
13 38 36
12 38 37
12 38 37
13 38 38
13 38 38
12 37 38
13 37 38
12 37 38
