30 35 53
31 38 52
29 37 52
31 38 52
30 37 52
31 38 51
31 38 51
30 37 52
30 37 53
31 38 53
30 37 53
30 38 52
31 36 53
30 40 55
28 36 56
31 35 56
27 36 52
23 41 43
19 38 45
14 37 43
17 38 40
15 40 43
13 39 37
12 36 31
13 38 27
13 40 27
13 41 30
12 40 32
12 41 34
13 40 27
7 37 33
8 35 29
6 24 24
8 23 23
9 27 28
14 29 30
18 33 30
17 33 32
13 32 32
13 34 31
12 35 32
13 38 32
13 36 31
11 35 31
10 35 31
14 34 33
12 35 34
14 35 36
13 34 34
8 31 43
12 39 35
12 37 32
12 38 34
11 38 34
12 37 34
12 36 34
12 36 33
12 35 33
13 37 34
12 35 34
11 35 33
12 37 35
12 36 34
12 35 33
11 35 33
12 35 31
11 33 33
12 35 33
11 34 35
10 36 33
11 36 33
12 36 32
13 33 33
11 35 32
11 36 32
11 36 33
12 35 33
12 32 33
11 34 31
12 32 32
12 34 31
12 34 31
13 33 31
12 34 32
