30 36 52
30 37 53
30 36 53
29 38 52
30 35 52
30 36 52
30 36 53
31 36 53
32 36 52
30 37 52
30 35 53
30 37 52
29 36 52
30 37 53
31 36 52
30 35 52
31 37 53
30 37 53
30 36 53
30 37 54
31 37 52
30 36 53
31 36 53
30 37 52
31 36 53
30 36 53
30 37 52
30 38 53
31 35 53
30 37 52
30 37 53
31 35 52
30 37 53
29 35 53
30 36 53
30 36 53
30 35 53
31 37 53
31 36 53
31 34 52
30 36 52
30 37 53
31 36 52
30 35 52
31 34 52
31 37 52
29 35 52
31 34 53
28 35 53
31 36 52
31 37 52
29 35 53
32 37 52
31 36 53
30 36 54
30 36 53
31 36 53
30 36 53
32 36 52
30 38 53
31 36 53
30 36 52
31 35 53
30 35 52
30 35 52
31 35 52
30 36 52
31 37 53
30 37 53
31 36 52
31 36 53
32 35 55
35 39 56
32 36 52
25 31 50
22 39 52
20 36 44
17 35 43
18 32 43
12 36 41
4 32 49
21 36 43
5 38 30
12 41 34
10 37 31
12 35 28
15 43 34
11 38 30
10 36 33
14 35 31
12 41 29
12 38 33
6 36 27
2 38 29
3 32 20
5 37 18
10 31 23
16 34 26
25 34 30
27 33 32
22 35 32
13 36 30
11 38 32
13 37 35
14 38 36
12 36 37
12 39 35
12 38 35
11 39 33
12 40 33
13 40 33
14 40 34
13 40 33
12 42 35
12 40 35
13 39 34
12 38 33
14 38 32
13 39 32
11 39 33
12 39 34
11 39 34
12 39 34
13 38 35
12 39 35
13 38 34
13 38 34
13 38 33
13 38 33
13 38 33
13 39 34
13 38 34
13 37 34
13 37 34
12 39 34
13 38 34
13 39 33
13 39 33
12 40 33
12 39 34
12 39 35
12 39 34
12 39 33
13 39 34
12 38 34
12 39 33
13 39 33
13 39 34
12 38 34
13 39 34
13 39 34
12 39 33
12 39 34
12 39 34
13 39 34
12 40 34
12 38 34
12 39 34
12 38 33
13 39 34
13 39 34
12 39 33
13 39 34
13 39 34
12 39 34
13 40 34
12 38 34
13 39 34
12 39 34
13 38 34
13 39 34
13 39 34
14 39 34
12 39 34
13 39 34
14 39 34
13 39 33
14 38 34
12 38 35
14 39 34
14 38 34
13 40 34
13 39 33
13 38 34
13 38 34
12 39 34
13 38 34
14 38 33
12 38 34
11 39 34
13 39 34
12 40 34
13 39 33
12 39 34
11 39 35
13 39 34
