30 35 54
31 35 52
31 35 52
32 34 52
32 36 52
30 34 53
30 35 53
32 35 52
30 35 53
30 35 53
30 35 53
31 36 53
29 36 52
30 36 52
31 36 53
31 36 53
31 34 53
31 36 53
31 35 52
31 36 53
30 35 51
32 35 53
31 35 53
30 35 54
31 35 53
31 35 52
30 35 53
30 36 52
31 36 52
31 35 54
30 35 53
31 34 52
30 35 52
30 35 53
30 34 53
31 36 53
30 36 53
32 35 52
31 36 52
31 37 53
31 37 53
31 37 53
31 37 51
32 38 53
30 38 53
30 37 52
29 38 52
32 38 52
31 39 52
31 37 53
30 39 52
30 36 54
29 36 53
27 36 52
25 37 50
24 37 50
23 36 49
20 38 48
20 36 49
21 37 47
20 36 47
20 36 47
19 37 47
17 38 47
20 37 47
19 36 47
20 37 47
20 37 47
19 37 47
19 36 47
20 38 49
18 36 48
17 36 48
17 35 47
20 34 45
17 34 46
18 35 45
16 35 46
18 35 46
17 36 46
18 35 46
17 35 46
18 35 47
18 36 46
18 36 47
18 36 48
18 36 47
18 37 47
18 36 48
19 36 47
18 37 47
18 37 47
18 36 46
18 36 47
19 36 47
18 38 47
18 36 46
18 37 47
19 37 47
19 37 47
19 38 47
19 37 47
20 38 47
20 38 48
18 37 48
19 38 48
19 37 48
19 37 47
19 38 48
20 38 47
19 37 47
20 38 47
20 37 48
19 37 47
19 37 48
21 37 47
19 37 47
19 37 47
18 37 47
18 37 48
18 36 46
18 36 47
19 37 48
19 38 47
19 37 48
20 36 48
19 36 48
19 37 48
19 37 46
19 37 48
20 36 48
19 37 48
20 38 48
20 38 48
20 36 46
19 38 47
19 37 46
18 37 47
20 36 46
