34 45 50
33 43 50
34 43 49
35 43 49
34 44 50
34 45 50
35 44 49
34 43 52
31 42 49
32 45 49
27 46 47
26 49 48
26 45 46
29 45 49
32 46 42
27 52 36
26 40 45
19 41 44
16 39 41
19 35 46
16 44 43
11 42 43
15 40 37
15 37 35
14 44 37
14 43 34
15 45 29
16 45 20
13 48 24
15 40 26
18 41 27
13 41 22
14 41 22
10 41 20
8 29 22
9 27 18
15 34 11
15 28 16
12 35 18
12 32 23
16 32 26
15 33 29
16 36 30
12 28 33
13 34 31
17 35 29
18 36 28
20 37 31
9 34 35
11 42 30
12 37 33
12 40 33
15 43 32
13 38 30
12 35 29
10 35 32
11 36 34
11 40 32
13 41 31
13 40 31
13 41 32
14 39 32
14 42 33
13 40 33
13 42 32
13 41 32
12 41 33
13 40 32
14 40 31
12 39 33
13 40 32
13 40 31
13 41 32
11 39 33
13 40 31
13 39 33
14 39 32
13 38 33
12 39 32
13 39 31
13 39 31
13 39 32
13 37 32
13 38 30
