30 40 51
31 41 51
30 43 52
31 41 52
29 38 52
28 40 50
30 39 51
31 39 51
29 39 53
29 39 53
29 38 53
31 38 53
31 42 52
29 38 53
27 40 50
26 42 48
25 42 49
25 41 48
24 42 50
22 40 48
22 42 48
18 43 46
16 42 43
15 40 45
14 39 42
13 38 40
15 35 39
15 36 37
15 37 37
15 36 38
15 36 38
12 35 36
12 36 36
11 37 37
13 37 38
13 38 37
13 38 38
14 39 38
13 39 37
13 39 38
14 38 38
13 39 38
13 40 38
13 39 38
12 38 38
13 39 37
12 39 37
13 38 36
12 38 37
13 38 37
13 39 36
12 37 38
12 38 38
13 38 37
12 38 37
13 39 38
13 39 36
12 38 37
12 37 38
13 37 37
12 39 38
13 39 37
13 39 36
13 40 37
12 39 37
13 36 38
13 38 38
11 38 37
12 38 37
14 38 37
13 39 37
13 39 38
13 38 37
12 38 37
12 37 37
12 38 38
12 37 37
14 37 37
13 39 38
13 39 36
14 39 38
12 38 38
12 38 37
12 40 38
