33 34 52
33 35 52
33 35 53
33 33 52
33 35 52
33 35 53
33 34 53
32 35 52
33 34 53
33 35 52
33 35 52
33 35 53
33 35 53
33 34 52
33 35 53
33 35 53
33 35 52
33 34 52
33 35 52
33 34 53
33 35 53
33 36 53
33 34 52
33 35 53
33 34 52
33 35 52
31 36 54
30 35 52
30 35 52
31 35 53
31 36 52
33 35 52
34 38 51
35 37 52
33 39 51
32 39 51
32 43 52
31 39 51
30 39 52
31 41 51
31 40 52
31 40 52
30 41 51
29 40 52
27 42 51
27 41 51
25 41 49
24 42 49
21 42 47
20 40 46
17 41 46
19 40 43
18 40 43
17 42 42
16 40 42
16 41 41
16 42 41
15 41 41
15 41 39
15 40 38
14 43 39
15 41 38
12 42 39
15 40 40
14 39 38
13 39 40
14 38 38
15 36 38
13 36 39
12 36 39
14 34 37
11 37 36
13 37 38
17 33 35
14 37 38
12 36 37
10 36 36
7 36 35
9 27 38
11 29 38
10 35 34
14 37 34
13 38 34
12 36 34
12 34 33
13 37 33
11 36 35
12 36 35
12 36 34
12 36 33
12 36 34
12 35 33
12 37 34
12 36 35
11 36 35
10 36 35
12 37 35
12 37 34
12 36 35
11 37 34
11 35 33
11 36 35
11 35 35
11 37 35
12 36 34
13 35 34
11 35 34
12 35 35
12 37 35
11 37 35
11 37 35
11 36 35
11 36 35
12 36 35
13 35 35
12 35 34
12 36 35
12 36 34
13 36 34
12 36 34
12 36 34
12 36 34
11 37 34
12 35 36
12 36 35
11 37 35
12 37 34
12 35 34
13 36 34
12 37 34
12 36 35
12 37 35
12 36 35
12 36 35
12 36 34
12 38 35
11 36 35
12 36 34
11 37 33
12 37 35
11 36 33
11 34 34
12 35 33
12 35 34
11 36 34
13 36 34
11 36 34
13 36 34
12 36 34
11 36 34
13 36 34
11 36 33
11 35 35
12 36 34
13 35 34
13 37 34
12 37 34
12 37 33
