30 34 47
31 35 45
39 36 45
41 44 49
44 45 51
40 48 55
36 49 52
33 47 54
32 43 53
30 44 50
28 44 49
29 46 49
32 45 48
33 44 49
30 41 49
29 44 49
30 43 49
30 44 47
29 45 49
30 44 48
29 44 49
29 44 49
30 44 48
29 45 49
30 45 49
29 44 49
30 44 48
30 45 49
29 43 49
29 45 49
29 45 49
27 46 50
29 45 48
30 45 49
30 45 49
25 46 53
24 42 50
26 43 46
28 43 49
31 43 50
34 45 48
32 43 51
30 46 52
27 45 46
25 40 44
24 51 43
24 50 37
23 52 45
23 56 51
13 47 45
19 50 42
26 52 40
23 56 31
21 50 31
19 46 34
21 50 32
16 46 31
15 42 31
13 38 31
14 43 30
13 41 30
13 37 32
15 38 32
13 41 33
14 39 32
15 39 34
13 39 32
11 39 32
13 41 33
14 40 34
13 41 35
7 24 43
13 44 37
12 39 33
13 39 34
13 37 33
11 37 34
12 37 34
12 37 33
12 37 34
12 36 34
13 38 34
13 38 34
11 38 34
12 39 34
12 37 35
13 37 32
12 36 34
13 37 33
12 38 33
11 38 34
12 38 34
13 37 34
11 37 34
12 38 34
12 36 34
13 38 34
12 37 34
11 38 34
13 37 33
12 37 33
13 37 33
12 37 34
11 38 34
13 38 34
12 37 34
13 36 34
11 38 35
