33 37 51
33 37 51
32 38 52
33 37 53
33 38 52
32 38 52
32 38 51
32 39 52
32 38 53
33 37 53
33 37 53
33 38 53
33 38 52
32 38 52
31 38 53
32 38 52
32 38 53
32 37 53
32 38 52
31 36 54
30 39 51
26 39 53
30 36 51
33 36 51
33 36 50
31 37 54
30 35 53
29 38 53
30 37 53
28 37 50
30 36 53
29 37 52
28 36 54
28 38 52
25 37 52
25 38 51
23 37 51
21 36 47
21 38 47
19 39 48
19 39 47
18 39 48
18 40 46
15 39 45
15 40 44
13 38 44
15 37 41
13 38 42
14 38 40
14 33 39
13 34 39
11 33 37
11 35 37
12 34 37
14 36 35
13 35 34
12 40 34
14 36 35
12 37 35
11 37 36
8 36 36
8 29 36
11 30 32
11 37 33
12 37 33
13 37 34
13 37 34
10 35 33
11 32 35
10 35 36
12 37 34
13 36 34
13 37 34
12 36 35
11 38 35
11 37 35
11 36 35
11 36 35
12 37 34
11 37 35
11 38 34
12 37 35
11 37 34
11 35 34
12 36 34
11 37 35
12 37 34
13 36 35
12 38 35
12 37 34
12 37 35
12 36 35
12 37 34
12 37 35
12 36 34
12 36 35
13 37 34
13 36 35
12 36 34
12 36 34
11 36 34
11 36 34
13 36 36
12 36 34
11 37 34
12 37 35
12 36 34
11 37 34
10 35 34
11 36 35
12 37 35
12 36 34
13 37 34
11 38 34
12 38 35
12 36 35
11 37 35
12 35 34
11 37 34
13 36 34
11 37 34
