27 43 49
27 43 50
28 44 49
27 43 49
26 43 50
28 43 50
27 42 50
28 43 50
27 42 50
28 43 49
28 42 50
26 40 51
22 41 54
26 37 55
17 36 51
24 38 54
26 35 51
29 37 52
30 33 50
33 33 47
29 35 49
26 30 41
13 31 54
16 38 47
18 36 48
18 34 47
19 43 40
16 36 44
15 43 40
14 43 38
15 48 30
15 48 35
10 45 38
9 43 36
6 40 37
0 35 28
7 35 32
19 35 36
21 40 38
22 38 35
19 38 31
17 39 31
15 38 31
15 38 31
13 38 32
7 40 32
10 39 35
13 38 33
13 35 34
13 33 35
10 38 36
13 37 34
13 39 34
12 37 35
12 37 35
13 38 35
11 37 36
12 39 37
11 38 36
14 37 35
12 38 35
13 38 34
13 37 35
12 38 36
14 38 36
13 37 35
13 38 34
13 38 35
13 38 35
12 39 36
13 38 35
11 38 36
12 38 36
12 38 34
13 38 36
11 38 36
11 38 34
12 38 35
11 38 35
11 39 34
13 37 35
12 39 34
13 37 35
12 38 35
