33 35 53
33 35 53
33 35 55
32 35 54
29 35 52
31 38 53
32 37 53
32 35 53
32 35 53
31 36 53
32 35 53
32 38 53
33 37 53
32 35 52
31 36 53
32 35 52
32 36 52
33 37 53
32 37 52
32 35 53
33 36 54
27 39 54
29 33 52
30 39 52
27 37 54
28 35 51
23 38 50
26 37 51
23 36 48
15 41 46
20 41 43
15 42 44
17 40 40
18 43 42
21 45 44
19 45 41
18 47 40
19 47 38
20 50 39
19 47 38
17 49 37
16 48 39
12 45 37
11 44 39
4 39 32
6 33 27
12 33 29
14 34 27
15 38 31
17 39 33
18 37 33
18 38 33
17 39 34
14 42 33
15 43 37
12 39 39
13 36 38
14 37 35
13 40 34
14 41 37
12 39 37
11 39 36
12 37 36
13 36 37
13 38 36
14 37 36
13 40 36
13 39 37
13 37 38
14 41 38
12 40 37
12 39 37
13 39 38
12 38 37
13 39 38
13 39 38
12 38 37
13 38 36
13 39 37
12 39 36
13 39 38
13 39 37
13 39 38
13 39 37
13 39 36
13 39 37
12 38 38
12 38 38
13 37 37
13 39 37
12 38 37
13 38 37
14 38 36
14 38 36
13 38 37
13 37 37
14 38 37
12 37 36
12 37 36
13 38 37
13 38 36
12 38 37
12 37 38
14 36 36
13 36 36
12 39 38
12 38 37
14 36 36
14 38 36
