23 49 42
24 48 40
22 49 41
22 49 42
22 49 40
22 49 40
22 49 40
21 47 40
20 48 41
21 47 41
22 49 40
21 49 41
21 48 40
22 49 40
24 50 41
25 51 40
25 50 40
26 50 40
23 52 39
23 54 40
21 47 38
25 52 34
20 51 31
19 50 31
9 48 28
11 47 30
6 51 33
14 45 29
16 37 31
17 38 31
17 39 31
19 38 31
19 39 31
18 41 32
19 39 35
18 39 36
17 41 39
15 42 38
12 42 37
10 42 36
14 41 34
13 39 33
13 40 32
12 38 32
12 39 32
12 41 33
11 40 35
11 40 33
13 41 34
15 40 35
14 41 35
13 40 36
13 39 35
13 40 35
12 40 35
13 39 35
13 39 35
13 40 35
12 40 36
13 41 36
13 40 35
13 40 35
14 40 35
13 40 35
14 39 35
14 41 36
14 40 34
11 41 35
12 39 36
12 40 35
12 41 35
14 40 33
13 39 35
13 40 35
12 39 36
