34 33 39
35 38 52
35 40 52
34 40 51
34 40 52
35 38 51
35 39 52
34 41 52
33 39 53
35 40 52
34 40 51
36 41 51
34 39 52
34 40 51
34 39 52
35 38 51
35 39 52
34 42 51
34 41 52
34 41 52
33 40 52
34 41 51
35 39 51
35 39 52
35 40 52
33 39 52
34 38 53
36 40 52
34 41 52
34 42 51
33 39 52
35 39 52
33 41 52
33 39 52
34 39 51
35 37 52
34 39 53
34 39 52
34 36 53
33 39 54
32 36 53
33 39 53
32 36 53
31 36 53
32 37 53
25 36 54
27 40 53
25 38 50
24 41 49
23 40 50
22 42 48
21 41 46
21 41 47
22 42 46
22 44 45
23 44 45
23 44 43
20 45 45
22 45 44
19 46 44
19 43 45
19 43 44
19 44 44
21 43 44
20 42 44
20 42 45
19 42 46
20 44 44
19 42 45
20 43 43
19 42 45
19 43 44
19 43 44
19 44 45
18 43 45
20 42 45
20 44 43
20 43 45
20 44 45
20 45 44
20 43 44
20 44 44
19 43 45
19 43 44
20 44 44
21 44 44
20 44 44
20 43 46
20 44 45
19 42 45
20 45 44
18 44 44
20 43 45
19 43 45
21 43 44
20 42 44
20 43 45
20 43 44
20 43 44
20 43 44
20 42 44
19 43 46
20 43 44
20 43 45
19 44 45
20 43 45
19 44 45
19 44 45
19 43 45
20 43 45
19 42 45
19 43 45
19 43 44
19 44 44
20 43 45
19 43 44
19 43 44
19 44 45
19 43 45
