37 31 53
37 32 52
35 30 52
35 31 53
36 31 52
37 31 52
36 31 52
37 30 51
37 30 52
36 31 52
35 30 52
35 31 53
37 30 52
37 31 53
37 31 52
38 31 51
35 32 52
36 29 52
36 31 52
37 31 53
36 30 54
35 32 53
38 32 54
36 33 54
32 32 52
35 33 53
32 31 52
31 33 55
29 33 52
25 35 54
26 33 52
23 32 55
23 33 48
20 34 50
21 31 46
19 33 48
22 34 47
20 33 48
20 32 47
20 34 48
20 32 47
20 34 47
20 35 47
18 34 48
20 33 47
20 35 47
19 35 48
19 35 49
20 36 48
19 36 48
19 34 48
18 34 48
17 32 46
17 33 46
16 29 48
17 30 47
19 28 45
17 26 47
18 28 46
17 27 47
17 27 46
18 27 45
18 27 46
21 27 46
18 28 49
19 27 49
19 30 47
20 30 49
19 32 50
21 32 49
23 34 49
21 33 50
21 33 50
22 35 49
22 35 50
22 34 49
22 34 50
22 34 50
21 36 50
22 36 51
22 35 50
22 35 51
21 35 49
21 35 51
22 34 49
21 34 49
23 33 49
23 33 47
