31 32 52
31 32 52
33 31 52
32 32 53
32 31 53
30 32 53
33 32 53
32 33 52
31 32 53
33 32 53
32 32 52
31 32 53
32 32 53
32 30 53
32 31 53
30 32 52
33 30 53
32 31 53
33 31 52
32 32 54
32 30 53
32 31 54
31 31 52
33 32 53
32 31 52
31 31 52
33 32 53
32 32 52
32 32 53
31 33 53
31 32 53
32 32 52
33 32 53
31 32 53
31 31 53
33 32 54
30 34 53
25 31 53
23 35 48
24 33 47
27 34 48
32 31 49
32 32 50
31 38 54
26 42 51
24 51 51
22 48 51
22 46 51
19 42 50
16 46 44
15 41 40
18 46 36
8 42 36
12 42 37
14 42 36
15 44 32
15 43 34
15 47 31
13 42 32
13 40 26
14 36 26
12 39 27
12 42 26
12 38 28
10 36 27
5 33 25
7 23 21
10 26 28
13 27 31
12 30 29
17 32 31
17 33 32
14 34 33
14 36 32
14 37 33
14 36 33
13 37 36
12 38 34
12 40 35
10 35 37
12 40 36
12 39 35
10 40 34
13 39 34
12 38 34
13 38 34
12 37 35
13 37 35
12 39 35
13 38 35
12 39 35
14 39 35
12 38 34
12 37 35
13 38 34
13 39 34
12 38 34
12 39 36
12 38 35
12 38 33
13 40 35
13 38 35
11 39 36
13 38 34
13 37 34
11 38 35
13 37 35
12 37 34
13 39 35
13 37 35
11 39 35
9 38 36
6 43 35
8 46 37
16 45 35
