30 38 52
30 37 53
30 37 52
30 37 53
31 38 52
30 38 53
30 37 51
30 37 53
29 35 53
32 39 52
32 41 49
31 40 53
29 33 55
29 38 52
29 37 49
28 33 49
28 33 50
23 43 54
25 44 54
27 45 51
23 42 49
21 47 42
18 53 38
18 56 41
16 52 32
17 45 35
13 48 37
9 42 32
6 34 30
12 29 36
14 32 31
14 30 34
17 34 34
17 36 35
17 37 34
16 37 36
12 37 35
10 38 36
12 37 35
12 34 35
15 37 34
9 41 35
11 35 33
14 37 35
12 38 35
11 38 33
11 37 32
14 39 33
14 39 35
12 38 34
7 22 45
12 32 41
10 37 33
12 35 33
13 36 34
14 37 34
12 36 35
12 35 36
12 37 35
12 36 34
13 37 34
13 37 35
13 37 35
11 36 35
11 35 34
12 37 35
12 36 33
12 36 34
11 36 32
13 36 34
14 36 32
12 38 32
11 36 35
11 38 34
13 36 34
11 38 33
12 38 36
13 38 35
14 37 33
11 37 33
12 37 33
12 35 33
12 38 33
13 37 33
12 36 33
13 37 33
11 37 32
12 37 32
13 36 33
11 38 32
11 39 33
12 37 34
12 36 33
11 36 33
12 36 33
12 38 33
12 37 33
11 36 33
