29 41 51
30 40 51
29 42 51
30 41 51
30 41 51
30 41 51
30 41 50
30 42 50
30 41 52
30 43 52
27 41 51
25 42 50
24 44 50
24 43 49
18 43 43
17 42 41
15 39 37
13 42 38
13 38 34
12 39 34
10 39 36
15 40 35
10 39 36
0 30 24
6 28 31
8 27 30
13 31 33
17 35 35
16 35 34
18 33 35
20 36 35
15 38 34
11 36 40
12 39 35
11 37 33
8 38 31
12 37 33
12 40 32
12 38 32
11 38 32
11 38 33
10 38 32
13 37 32
14 36 34
14 36 33
12 36 34
6 30 42
15 32 44
12 40 35
11 38 33
13 36 35
12 37 34
13 36 34
12 38 34
12 37 35
12 37 35
11 37 38
11 40 36
13 36 34
12 37 35
13 37 34
13 38 34
12 38 34
12 36 36
12 37 36
11 37 35
12 37 34
11 38 33
12 37 35
11 37 34
14 38 32
12 35 31
9 35 36
11 38 32
13 37 33
11 37 34
12 35 33
12 35 32
12 35 34
12 36 33
11 34 33
12 34 32
12 36 33
11 34 32
13 35 32
11 35 33
11 35 31
