33 31 53
55 33 30
32 31 54
33 31 54
32 31 53
33 30 53
31 32 53
33 31 53
32 32 53
32 31 52
31 31 52
32 31 50
32 30 53
33 30 54
33 30 54
33 29 53
35 30 54
35 30 53
35 31 52
34 32 53
34 31 53
35 29 51
33 29 52
36 33 51
32 33 53
32 33 52
31 29 55
32 30 52
30 29 52
31 32 51
32 26 52
30 27 47
35 36 46
29 26 56
24 36 53
26 38 51
25 38 50
24 39 50
21 39 49
19 40 49
19 42 48
18 41 46
16 40 46
13 39 42
11 41 45
13 39 42
15 40 40
17 40 38
19 39 40
16 41 38
14 40 38
12 40 38
14 38 38
15 37 38
16 37 38
16 37 38
17 35 40
16 35 40
17 36 41
14 35 41
13 37 41
14 38 41
14 38 41
16 39 39
14 38 39
15 39 40
14 38 39
14 38 40
15 38 40
15 37 40
14 38 40
14 39 40
14 39 39
14 39 40
14 38 39
14 38 40
14 41 39
14 39 40
14 38 40
14 39 38
13 40 40
14 39 38
14 37 38
13 38 38
14 40 39
14 37 39
14 38 38
14 39 40
15 39 39
13 40 39
13 40 39
13 39 39
13 38 39
14 38 40
15 39 39
14 38 39
14 37 39
13 38 38
15 37 38
13 38 39
14 38 40
14 39 40
14 38 40
14 38 39
15 38 39
15 39 39
14 39 38
13 38 39
14 39 38
14 39 39
14 36 39
14 37 39
14 39 40
14 40 38
13 39 40
15 39 40
14 39 39
15 37 39
14 36 40
14 38 40
14 39 39
15 39 40
15 39 39
14 38 39
12 39 39
14 38 39
13 37 39
14 37 40
15 38 39
12 39 40
13 38 40
14 38 39
14 38 39
13 39 39
13 38 40
13 38 39
14 39 39
15 37 39
15 39 39
14 37 39
14 38 38
14 40 40
13 38 38
14 38 40
