30 38 52
30 38 52
30 37 52
29 38 52
29 38 52
30 39 52
31 37 52
29 38 53
31 37 52
31 38 52
31 38 52
31 39 53
31 37 52
31 37 52
30 38 52
31 38 52
30 38 53
31 39 52
30 37 52
30 39 52
30 39 52
29 38 53
30 38 52
30 38 53
29 38 53
31 37 53
30 37 52
30 38 53
31 38 53
31 38 52
30 37 52
31 38 53
30 39 53
30 39 52
29 37 53
31 39 52
31 39 52
32 37 52
30 39 52
29 37 53
31 36 53
31 37 53
31 38 52
30 38 52
31 37 53
31 37 53
30 38 52
31 37 53
29 37 52
29 35 52
29 34 52
28 37 53
27 35 52
26 35 52
24 34 49
23 36 50
24 35 51
24 34 50
23 36 51
23 37 52
17 35 51
24 35 48
22 36 47
22 38 48
20 34 52
20 36 50
22 38 49
21 36 49
21 36 49
21 38 49
21 36 49
22 37 49
20 36 49
22 36 49
21 36 49
21 36 49
21 36 48
22 35 48
21 37 50
21 36 49
20 36 48
21 35 48
21 36 49
21 35 48
21 36 49
20 35 50
22 38 50
21 37 48
20 37 50
21 37 49
22 38 49
21 36 49
20 36 49
22 36 49
22 36 48
21 36 48
21 36 50
21 37 49
21 36 50
21 37 49
20 35 49
21 35 49
21 35 49
21 36 49
22 36 49
20 37 49
21 35 48
20 35 49
21 36 48
21 37 48
21 36 50
20 37 48
21 36 50
21 36 50
22 36 48
22 35 49
21 37 49
20 37 49
21 35 48
21 37 48
21 36 49
21 36 49
20 36 48
20 36 50
20 36 49
21 36 49
20 35 49
21 36 49
21 34 50
21 34 49
20 35 49
21 36 48
21 36 49
22 35 49
20 35 49
21 35 48
21 36 48
21 35 49
22 36 49
21 35 49
22 36 49
20 36 49
20 36 48
21 35 48
21 36 48
20 37 49
20 35 49
20 35 47
21 36 49
21 34 48
20 36 49
21 37 49
22 36 49
21 36 49
21 36 49
21 36 49
21 36 49
20 37 48
21 35 49
