32 36 52
33 36 53
33 36 53
32 35 52
32 35 52
31 36 52
32 34 53
32 38 53
31 37 52
34 36 53
32 38 53
31 36 52
28 41 50
29 44 50
28 38 52
29 38 50
26 38 50
26 37 50
25 38 50
23 43 50
19 36 49
24 43 48
19 38 47
19 39 47
20 40 46
17 39 44
16 38 45
17 39 43
15 37 43
14 37 43
13 38 40
12 35 40
11 35 39
11 36 40
14 31 31
11 38 40
13 33 37
10 30 34
12 31 34
12 34 34
12 29 30
13 25 29
13 24 28
13 22 28
14 25 28
12 26 29
13 26 33
11 29 33
12 31 31
12 33 30
11 31 34
10 32 35
8 29 36
10 32 35
10 34 35
13 34 31
12 34 34
13 37 35
12 35 34
12 35 34
10 35 36
12 34 34
10 32 34
11 34 34
13 33 34
11 35 35
10 35 34
11 36 34
12 34 35
12 34 35
11 33 34
12 34 34
12 33 35
12 34 35
13 34 35
12 35 35
12 35 35
11 34 35
11 34 35
11 34 36
12 34 34
11 33 35
12 35 35
12 34 36
