27 41 50
27 39 50
26 42 51
26 39 51
26 39 51
27 39 51
27 39 51
26 36 50
27 40 51
26 39 51
27 38 51
27 40 51
27 39 52
26 41 51
27 39 51
27 39 52
26 39 51
28 38 51
26 39 52
28 38 51
26 40 52
26 39 51
27 39 51
27 39 50
27 39 51
27 39 51
26 39 51
27 39 51
26 39 51
25 38 51
27 41 51
26 40 51
26 39 51
27 39 51
26 38 51
26 39 50
27 38 51
27 40 50
26 38 51
27 39 51
27 39 51
28 39 51
26 40 52
26 39 52
27 40 51
27 39 51
25 38 51
27 39 50
28 39 51
27 39 50
27 40 51
26 39 50
27 39 51
26 40 51
25 39 51
25 38 52
24 38 50
21 39 50
19 37 47
17 35 48
17 34 47
18 31 46
20 30 46
24 33 48
25 34 52
24 33 52
18 32 49
16 33 44
11 34 41
16 31 40
14 38 38
9 36 33
12 35 34
10 40 33
13 35 31
12 34 35
11 36 35
14 33 30
10 39 34
10 38 36
7 30 30
5 34 27
4 26 25
7 28 22
9 32 26
13 28 26
20 34 29
21 33 30
13 35 30
13 37 32
18 36 34
17 38 35
14 36 34
9 36 37
12 35 37
11 35 35
12 38 33
13 39 32
13 39 32
13 40 32
13 39 32
13 38 31
13 38 32
12 39 32
13 39 31
12 38 30
14 39 30
12 38 30
12 40 31
14 41 32
13 38 33
12 37 34
12 38 33
12 37 34
13 38 33
14 39 34
12 40 34
12 41 35
12 42 35
13 41 34
13 40 35
13 38 32
12 37 32
13 38 32
12 38 32
12 38 33
12 40 32
13 39 32
13 38 32
13 40 32
12 39 32
13 38 31
13 38 31
12 39 31
13 40 32
13 40 32
12 41 33
11 40 33
13 40 32
12 40 32
12 38 33
13 38 32
14 38 32
13 40 32
12 40 33
12 40 33
12 39 34
13 37 34
13 39 34
12 39 34
12 39 33
13 38 33
13 38 33
13 38 33
13 39 32
11 38 33
12 40 35
12 39 35
12 39 35
13 38 34
14 39 34
13 39 35
12 38 34
11 38 35
11 39 35
13 38 35
13 39 35
12 37 35
11 37 34
13 38 35
13 37 34
12 37 34
13 37 34
13 39 34
13 38 35
13 38 34
13 39 35
10 38 35
13 39 34
11 38 34
12 39 34
13 39 34
13 39 34
13 39 34
13 39 35
12 38 34
12 39 35
12 39 35
13 39 34
13 39 35
14 39 35
13 37 34
13 39 35
12 38 35
12 40 34
12 38 34
13 39 35
12 39 34
14 38 34
13 39 35
12 40 33
12 38 34
12 38 35
