32 28 54
34 28 53
34 28 52
34 29 53
34 26 51
34 28 53
34 31 50
36 30 51
36 28 54
34 28 53
35 30 51
36 30 53
35 29 53
37 31 53
36 30 55
34 31 55
34 31 55
33 30 53
30 32 51
30 31 51
33 30 49
30 29 50
32 30 51
32 33 53
27 35 56
27 33 57
24 32 53
24 36 52
23 37 54
25 33 58
24 34 58
26 35 56
26 38 56
24 39 53
25 38 53
26 35 49
29 34 49
28 35 49
28 36 50
29 33 48
31 33 48
32 34 49
30 36 53
28 36 53
25 38 55
25 37 50
30 37 50
27 36 51
30 38 50
29 37 53
29 38 54
26 36 55
28 33 53
27 33 52
26 34 51
27 35 52
28 32 51
27 33 50
27 33 52
27 34 52
25 36 53
25 37 53
26 36 51
26 36 50
25 37 51
26 35 49
26 34 54
25 38 53
27 35 52
27 35 53
25 38 52
25 38 52
28 37 52
28 38 50
28 37 52
26 37 53
27 35 52
27 35 52
27 36 51
26 34 53
26 35 52
27 35 53
27 36 52
26 35 51
28 36 52
27 35 52
27 38 51
27 37 52
28 37 52
27 36 52
27 36 53
29 36 53
28 38 52
29 37 52
27 36 52
27 37 52
28 36 52
28 36 51
28 37 52
27 36 53
26 36 52
27 36 51
27 38 53
27 37 52
27 35 53
27 37 52
28 37 52
28 37 52
27 37 52
27 36 52
28 37 52
28 37 51
27 36 51
28 36 52
28 37 52
28 36 53
29 37 52
28 37 52
29 37 51
27 37 52
28 35 53
27 37 52
28 37 52
29 37 52
28 37 52
28 35 52
27 37 52
27 36 51
26 38 51
27 37 50
27 37 52
27 37 51
28 37 51
27 36 52
28 37 52
28 37 52
27 38 52
28 37 52
28 35 52
27 37 52
26 38 51
26 36 51
27 38 52
27 37 52
27 39 51
26 38 51
27 37 51
26 37 52
26 36 51
26 37 51
27 37 51
28 36 52
26 36 52
27 37 51
26 37 51
25 37 52
27 37 50
24 38 52
26 37 51
27 37 52
26 37 51
27 36 51
27 37 50
26 38 51
26 38 50
25 36 52
26 36 51
26 37 50
26 37 52
27 37 52
26 36 51
25 36 51
26 37 52
25 37 51
26 37 51
