31 34 53
31 34 52
28 33 53
30 34 53
30 33 53
31 34 53
31 34 53
31 33 53
30 33 52
31 33 53
31 33 52
30 33 53
29 33 53
29 37 53
29 34 53
28 38 52
26 36 51
22 37 50
21 37 49
22 36 48
19 35 46
18 37 46
18 36 45
16 37 46
16 37 44
14 38 42
14 39 40
13 39 38
12 39 36
13 39 34
12 38 32
12 40 33
12 39 32
12 38 32
12 37 31
12 39 30
12 38 31
11 38 31
13 38 30
13 36 26
11 34 29
12 34 26
11 37 28
10 36 26
10 30 27
13 31 30
10 28 25
10 17 23
9 18 24
12 22 24
12 28 27
12 28 27
12 28 27
15 30 28
13 33 26
12 31 28
13 32 29
13 33 28
14 28 32
14 33 33
13 38 32
13 37 33
12 38 33
12 37 33
11 37 34
13 39 34
11 37 33
13 37 34
12 36 35
12 36 34
12 39 34
13 39 34
12 38 34
13 38 35
12 38 35
12 38 34
11 37 35
13 37 35
12 37 34
12 37 36
12 40 35
13 38 34
13 38 34
12 39 34
