26 44 47
26 46 48
26 43 47
25 45 47
25 45 47
25 46 48
26 45 48
26 46 47
25 48 46
24 50 46
22 46 47
27 43 51
20 41 50
18 38 55
25 37 53
30 39 54
30 33 49
30 36 51
27 29 48
26 29 44
22 28 48
16 29 49
22 32 50
18 33 49
29 31 47
21 36 50
20 32 55
22 40 48
15 38 44
12 42 37
14 50 37
13 43 38
12 43 36
11 45 36
7 39 33
2 38 29
7 30 30
16 32 31
18 33 33
22 34 34
19 36 35
15 36 33
15 35 33
14 36 34
14 37 37
15 37 37
13 36 36
11 36 36
11 38 35
12 38 36
11 39 36
10 39 35
13 37 35
11 39 33
6 36 32
13 38 32
13 36 31
11 37 31
14 39 33
15 40 34
14 38 35
14 36 34
10 38 33
10 38 34
10 37 33
12 38 33
11 38 34
12 38 33
11 37 33
10 37 33
13 37 33
12 37 33
13 38 33
13 37 33
13 38 33
13 38 32
13 38 33
11 38 34
11 37 34
12 37 33
12 37 34
13 37 33
13 38 33
12 37 34
