29 36 52
31 36 52
30 36 52
31 37 52
30 37 52
32 35 52
29 36 52
29 36 53
31 35 53
31 37 52
31 37 52
31 38 52
31 36 52
31 39 52
31 38 52
31 35 53
33 37 53
31 38 55
25 40 50
23 38 48
19 38 44
17 37 43
15 40 40
14 42 37
12 40 34
12 39 34
14 40 28
13 44 28
11 39 34
10 39 37
8 39 37
2 39 38
3 21 19
12 23 25
14 26 33
15 29 33
18 31 33
17 33 34
15 36 34
14 36 34
14 36 34
11 34 40
12 33 41
13 37 36
14 36 35
12 35 36
11 33 37
11 35 35
14 35 34
12 37 32
10 36 32
12 38 33
12 37 33
11 37 32
10 38 32
11 38 33
13 38 33
12 36 32
10 39 34
13 23 48
16 38 41
13 40 34
9 34 35
13 37 34
12 37 32
12 36 34
12 36 32
11 34 32
11 40 33
13 35 34
11 38 32
13 36 33
11 36 33
14 37 36
13 36 33
10 33 32
11 34 35
11 36 32
12 38 32
13 34 31
10 34 33
11 35 33
13 35 31
11 35 33
11 34 34
12 35 32
13 36 32
12 35 33
12 34 34
11 35 33
