31 37 52
31 37 53
31 39 52
30 37 52
31 37 52
30 39 52
31 38 53
31 39 52
30 37 53
30 40 51
28 37 54
25 34 51
26 33 51
25 36 51
26 35 52
26 35 51
25 35 52
25 35 51
23 38 50
18 37 50
20 42 50
17 38 43
14 40 37
12 40 37
12 39 34
13 36 33
11 41 31
12 40 29
12 40 30
11 38 31
5 38 38
3 36 22
7 27 26
11 28 29
16 29 31
17 32 33
18 29 33
14 33 33
13 34 35
12 33 38
15 31 37
10 33 36
12 36 35
12 37 34
10 38 33
11 38 34
11 37 33
11 37 33
11 36 33
9 37 32
14 38 34
15 38 34
14 36 34
9 27 39
13 32 40
10 37 36
10 38 33
13 36 38
12 37 37
11 38 35
12 37 34
11 36 33
14 36 33
12 36 36
12 35 36
10 36 35
12 36 35
13 36 35
13 36 36
12 36 36
11 36 35
12 37 35
13 35 36
12 35 36
13 35 35
11 34 35
11 36 36
12 37 35
13 35 36
11 39 35
11 36 37
12 37 34
13 36 36
12 37 36
11 37 35
12 35 35
12 36 34
13 37 35
11 36 34
10 36 33
12 36 33
12 35 33
12 35 34
11 37 33
12 35 33
11 36 34
11 36 33
12 35 33
13 36 34
12 36 34
12 36 34
11 36 34
