37 33 32
34 43 49
35 43 50
33 43 50
34 42 51
35 41 51
34 43 51
34 44 49
34 45 49
34 43 50
33 43 50
35 44 50
33 42 51
33 43 50
34 43 51
33 45 50
34 43 49
34 45 49
34 43 49
33 44 48
33 43 50
34 45 50
34 44 49
34 43 50
35 44 50
34 44 48
35 44 50
33 44 50
34 43 50
34 44 50
34 44 50
34 45 49
34 45 50
34 43 50
34 44 50
34 43 49
33 44 50
33 43 50
34 44 50
33 45 50
33 44 50
34 44 49
33 43 51
32 41 51
29 44 50
29 42 51
30 40 50
29 42 50
28 46 48
25 46 45
28 43 49
26 44 45
25 44 47
22 40 49
21 37 48
18 45 45
18 38 40
12 43 42
15 41 41
17 41 38
12 41 35
9 38 32
10 40 32
13 40 28
16 37 30
11 38 30
7 40 29
4 33 30
8 30 24
5 30 24
8 29 26
12 32 29
14 35 31
17 36 31
19 38 32
18 38 33
18 39 30
17 41 30
14 40 31
15 40 32
15 40 32
12 40 31
12 40 32
15 41 36
15 39 34
9 35 40
13 40 36
14 39 34
12 40 33
13 40 35
11 39 36
13 41 34
14 39 34
12 40 33
13 39 34
13 39 34
12 40 36
14 42 33
14 38 34
14 38 33
12 39 34
13 39 34
13 40 35
13 40 35
13 39 34
14 40 34
14 39 34
13 40 34
14 39 34
12 39 33
14 39 34
13 40 35
12 41 34
14 40 34
12 40 34
14 38 34
13 39 34
12 39 34
12 39 33
13 40 34
13 40 34
14 39 34
12 38 34
12 40 34
13 40 34
13 40 34
13 39 35
13 39 32
13 39 34
12 40 35
12 38 33
12 39 35
14 40 34
12 40 34
12 40 34
12 38 34
12 37 34
12 39 34
13 39 33
14 39 33
12 36 34
12 37 32
13 37 32
12 36 33
12 37 32
12 37 33
13 36 32
12 35 32
12 36 32
12 37 32
11 36 33
12 36 32
12 36 32
11 35 32
12 35 32
12 37 32
14 35 31
12 37 32
12 37 33
11 35 33
12 35 33
13 36 32
12 35 33
12 35 33
11 35 33
13 37 32
11 36 33
12 35 32
11 36 32
12 36 33
12 35 32
12 36 32
14 35 32
13 35 32
