28 37 52
30 38 52
31 34 53
29 37 53
30 37 53
31 36 52
30 36 52
29 35 52
30 35 53
31 36 52
28 33 53
29 36 52
29 36 52
30 34 52
30 36 52
30 33 52
30 34 53
29 35 53
30 35 52
30 33 52
29 36 53
29 36 52
30 37 52
29 36 51
30 33 52
30 36 51
28 35 52
29 36 52
29 34 52
28 35 52
29 35 52
30 34 52
29 34 52
30 35 52
30 36 54
29 34 52
29 34 52
28 36 52
30 34 52
28 35 53
29 34 53
29 36 53
29 34 52
29 34 52
29 34 52
29 34 52
29 35 53
29 34 52
29 34 52
29 36 53
29 35 53
29 36 52
29 34 53
30 34 52
29 33 52
29 33 53
29 35 53
30 34 52
30 34 52
28 34 53
30 34 52
30 34 52
29 34 53
29 34 53
30 34 52
29 34 53
30 35 53
28 34 52
30 36 53
28 34 53
28 34 53
30 34 54
30 34 53
30 35 52
30 34 52
28 35 52
25 33 51
24 33 51
27 32 51
26 33 51
24 32 51
23 31 51
20 32 49
22 32 46
15 32 45
19 36 47
18 33 45
17 36 44
17 36 46
17 38 44
16 38 42
13 37 41
14 40 39
13 40 36
12 40 36
13 39 34
11 38 33
12 39 34
13 38 32
11 37 32
13 39 28
12 34 27
13 38 26
13 35 26
12 38 25
13 36 25
14 35 26
12 37 28
12 34 24
15 33 20
13 35 20
13 33 23
11 32 22
10 33 24
8 26 24
9 22 22
10 25 25
12 30 28
13 30 28
11 33 28
14 34 29
11 31 28
12 30 30
13 32 32
14 33 34
13 35 32
13 37 34
13 38 34
14 38 33
12 38 33
11 38 34
12 38 33
11 38 34
11 32 36
13 35 34
13 37 32
13 37 34
12 36 34
12 36 35
12 37 34
11 38 33
12 35 33
11 36 34
12 37 34
12 37 34
11 36 33
13 36 33
12 36 34
12 35 33
11 36 33
10 35 32
12 35 32
11 36 32
13 35 32
11 35 31
13 34 32
12 35 32
10 35 31
11 33 32
11 34 31
10 34 30
11 32 31
12 34 32
12 33 30
12 34 31
11 34 31
11 34 30
11 32 30
11 32 30
11 32 29
