32 32 54
32 33 53
32 33 53
31 32 53
31 33 53
30 33 52
31 32 52
32 33 54
31 32 53
32 32 52
31 32 53
32 34 52
31 33 53
32 33 53
33 33 53
30 33 53
31 33 53
31 33 53
31 33 52
31 33 53
31 33 53
30 32 53
31 32 53
31 33 53
32 32 54
31 33 53
32 32 53
30 32 53
30 33 53
30 32 53
31 34 54
29 31 54
31 33 53
31 33 53
31 33 53
31 32 53
31 33 53
32 33 53
32 33 53
31 33 53
30 33 53
31 33 54
31 33 53
32 33 53
31 31 53
30 33 54
31 33 53
30 34 52
30 35 53
30 36 53
29 36 53
32 36 51
31 35 55
28 36 56
25 35 54
22 32 52
22 30 50
21 29 50
22 30 48
21 30 48
22 30 48
21 31 46
19 32 46
20 30 47
20 29 46
19 30 47
17 30 49
19 28 49
20 30 47
19 28 47
19 29 48
18 29 48
19 31 49
19 32 48
18 32 47
18 32 47
19 31 47
17 31 48
18 30 48
18 28 49
17 30 47
18 29 48
18 30 47
18 30 46
18 27 46
18 28 47
18 28 48
18 29 49
19 29 47
20 30 47
17 32 47
18 29 46
18 30 47
20 30 47
19 29 47
17 30 47
20 29 46
18 29 47
18 29 49
