31 36 52
31 35 53
32 35 53
32 35 51
32 35 52
32 36 52
31 35 52
32 35 53
33 35 53
32 34 53
30 35 53
32 36 53
33 36 53
32 35 53
32 35 53
32 35 53
32 35 53
32 35 53
32 36 53
32 35 52
33 34 54
34 34 54
31 43 55
34 33 51
33 34 55
27 35 55
28 34 53
27 35 49
24 37 50
22 36 48
20 37 50
21 32 50
21 38 47
18 42 38
17 43 37
13 40 36
13 45 33
16 44 29
15 37 25
10 38 18
16 36 20
15 37 15
13 34 23
13 38 22
4 39 22
1 29 23
16 11 20
14 18 26
14 24 32
17 22 28
15 35 28
17 30 27
17 30 29
15 29 31
13 28 32
14 28 33
13 25 31
11 26 33
13 25 32
13 25 30
14 25 29
11 28 30
13 29 32
9 27 31
10 29 30
12 28 32
12 32 32
13 32 30
10 34 33
9 35 33
11 35 31
11 33 32
12 34 33
11 33 33
13 34 34
11 32 32
11 32 33
11 32 35
12 33 34
11 32 33
13 30 32
12 30 34
11 29 35
12 30 34
11 28 35
12 30 33
12 29 32
13 29 32
12 29 32
12 27 32
12 27 33
12 26 32
12 27 32
12 28 33
12 27 32
11 28 33
11 27 31
13 26 31
12 26 31
12 26 32
12 27 31
13 26 30
12 27 31
13 28 32
11 27 31
12 28 32
11 28 31
12 27 31
12 27 32
