33 40 52
32 38 52
33 37 51
33 40 52
34 40 51
34 38 52
33 39 51
33 39 51
34 39 52
34 39 52
33 41 52
33 40 52
33 39 52
34 39 52
33 40 53
33 38 52
34 39 52
34 40 52
34 40 52
34 40 52
34 39 53
35 41 51
33 39 52
33 40 52
33 40 52
34 39 52
33 39 52
33 39 52
34 39 52
33 40 52
33 40 51
33 40 52
33 40 51
33 39 52
32 40 52
33 39 52
34 39 53
33 39 52
34 39 53
34 39 54
34 39 53
34 35 54
33 37 53
35 37 52
35 39 53
35 38 52
35 39 50
33 40 51
33 39 52
33 41 48
31 39 46
27 39 45
26 39 45
22 42 46
22 40 47
21 41 48
14 38 46
11 38 45
10 37 42
9 35 42
9 36 45
9 34 44
7 37 43
9 34 42
11 36 43
11 37 41
8 36 43
9 37 41
14 38 40
19 38 37
26 37 38
29 36 41
26 35 41
18 40 43
20 37 44
15 40 41
9 40 40
9 35 39
13 35 37
17 35 37
14 38 35
12 39 35
9 37 39
11 34 44
15 36 37
14 37 35
11 37 35
11 38 36
12 39 36
15 39 35
15 39 35
12 39 36
12 39 35
13 39 35
14 42 35
15 40 35
14 39 34
14 40 34
13 41 34
12 42 34
15 40 34
14 39 32
14 42 34
11 41 34
13 40 34
14 38 34
13 38 34
12 38 35
13 39 35
11 40 35
14 41 33
12 40 35
14 39 35
14 42 33
14 41 34
14 41 33
13 39 35
15 40 34
14 41 34
14 41 34
13 40 34
12 41 33
12 42 34
14 41 33
14 40 33
12 39 34
13 39 34
13 39 33
12 39 34
13 39 35
14 39 34
13 40 33
12 40 34
13 40 33
13 40 34
13 41 34
14 40 34
13 39 33
14 39 34
13 40 33
13 41 35
13 41 34
13 40 35
12 39 35
13 39 34
13 41 33
13 41 34
14 42 34
14 40 34
14 39 34
14 40 34
13 40 34
14 42 34
13 41 34
13 40 33
13 40 34
13 41 33
13 40 34
14 40 34
13 41 33
13 40 34
12 39 33
13 40 34
13 41 33
13 39 33
12 40 33
13 40 34
13 40 34
12 40 34
13 40 33
12 39 34
