28 33 53
27 32 52
29 32 53
28 32 52
28 33 53
29 33 53
29 33 53
27 32 52
28 32 53
29 32 53
28 32 53
28 32 52
29 33 52
28 33 53
29 31 53
29 33 53
28 31 53
29 33 52
28 33 52
28 32 52
29 32 52
29 32 53
29 32 52
28 32 52
29 33 52
29 31 52
27 31 52
28 33 52
27 32 53
29 32 53
28 33 53
28 32 53
28 32 53
28 32 54
28 32 53
28 32 53
28 32 52
28 31 53
28 32 53
29 31 52
28 32 53
28 33 52
28 32 53
28 32 53
28 33 52
28 33 52
29 32 53
29 32 52
28 33 53
28 32 53
28 32 53
29 33 51
27 32 53
29 33 53
29 32 52
29 33 52
28 32 52
29 32 52
28 32 51
28 33 53
29 32 53
28 33 52
29 33 52
29 30 54
28 31 54
28 33 54
25 33 53
25 31 52
26 35 49
26 34 49
25 34 50
27 35 54
26 27 52
24 32 50
22 33 53
22 32 52
21 33 47
18 34 44
12 34 42
14 33 45
13 33 47
15 37 42
12 35 38
15 35 42
13 37 34
12 42 35
14 36 36
12 36 29
11 27 29
11 36 40
10 39 31
5 28 25
2 30 21
9 30 26
8 24 21
9 35 22
13 31 21
16 32 26
16 31 27
18 33 27
19 32 30
17 34 28
15 34 27
15 34 29
14 35 29
12 35 31
11 37 32
13 36 33
15 35 35
12 37 36
13 35 36
13 39 34
11 39 33
11 40 34
12 39 33
14 39 33
13 39 32
11 40 31
11 39 31
12 39 32
13 40 31
11 40 32
13 40 32
14 40 33
12 38 33
12 38 32
12 38 33
11 38 33
13 38 33
12 37 33
13 39 34
14 38 33
12 39 33
12 39 33
12 40 34
14 39 34
12 39 34
13 38 33
13 39 34
13 39 33
12 37 33
13 38 34
12 38 34
12 37 34
12 39 34
12 38 34
13 38 34
13 40 33
13 38 33
12 39 34
12 38 33
12 38 33
12 37 35
13 37 33
12 37 33
12 38 34
14 38 34
12 38 33
13 38 34
13 38 33
12 39 34
12 39 34
12 37 34
13 38 34
12 39 34
11 39 34
12 38 34
11 38 34
13 38 34
12 38 34
12 38 34
13 38 34
13 39 33
12 39 34
12 38 34
12 38 33
12 39 34
12 38 35
13 39 34
13 38 34
14 38 34
12 39 34
12 39 34
12 40 34
12 40 34
13 39 34
12 39 34
12 38 34
13 39 35
12 38 34
13 38 34
13 40 35
12 38 33
12 38 35
12 39 35
14 39 34
