30 36 53
30 38 52
30 37 52
32 37 52
32 37 53
32 37 52
32 37 52
30 37 52
31 37 52
31 36 52
31 36 52
30 37 53
32 37 52
31 37 52
32 38 51
30 37 53
30 36 52
29 31 53
30 31 51
31 36 50
28 41 46
26 44 41
25 48 43
23 51 46
27 40 50
26 52 60
26 32 58
22 38 48
19 36 50
26 37 47
19 37 45
14 41 48
18 40 40
18 39 40
15 41 40
12 39 39
11 44 34
10 39 32
13 40 31
10 37 33
11 38 25
11 36 28
9 30 28
8 28 22
10 33 29
9 29 29
12 33 28
12 26 21
9 34 23
11 35 30
14 33 32
17 36 30
17 36 30
17 37 30
18 37 30
14 38 30
14 39 32
11 38 34
9 27 39
14 31 36
12 37 33
12 37 34
12 36 34
12 36 34
10 35 34
11 36 34
12 37 33
12 34 33
11 38 35
11 38 34
12 38 34
11 34 35
10 38 31
13 36 31
11 37 33
11 40 33
13 38 34
13 37 32
12 37 32
12 37 33
13 37 32
12 36 33
12 38 34
11 37 33
11 38 32
13 38 33
11 38 33
12 37 32
12 38 33
12 37 32
