29 45 49
30 45 49
29 43 48
31 46 50
29 46 48
30 44 49
29 44 48
28 44 49
28 46 49
27 43 49
28 46 49
28 45 50
25 43 50
24 42 49
26 43 49
25 43 49
25 40 49
24 42 49
25 39 49
21 38 48
21 34 48
20 35 49
18 31 47
20 34 47
14 37 46
17 27 46
18 32 46
16 32 44
15 32 42
14 32 42
13 35 41
11 36 38
14 39 36
14 36 36
11 40 37
15 41 34
14 40 30
12 40 34
13 46 28
16 42 28
16 42 27
14 39 25
11 40 27
11 44 24
5 37 24
7 34 21
9 34 20
13 34 24
12 36 25
14 39 27
15 38 30
18 34 31
17 37 33
17 40 33
17 40 33
16 40 32
12 39 34
11 40 33
12 39 34
14 39 36
15 38 36
12 39 37
12 39 36
13 38 34
13 39 36
14 39 36
12 38 37
14 39 37
12 37 37
13 37 37
14 39 35
13 39 35
13 40 35
13 39 35
13 38 35
13 39 36
13 40 35
13 39 36
14 39 35
13 39 35
12 38 35
12 39 36
13 39 34
12 38 35
