33 44 48
35 45 49
35 46 49
34 45 48
33 44 49
34 46 49
34 45 48
33 46 49
35 45 48
34 46 49
34 45 48
33 45 49
34 46 49
33 45 49
34 45 48
33 45 49
33 46 48
34 45 48
34 45 49
34 44 49
33 45 48
34 46 47
35 45 48
34 44 49
35 44 50
34 46 48
34 44 49
34 44 49
36 45 48
35 45 48
32 45 49
33 46 48
33 46 48
35 46 47
33 45 48
34 47 47
33 44 48
35 47 48
35 50 49
31 45 47
33 45 49
31 48 47
29 46 49
23 50 45
22 43 45
24 43 45
22 46 47
20 42 43
19 45 45
18 42 43
17 41 42
16 40 42
16 41 42
17 42 41
15 39 40
14 40 40
16 40 40
17 39 41
16 40 42
15 41 41
14 41 40
15 40 43
17 39 39
13 40 38
14 42 39
16 40 37
14 41 38
14 41 39
15 41 40
15 41 41
14 40 39
15 40 40
15 41 39
14 42 40
16 41 41
15 41 39
15 41 39
14 41 40
15 41 40
15 41 40
14 41 40
15 42 39
14 42 39
15 41 39
15 40 39
15 41 40
15 42 40
15 40 40
13 40 39
14 41 39
14 40 39
14 41 38
15 42 39
15 40 40
15 41 41
15 41 39
14 41 39
15 41 39
15 42 40
14 41 40
15 41 39
14 41 39
15 41 41
15 41 40
15 41 39
15 42 39
14 41 40
15 39 40
14 41 39
16 41 39
15 41 39
14 42 39
14 42 40
15 42 39
14 41 39
14 41 40
15 41 40
15 40 40
14 42 40
