32 32 53
31 33 53
31 32 53
31 32 53
33 33 52
33 33 52
31 33 53
31 33 53
27 32 51
25 32 52
26 32 51
26 33 53
28 37 54
31 35 52
27 33 52
28 33 51
30 34 53
29 34 53
30 35 53
29 34 53
27 35 52
23 37 55
24 30 51
25 32 50
24 33 49
20 29 49
18 32 49
18 27 47
15 33 51
19 31 53
18 33 52
21 34 50
22 36 52
21 36 44
22 35 43
19 37 46
16 40 43
15 38 42
13 39 41
16 38 40
18 36 40
16 36 38
12 38 39
9 35 34
12 35 35
13 36 36
13 36 35
12 36 36
13 37 36
14 37 36
13 37 35
11 36 35
11 36 36
12 37 35
12 36 37
11 36 36
12 36 38
12 36 38
12 35 37
11 35 38
13 35 39
11 37 38
13 36 37
14 38 37
11 35 38
12 38 36
13 35 36
15 37 36
13 35 36
13 37 37
12 37 37
