32 44 50
32 43 50
32 43 51
33 42 51
32 43 50
32 44 51
33 43 51
34 44 50
33 44 50
33 43 50
33 42 50
33 43 50
32 41 48
26 53 51
26 35 55
22 34 55
26 36 54
29 39 52
31 30 52
33 33 57
30 28 48
26 30 45
20 31 51
18 29 48
22 30 51
21 33 48
22 33 51
20 36 50
19 37 48
20 38 46
19 48 48
15 35 40
17 52 36
19 48 36
15 51 34
15 46 39
12 42 41
7 46 42
8 41 39
6 28 39
5 32 32
13 32 36
16 36 36
18 36 35
18 39 33
19 38 35
17 39 34
14 39 35
12 38 35
11 36 35
12 36 35
12 39 35
11 38 34
15 40 34
14 40 37
12 41 37
10 37 35
13 35 34
11 36 35
12 38 36
13 36 37
12 38 35
12 38 34
13 37 35
12 38 35
13 38 35
12 38 35
13 37 35
12 37 36
12 37 36
12 38 37
13 37 35
13 38 35
