26 48 42
28 49 41
27 49 42
25 51 40
25 54 36
24 54 36
22 55 32
21 49 30
20 51 27
21 51 27
18 51 26
17 51 28
16 48 29
17 48 32
17 48 31
15 45 31
15 46 32
16 46 30
17 44 32
17 43 32
17 44 32
16 43 32
17 43 33
18 43 36
18 44 36
18 43 37
17 44 37
18 45 38
17 46 38
16 47 37
15 46 38
16 45 39
16 42 38
16 41 39
16 44 39
16 44 40
18 43 39
18 42 39
18 44 39
16 43 38
15 46 37
16 46 40
15 44 39
16 44 39
17 43 39
18 43 39
17 45 39
17 45 39
17 45 38
17 44 38
17 45 40
17 45 40
17 44 40
16 44 39
17 45 41
17 46 40
18 45 39
17 44 39
18 44 39
16 44 40
16 43 40
16 43 40
16 43 42
16 42 40
16 43 42
17 43 41
15 43 41
16 43 41
18 44 40
17 42 40
16 44 40
17 44 40
16 43 41
16 41 40
