32 38 52
31 38 51
31 37 53
32 38 53
31 37 52
30 39 52
32 38 52
32 37 51
32 38 51
31 39 52
31 38 51
32 39 52
32 38 51
32 39 51
32 38 52
32 38 52
31 39 52
33 39 51
31 38 52
32 38 51
31 38 52
32 39 52
32 38 52
31 38 52
33 38 52
33 38 52
34 36 53
33 34 53
35 34 53
35 37 53
35 35 53
35 34 52
34 37 52
34 37 53
32 36 53
31 35 52
28 36 50
27 33 51
28 34 48
25 42 56
27 41 53
28 37 49
23 42 51
27 49 48
24 44 47
19 46 44
21 47 43
19 48 43
19 42 42
8 46 37
2 44 35
7 42 33
11 40 35
14 42 33
18 38 33
20 38 33
20 37 34
18 41 34
17 44 35
16 43 34
15 42 34
14 42 34
14 43 35
15 41 37
14 41 34
12 41 34
12 38 36
10 37 38
14 41 38
15 39 36
13 41 38
13 42 36
13 40 36
15 39 35
13 40 36
13 42 37
14 41 37
12 40 36
13 41 37
14 41 36
13 41 36
13 40 35
12 41 35
14 41 36
14 41 36
14 41 35
14 41 36
12 41 35
14 41 36
13 42 34
13 42 35
13 42 36
13 40 34
12 39 35
12 39 37
12 39 36
