29 45 53
32 38 51
30 40 51
31 39 52
32 40 51
32 40 52
31 40 52
31 40 51
31 39 52
32 39 52
31 39 50
31 37 50
30 40 51
32 40 52
32 40 52
31 39 51
31 40 51
32 40 51
31 40 51
31 40 52
32 40 52
32 42 52
31 40 51
31 39 50
31 41 52
32 40 52
32 39 52
31 40 52
31 41 52
32 40 51
32 41 52
32 39 51
31 40 51
31 41 52
31 40 52
31 39 52
30 39 51
29 39 51
30 39 52
32 40 52
32 40 52
33 41 52
33 39 53
32 39 52
33 39 52
30 38 52
30 37 53
29 36 51
29 37 52
26 38 53
28 38 52
30 37 54
32 37 53
34 36 53
33 36 52
31 36 50
26 38 49
21 40 48
20 37 49
18 35 47
17 31 47
17 32 49
13 34 50
14 35 48
15 38 48
15 39 49
15 36 49
17 39 47
16 40 46
13 40 43
15 37 41
15 40 41
15 37 38
16 35 38
15 36 39
14 35 39
13 34 37
14 35 38
15 36 36
15 37 36
15 36 35
15 36 37
14 36 38
15 37 39
14 38 39
13 36 41
12 36 39
13 37 37
11 35 36
12 36 37
13 36 37
12 35 38
13 35 38
13 35 37
13 36 38
12 36 38
13 37 38
13 35 39
12 36 38
12 35 37
13 37 37
12 35 37
12 36 37
13 35 37
12 36 38
12 37 37
11 36 38
13 37 38
13 36 37
13 36 38
13 36 37
14 35 37
11 37 38
12 35 37
12 36 36
13 35 37
13 36 37
13 36 37
13 36 37
13 36 38
13 37 37
12 37 37
12 37 37
14 35 37
11 36 37
12 36 38
11 37 37
13 36 38
13 37 38
12 36 37
13 36 37
13 36 38
13 35 38
12 36 37
13 35 37
12 36 38
13 37 37
13 36 37
13 36 38
14 36 37
12 35 38
12 36 37
13 37 36
12 36 37
13 37 37
13 37 36
13 37 37
