25 43 48
26 44 48
24 44 47
24 44 47
24 44 48
25 44 48
24 45 48
25 44 47
24 44 48
24 45 47
24 44 47
24 44 48
25 43 48
23 44 48
26 43 48
24 43 48
23 44 46
23 45 46
24 45 47
24 44 47
24 44 47
25 43 48
25 45 47
26 43 46
24 44 48
25 44 48
25 44 48
23 44 48
25 44 48
24 44 47
24 44 46
25 45 47
21 41 51
13 46 55
26 42 47
34 47 47
30 36 46
31 35 47
31 50 57
31 41 50
28 42 52
24 43 56
19 44 50
22 44 48
20 45 44
11 46 39
14 39 40
11 42 39
13 44 36
13 40 36
1 39 32
13 33 32
17 31 37
21 35 35
20 38 34
18 38 32
15 37 31
14 37 34
13 38 34
11 37 33
11 37 33
12 37 34
11 36 33
10 37 34
12 37 35
12 37 34
12 36 34
13 36 33
13 36 34
12 36 34
12 36 34
12 36 34
11 36 34
11 37 33
12 36 33
11 36 35
12 37 34
12 36 35
11 36 36
11 37 35
13 36 34
12 37 34
13 36 35
11 36 35
12 37 34
11 37 34
13 37 34
12 36 34
12 36 34
13 36 34
12 36 35
12 37 35
12 37 35
12 36 35
12 36 34
12 37 34
12 38 35
11 36 35
12 37 34
12 36 34
12 38 35
11 37 34
12 37 34
12 37 35
12 37 34
14 36 34
12 36 35
12 37 35
13 37 34
12 36 34
12 36 35
13 36 34
13 36 35
12 36 34
13 37 35
11 37 35
13 36 34
12 36 34
13 37 34
12 37 35
12 35 35
12 35 34
13 37 35
12 37 34
12 36 34
12 37 35
13 37 34
14 36 35
11 36 34
12 36 35
