32 40 53
32 40 52
32 41 52
33 40 51
32 40 52
32 39 51
32 40 52
31 37 53
34 35 52
32 38 53
31 37 51
32 38 53
32 37 53
31 37 52
32 36 52
32 37 53
34 35 53
33 38 53
35 40 53
33 36 51
29 40 51
27 42 49
27 40 52
23 39 51
24 36 50
24 38 50
22 37 51
22 37 41
17 37 44
9 46 38
14 43 35
13 38 33
11 40 33
12 42 31
13 41 32
13 40 32
12 42 32
6 39 35
3 30 31
9 29 30
11 30 34
14 26 32
13 34 31
15 34 33
16 35 34
18 36 32
15 37 36
13 35 39
9 23 49
12 39 41
11 37 34
13 36 35
14 37 35
12 37 34
12 39 33
12 38 34
11 36 33
10 35 34
11 36 33
13 37 35
10 37 33
13 36 34
12 32 36
11 35 35
13 38 33
13 37 34
13 36 36
12 35 36
12 37 35
12 36 35
11 36 34
14 36 34
13 36 34
11 35 34
12 36 32
13 35 33
11 35 33
11 36 33
10 39 33
11 37 32
12 35 33
12 33 31
10 37 33
12 36 32
12 34 33
12 34 31
10 36 33
13 36 33
11 34 32
11 33 32
12 35 32
12 35 32
12 34 32
12 35 31
