24 42 50
25 42 49
26 42 49
24 42 49
24 41 49
24 42 49
25 41 48
25 41 49
25 41 49
25 42 49
26 41 49
25 41 49
25 40 50
24 41 50
26 41 48
25 41 48
24 41 49
25 40 49
24 41 49
24 41 49
18 43 49
19 41 53
15 35 52
19 38 50
24 30 50
31 37 50
32 38 48
33 36 47
32 42 49
27 33 52
24 33 52
23 34 52
21 38 50
23 35 52
22 40 48
21 37 46
22 43 51
19 46 51
15 39 43
12 45 30
21 50 41
12 46 35
11 44 40
11 41 37
0 36 37
7 29 29
14 27 35
16 37 36
18 33 36
18 37 34
18 36 33
19 35 36
18 39 37
15 40 37
14 39 37
11 38 36
12 37 36
10 37 36
11 37 36
13 38 36
12 39 36
13 39 36
13 38 34
12 38 35
11 38 34
12 37 34
12 37 33
11 37 35
13 38 34
12 38 33
12 38 33
12 37 34
13 38 35
12 37 34
12 38 33
13 36 34
14 38 35
11 38 33
11 38 34
12 37 34
13 37 34
13 39 34
11 37 33
12 38 34
11 39 34
13 38 35
12 38 34
13 37 32
