30 40 50
29 40 51
29 41 52
28 39 53
29 39 51
29 40 51
28 39 50
27 40 51
29 39 51
29 41 51
29 40 51
28 39 51
28 39 51
29 40 52
28 39 52
28 38 53
26 40 52
22 39 58
21 38 47
22 34 50
27 40 51
31 37 54
33 37 50
33 36 45
26 37 60
21 30 43
12 34 47
21 33 39
16 32 44
14 43 37
17 38 34
14 53 31
15 48 33
13 48 28
10 54 33
6 46 34
0 38 37
11 23 30
12 31 35
20 35 36
23 35 35
20 36 36
16 36 35
16 37 32
14 39 31
12 40 32
11 40 34
12 39 34
11 35 36
14 36 35
12 37 35
12 39 35
12 38 34
11 38 33
12 37 34
11 37 34
11 37 34
12 37 34
12 36 33
12 37 34
12 39 34
12 37 33
11 38 33
11 38 35
13 37 34
13 36 33
13 37 33
12 37 33
13 38 33
14 37 34
12 39 33
11 39 33
