24 46 46
27 45 47
26 45 46
25 47 46
25 46 46
24 46 47
24 46 46
24 46 46
25 46 46
25 44 47
25 46 47
25 46 47
24 46 46
22 46 47
22 46 50
23 40 44
27 38 45
29 44 53
26 49 47
26 48 44
24 45 50
18 46 46
19 43 41
19 46 43
21 45 43
22 46 39
19 49 41
20 54 42
19 50 42
18 51 34
21 51 33
20 49 33
20 48 31
19 49 32
18 47 33
16 44 31
14 40 31
13 37 31
11 41 30
14 39 29
15 36 32
17 36 34
16 36 34
14 38 33
15 39 35
10 38 34
10 37 34
11 37 35
11 40 34
14 40 35
13 39 34
12 39 33
11 38 34
12 37 33
10 37 35
11 36 35
12 37 34
12 36 34
11 37 34
12 36 34
12 36 35
13 37 35
13 37 35
12 37 34
12 36 35
12 36 36
12 36 35
13 37 34
12 37 33
11 38 35
11 37 34
12 37 36
11 36 34
13 36 33
11 36 35
12 36 34
