30 37 52
30 36 53
30 38 52
31 36 52
30 37 53
31 37 52
29 37 52
28 36 53
31 36 54
29 36 52
31 36 52
29 36 54
30 37 52
31 36 52
30 36 53
31 36 52
32 35 52
30 36 52
29 37 53
30 36 52
31 36 53
29 37 53
31 37 52
30 37 53
31 35 54
31 37 53
31 36 53
31 37 52
32 37 52
30 36 52
30 37 52
29 36 53
30 36 52
31 37 53
29 37 53
30 36 52
31 37 53
29 37 52
31 37 52
30 36 53
30 36 52
31 37 52
30 36 52
33 34 58
29 40 53
26 33 51
24 34 52
26 37 48
22 35 44
14 40 45
20 42 51
19 38 40
12 36 35
12 37 34
13 39 35
12 38 36
12 34 32
13 35 32
13 39 35
13 32 30
12 35 31
9 39 30
10 26 27
3 36 30
8 32 25
5 33 20
7 32 22
12 34 24
18 34 25
20 35 28
21 35 31
21 36 32
17 37 30
15 37 33
15 38 33
14 40 36
11 38 38
11 38 38
15 40 39
11 40 35
11 41 34
17 39 31
11 39 30
9 40 30
14 39 33
13 38 30
12 38 30
14 37 30
14 39 32
13 38 32
13 39 32
13 37 33
12 39 32
12 39 32
13 38 31
13 38 33
13 39 33
13 39 32
13 39 33
13 39 33
12 39 33
12 39 33
13 38 33
14 39 33
12 38 33
12 39 33
13 39 34
12 39 33
13 39 33
14 39 33
12 39 33
14 40 33
12 40 33
13 39 33
13 39 33
13 40 33
13 39 32
13 38 32
13 39 33
12 38 32
13 40 32
13 38 32
13 39 33
12 39 34
12 39 33
12 39 32
13 39 33
12 39 33
12 38 34
14 40 32
12 39 33
13 39 32
13 39 33
13 39 33
12 39 33
12 40 34
13 40 33
12 39 33
12 39 33
12 38 33
13 40 33
13 40 32
12 38 33
12 38 32
12 40 33
12 40 32
12 39 32
13 39 32
13 39 32
12 39 33
13 40 33
12 39 32
14 39 33
13 38 32
13 40 33
12 38 33
13 39 33
12 40 34
13 40 33
12 38 33
13 37 33
13 39 34
12 38 33
11 39 32
13 39 33
12 39 33
13 38 32
13 40 34
13 39 33
12 40 33
13 40 32
13 39 33
14 38 33
12 39 33
13 39 32
12 39 32
12 40 33
12 39 32
13 38 32
13 40 32
13 39 34
12 39 34
13 39 33
12 39 33
12 39 33
12 38 32
13 39 33
