39 35 51
38 36 52
40 36 52
38 35 53
38 36 52
39 34 52
39 35 52
39 35 52
39 36 52
39 37 51
40 36 52
39 35 51
39 37 52
38 38 51
37 37 52
38 37 51
38 36 51
37 37 53
36 38 52
36 40 52
32 41 53
30 42 52
28 40 51
24 41 48
23 41 48
22 42 48
20 40 45
20 41 46
17 41 45
20 37 42
18 38 42
17 39 43
17 41 45
19 41 47
19 41 48
19 40 48
17 40 48
14 38 43
14 37 40
16 39 41
17 41 44
17 42 42
18 40 39
17 37 42
13 40 39
13 36 36
11 38 35
12 35 32
15 41 34
21 37 34
13 38 32
6 39 31
2 38 33
9 28 32
10 27 29
10 30 31
11 27 35
11 28 36
14 36 34
13 34 33
11 34 34
12 33 34
11 30 36
12 32 34
11 32 34
13 31 33
10 31 35
12 30 34
13 29 35
12 30 33
11 30 33
11 28 34
12 28 35
11 26 34
10 27 33
11 26 32
13 27 33
12 27 34
13 26 33
13 26 33
12 27 33
11 27 33
11 27 34
11 27 34
12 27 33
11 26 34
12 28 34
12 28 33
12 27 33
12 27 34
12 25 33
11 27 34
12 28 34
12 28 33
11 28 34
10 26 34
13 25 33
13 27 34
