28 34 52
28 33 51
25 33 51
27 33 52
26 32 53
27 31 57
28 33 61
29 37 56
29 54 47
40 46 32
40 29 35
32 25 44
19 26 59
22 32 56
21 33 63
23 39 54
26 35 53
24 40 49
22 42 47
22 44 46
20 43 44
21 45 42
18 46 42
18 45 42
17 44 42
16 44 41
15 43 40
13 43 41
8 46 39
11 42 38
16 36 36
16 38 34
17 35 32
13 36 38
13 37 40
14 38 40
15 37 42
14 36 38
13 37 38
13 40 39
13 39 40
14 39 37
14 41 37
13 42 38
13 42 38
12 44 38
16 43 38
21 43 40
18 53 38
17 40 38
14 43 40
15 43 40
16 44 38
15 43 38
14 41 39
14 42 40
14 42 39
15 41 38
13 39 38
14 41 39
15 41 38
15 39 40
13 37 41
12 41 41
9 38 30
13 41 33
15 38 33
17 36 36
14 36 39
11 36 40
10 39 40
12 45 46
14 41 38
15 39 34
12 39 32
11 38 33
11 38 33
13 40 34
14 39 34
11 38 35
12 40 36
12 40 35
13 40 33
12 38 33
