31 53 32
31 54 31
31 53 32
30 54 31
29 54 32
31 53 31
31 52 32
31 55 31
30 53 32
31 55 32
31 53 32
31 54 32
31 53 32
30 54 32
31 54 31
31 53 32
30 54 32
31 52 31
30 54 32
31 53 31
30 53 32
30 53 32
31 53 33
30 55 32
30 53 32
31 52 31
31 53 31
31 53 33
31 52 34
29 54 34
30 56 34
30 56 35
28 55 35
28 54 39
28 51 38
27 50 43
24 38 45
24 35 50
26 38 52
23 32 52
24 37 45
22 36 53
18 37 47
18 40 44
15 39 40
21 46 44
19 42 47
18 46 43
18 46 38
17 47 38
19 46 39
17 49 38
19 47 38
16 48 38
14 45 36
8 45 41
5 42 31
8 33 28
11 39 34
12 36 32
16 37 32
18 39 34
19 39 34
17 41 36
15 40 35
12 39 33
13 42 34
14 42 35
14 40 36
15 39 36
14 38 38
12 41 38
12 39 38
12 37 37
12 38 36
13 38 36
13 39 35
13 39 37
13 37 37
13 38 37
16 38 38
13 38 36
15 40 36
13 39 36
12 39 36
14 39 35
14 39 37
13 38 36
12 39 37
13 39 37
12 39 37
12 39 37
13 39 36
13 37 35
14 37 35
14 39 36
13 39 37
14 39 37
14 39 37
12 38 36
12 39 35
13 37 37
12 38 36
13 39 36
12 38 35
