34 36 54
33 36 52
34 37 52
34 35 53
34 36 53
34 36 53
34 36 52
33 36 53
34 37 52
33 36 54
33 36 52
33 37 54
33 36 52
34 37 53
33 37 52
34 36 53
34 36 53
34 37 53
33 38 53
33 36 52
35 36 53
34 34 53
35 36 53
32 34 54
28 31 57
29 30 55
32 32 53
38 35 49
40 41 50
37 43 52
31 38 50
27 40 51
27 34 54
25 38 56
18 39 50
18 35 45
15 40 43
15 37 38
7 35 36
9 33 35
10 33 36
11 29 34
10 31 32
11 31 28
12 31 26
4 32 25
13 20 22
11 21 23
12 29 31
17 29 32
16 32 33
16 29 31
14 32 33
13 35 35
11 33 35
13 34 32
11 35 31
12 38 32
12 37 32
13 39 32
11 39 33
14 39 33
15 40 33
12 38 33
11 36 37
12 39 36
12 39 34
12 39 34
14 40 34
14 38 35
13 38 35
12 38 35
11 38 34
13 38 35
13 39 34
13 38 33
12 39 34
12 39 33
11 37 34
13 38 34
12 37 33
12 39 34
13 38 35
12 39 35
13 38 34
12 39 34
13 39 34
13 38 34
12 39 33
10 42 35
8 43 36
8 51 37
13 50 37
20 54 40
27 50 41
34 45 41
39 36 40
40 37 44
39 34 46
38 35 49
38 35 52
39 37 53
41 34 49
42 32 52
43 35 52
42 32 54
41 33 52
42 34 49
41 35 52
42 38 51
42 35 51
40 36 51
