35 45 49
34 45 49
35 43 50
36 45 50
37 45 48
35 44 50
34 45 49
33 45 50
33 46 49
33 43 50
34 41 48
33 43 48
34 45 48
30 44 56
29 41 52
30 42 50
30 45 47
28 45 44
27 47 39
28 54 35
16 51 44
29 55 33
25 53 30
22 52 29
28 56 32
25 52 31
24 51 28
24 49 27
21 51 19
21 48 24
18 45 26
13 42 22
11 47 29
10 41 29
16 37 33
17 39 32
18 38 30
17 40 32
15 42 33
13 40 32
13 44 32
15 40 31
12 41 31
15 41 30
15 41 31
12 41 30
10 41 30
14 41 31
14 40 33
12 40 33
13 40 31
13 38 31
15 39 32
13 37 31
12 37 32
12 37 30
12 36 31
12 36 30
11 36 31
12 35 31
14 36 29
13 35 30
12 38 31
11 38 31
11 37 30
12 36 31
11 36 31
13 36 31
12 37 31
12 37 31
13 36 31
12 37 31
13 36 30
12 37 31
13 37 30
13 38 30
