29 49 37
28 46 49
28 44 49
29 45 49
30 45 49
29 45 48
31 44 49
29 44 49
28 44 49
28 44 49
29 44 49
29 46 48
29 44 48
30 45 49
30 44 49
29 44 49
29 45 49
30 43 49
27 46 48
29 45 49
32 46 50
28 45 49
29 43 48
28 44 48
30 43 48
30 45 48
28 47 48
27 45 49
28 45 49
31 43 49
27 43 47
27 46 48
26 48 48
27 46 49
23 48 48
22 49 47
24 44 45
18 46 43
18 51 39
14 40 40
13 41 37
9 43 36
15 40 37
16 44 34
14 40 34
10 38 34
6 37 30
8 33 28
14 35 32
14 35 33
15 36 34
16 35 34
17 38 34
15 36 35
14 37 35
14 36 35
12 36 36
11 37 38
13 36 37
13 36 36
13 37 37
12 36 38
13 38 36
13 36 35
13 35 36
12 38 36
13 38 36
13 36 36
13 37 36
13 36 36
12 37 37
13 35 36
12 36 36
12 37 37
13 35 36
12 36 36
13 36 36
12 37 36
12 36 36
14 37 36
13 36 35
12 37 36
12 36 37
13 37 36
12 36 36
12 36 36
12 36 35
13 37 37
15 36 36
13 36 36
13 36 37
12 36 36
12 36 37
12 36 37
12 36 36
13 36 37
13 36 36
13 35 36
13 35 36
12 37 36
12 36 36
13 37 36
13 35 37
12 36 37
13 36 36
11 37 36
14 36 36
12 35 36
13 36 37
13 36 36
12 35 36
13 36 36
12 35 36
13 35 37
13 35 36
13 36 36
12 37 37
12 35 36
13 36 36
10 35 37
11 36 36
12 37 36
12 35 37
12 35 37
12 35 36
13 36 36
12 37 37
13 35 36
12 35 36
13 35 37
13 35 37
12 36 37
13 36 37
11 37 36
13 36 36
12 35 36
13 35 37
12 36 36
12 36 37
13 36 36
12 36 36
13 36 38
12 36 36
14 36 37
12 36 36
12 36 35
12 35 36
13 37 37
12 37 37
12 36 36
11 36 37
13 36 36
12 35 37
11 36 36
12 36 38
12 36 36
14 36 36
13 35 37
11 36 37
11 36 36
