28 46 48
28 47 48
27 45 47
28 45 48
27 46 48
27 46 48
28 46 48
28 45 47
28 45 47
26 44 48
27 46 48
28 46 49
28 46 48
27 45 48
27 46 48
28 45 49
27 46 48
26 47 50
28 45 50
27 45 51
28 45 50
19 42 54
24 37 48
29 35 49
33 41 50
37 39 51
40 35 51
33 35 50
30 34 51
22 41 53
21 34 51
22 45 50
16 39 41
18 41 43
18 50 43
17 49 37
16 48 31
12 50 33
14 47 40
9 41 40
0 37 35
1 25 29
15 32 33
15 33 34
18 34 36
18 33 36
19 37 36
19 38 35
16 39 34
13 39 34
12 39 33
12 38 34
11 39 33
11 38 33
12 38 32
12 38 34
12 38 34
12 38 34
12 38 33
11 37 34
12 37 33
12 37 35
12 36 33
13 36 34
12 37 34
12 37 33
12 37 34
14 38 34
12 37 34
12 38 33
10 38 34
10 38 34
11 37 34
11 38 33
12 40 33
12 37 34
12 37 34
13 36 34
