34 36 53
32 37 53
32 36 52
32 36 52
31 36 52
32 35 53
33 37 53
33 36 52
33 36 53
33 35 53
33 36 53
32 35 52
33 37 52
34 36 54
33 35 52
32 36 53
33 36 53
33 36 53
31 37 53
31 36 52
27 37 53
26 43 51
25 41 48
27 41 46
38 34 47
37 32 48
39 32 52
34 33 49
30 47 53
26 58 57
23 51 45
25 54 43
24 45 44
24 42 46
23 48 45
23 47 43
21 47 43
23 46 42
22 46 42
23 48 38
20 47 38
19 51 35
19 49 34
20 49 35
18 48 34
15 49 32
15 46 31
17 47 30
16 45 27
14 43 28
14 46 28
16 41 30
14 41 29
13 39 26
13 42 27
12 40 29
12 37 29
13 34 32
15 35 36
14 35 35
12 34 34
11 35 35
13 36 35
13 37 34
13 37 33
13 37 33
13 38 33
12 39 32
11 40 34
10 37 35
11 36 36
10 30 38
12 37 36
13 37 34
13 37 34
13 37 34
12 36 33
13 38 33
12 38 34
12 35 36
12 37 35
12 38 33
13 37 34
12 37 34
11 38 35
12 38 34
13 36 35
12 36 34
11 37 33
12 37 34
12 37 34
12 38 34
13 37 33
13 38 35
12 37 34
12 37 35
12 37 34
11 37 34
12 36 34
12 38 35
10 37 35
11 38 34
