28 48 46
27 47 46
27 47 46
27 47 46
26 47 46
27 47 46
26 48 46
28 47 46
28 46 46
28 46 46
27 48 46
27 47 47
27 47 47
26 46 46
26 47 48
26 46 48
22 47 50
20 39 50
20 37 50
23 35 49
26 33 48
24 32 46
23 32 44
19 38 41
5 39 40
12 40 44
18 35 46
14 39 42
15 39 45
16 45 43
16 43 42
16 41 47
5 46 44
15 50 39
13 47 39
13 46 41
14 44 40
14 41 41
12 35 34
18 40 31
18 29 33
21 35 29
20 45 33
18 46 37
14 42 33
10 42 32
9 43 37
12 42 35
13 40 36
13 42 34
12 42 36
13 39 35
11 39 34
13 39 32
12 40 32
14 39 34
14 40 34
14 39 35
13 40 34
13 41 34
14 39 33
14 40 34
13 39 34
13 40 34
12 40 35
11 41 33
12 41 33
12 40 34
12 39 33
12 40 33
13 39 33
13 39 33
14 39 33
12 40 34
14 39 34
13 41 34
13 41 33
12 40 32
14 40 34
14 42 35
12 39 35
12 40 32
