28 50 41
27 50 41
27 50 43
27 51 42
27 51 41
27 50 42
28 49 42
27 51 42
28 49 42
26 50 41
27 50 42
27 50 41
27 51 42
27 51 42
27 51 41
28 49 41
26 50 42
27 51 43
29 51 42
28 51 43
29 49 42
29 50 42
29 49 43
29 50 43
25 50 45
27 48 46
27 46 46
30 41 50
27 36 47
23 53 45
14 58 46
27 47 49
24 45 47
27 37 44
28 34 47
29 34 49
29 26 55
32 32 49
28 35 50
19 29 56
22 32 50
23 37 49
23 38 48
25 37 49
27 40 48
23 40 51
19 49 40
18 51 35
16 54 38
16 45 33
14 53 25
14 43 31
8 47 35
2 39 33
4 34 25
10 30 30
15 34 33
17 37 33
17 34 33
20 36 33
22 39 34
19 38 35
12 39 28
14 37 29
15 38 28
13 40 32
5 38 31
7 37 33
12 39 36
12 41 34
12 38 34
12 39 34
13 38 34
11 38 34
12 37 34
13 36 35
14 38 34
13 37 34
13 36 33
13 38 35
13 39 35
12 38 35
12 38 35
11 38 37
11 38 36
13 37 34
13 37 34
12 36 35
12 37 35
12 37 33
13 37 34
13 38 34
12 36 35
11 38 36
13 38 35
13 38 35
12 38 35
14 37 35
11 38 34
