33 36 52
32 37 52
32 37 52
32 38 52
32 37 53
33 37 53
33 37 52
32 37 52
32 36 52
33 37 53
32 37 52
34 36 52
32 37 53
32 37 52
32 37 52
33 37 52
34 37 54
34 39 55
33 38 57
30 33 53
30 37 52
28 35 49
24 37 51
22 36 48
21 34 49
18 39 51
21 37 49
23 40 49
18 39 43
18 40 44
15 45 40
16 42 37
16 45 36
14 41 33
13 43 31
13 40 27
14 42 31
12 43 32
12 40 31
9 40 35
8 39 36
7 27 26
9 28 29
14 27 30
18 32 24
21 33 31
14 34 34
10 35 31
11 35 32
14 36 34
15 36 35
13 36 35
13 36 35
15 38 34
12 37 35
6 30 38
13 26 40
13 35 35
12 35 33
12 36 36
13 35 36
11 34 35
12 35 35
11 34 35
10 35 34
11 35 34
12 33 35
12 34 34
12 33 32
12 34 35
13 35 35
13 34 34
12 34 32
10 34 32
10 35 34
13 34 33
12 34 33
11 32 32
10 33 31
12 32 32
13 32 32
11 33 31
10 33 32
11 33 33
12 34 31
12 31 31
10 33 31
