40 34 52
41 34 52
41 35 51
39 35 51
40 34 52
41 34 52
40 33 51
40 34 51
40 34 51
39 33 51
39 33 52
39 34 52
39 33 53
39 33 52
39 33 52
39 34 53
39 32 52
40 34 52
39 33 52
40 32 53
40 33 52
39 34 52
38 34 52
39 34 53
40 34 52
41 33 51
39 32 52
39 34 52
38 33 52
40 34 52
38 32 52
37 35 53
40 33 52
40 32 52
38 33 54
39 31 52
40 34 52
40 32 52
39 34 52
38 34 52
39 32 52
35 36 53
29 36 51
35 36 53
37 37 52
40 37 51
38 41 48
38 42 49
39 43 49
34 45 51
31 44 55
32 40 49
30 39 50
30 33 47
29 42 51
24 43 53
18 43 53
16 46 57
14 42 46
17 37 46
17 34 48
15 47 46
16 42 43
16 40 42
15 38 42
17 38 42
15 39 43
13 39 40
14 39 39
14 38 39
13 37 35
12 33 35
11 40 32
8 36 28
4 37 30
7 35 32
11 30 30
5 35 16
10 31 23
13 33 26
17 35 28
17 36 29
18 37 30
18 37 30
18 38 32
15 39 32
12 40 34
11 41 34
12 39 33
10 36 33
13 39 35
13 38 34
14 38 35
12 40 35
13 40 35
12 39 35
13 39 34
12 38 35
14 39 33
13 38 35
13 38 34
13 38 34
12 39 35
13 38 34
12 37 34
12 38 34
13 37 34
13 39 35
12 39 35
12 38 34
12 38 34
12 38 34
11 38 34
12 38 34
11 38 34
12 38 34
12 38 34
13 39 35
13 38 35
13 38 34
12 40 34
12 37 34
10 40 35
10 40 35
13 43 35
