29 49 47
27 48 32
28 47 46
28 48 45
29 47 45
28 49 45
27 48 46
28 49 45
29 48 46
28 48 46
29 47 45
28 47 46
30 48 46
29 49 46
30 46 46
28 50 46
26 48 48
26 45 50
24 45 48
25 41 49
24 40 48
25 44 46
24 41 45
24 36 49
24 41 52
23 36 48
22 43 50
13 31 54
17 35 41
10 28 43
12 42 43
17 35 39
16 40 35
14 40 30
14 40 34
10 42 29
13 42 30
12 42 28
13 40 28
10 42 29
8 41 29
6 38 24
12 38 25
10 34 23
12 34 22
11 35 25
14 35 27
15 38 29
15 35 29
16 38 31
17 39 31
16 38 31
16 40 32
13 43 34
13 43 33
15 45 35
15 43 37
15 45 38
18 43 38
17 43 41
19 41 37
17 46 37
17 39 40
17 40 42
15 45 40
19 43 42
17 40 42
17 42 43
15 46 42
17 44 40
18 42 39
17 45 40
18 46 40
17 44 39
17 45 38
18 46 39
18 46 39
17 47 39
18 45 38
18 46 39
18 45 38
19 47 39
17 47 38
18 46 38
