36 41 50
36 41 51
37 42 51
37 41 51
34 40 51
35 39 51
37 39 52
36 39 51
36 39 52
35 40 51
36 39 51
36 40 52
34 41 52
37 39 52
37 40 51
35 39 52
36 40 52
36 38 51
35 39 50
35 41 52
35 40 52
36 38 52
36 39 51
36 38 51
36 39 52
36 40 52
36 39 52
34 40 52
35 40 51
35 39 51
36 39 52
36 40 51
34 39 52
34 39 51
36 39 52
34 39 51
36 38 51
34 39 51
35 39 52
36 40 51
36 38 52
35 39 51
36 39 52
35 39 52
36 39 52
36 40 51
35 39 52
36 39 52
35 39 52
35 38 52
34 37 53
32 38 53
33 39 51
31 40 51
32 39 48
33 43 50
32 44 53
29 40 50
26 43 51
27 40 50
28 40 52
29 41 54
26 42 46
22 44 47
25 44 48
26 44 50
23 45 45
26 48 45
25 49 44
25 49 43
25 50 42
26 52 40
26 51 36
28 54 37
24 53 37
23 52 34
23 55 33
25 50 37
21 48 36
17 48 33
16 48 35
12 47 35
7 43 34
1 37 33
12 31 30
12 32 31
13 33 31
14 35 32
14 34 32
15 35 33
15 34 33
13 37 34
15 36 34
15 36 33
15 36 34
15 39 35
11 40 36
6 34 40
9 43 40
13 38 35
12 38 33
15 39 35
13 39 32
11 38 33
13 37 34
13 36 34
11 36 35
12 36 35
11 35 36
13 38 36
12 37 34
12 37 34
13 37 35
11 38 34
13 36 35
11 36 35
12 37 35
12 36 34
11 37 34
12 36 33
12 36 34
10 37 34
13 36 34
12 36 34
12 35 34
12 34 34
11 36 33
12 33 34
12 35 33
11 38 35
12 38 33
11 34 34
12 32 34
11 33 33
11 34 33
11 34 31
11 33 33
13 35 34
12 33 33
10 33 33
12 33 32
13 35 33
10 35 33
12 34 33
12 33 32
