24 47 44
22 47 44
23 47 45
24 47 44
24 47 44
24 46 44
23 46 43
24 47 45
24 48 44
23 47 44
24 47 45
24 47 44
24 46 44
25 47 45
24 48 44
24 47 45
24 47 44
24 47 45
23 46 45
24 47 44
25 48 44
24 46 44
23 48 45
24 46 45
24 46 44
25 48 44
23 47 44
23 47 45
23 46 44
24 46 44
24 47 45
24 47 45
24 46 45
24 46 45
23 47 45
24 46 44
23 46 45
24 47 44
23 47 45
24 47 45
24 47 46
23 48 44
23 47 45
23 46 45
23 47 45
23 48 45
24 47 45
23 47 44
23 47 43
23 46 44
23 46 43
23 45 44
23 46 43
23 45 44
23 47 44
22 48 46
20 48 46
21 49 44
18 48 43
18 48 44
20 48 39
19 46 38
18 46 40
21 49 47
26 40 49
30 36 48
28 35 45
22 37 48
13 35 47
15 31 47
18 27 48
19 26 45
17 28 42
12 36 40
14 32 36
15 32 31
13 38 30
13 35 33
12 38 33
8 38 25
8 36 27
14 39 25
11 37 27
12 35 23
11 35 26
8 33 25
9 29 24
12 26 21
12 31 18
13 27 19
14 33 25
16 31 27
14 35 28
14 31 26
15 32 27
13 33 27
13 34 28
13 34 30
13 35 30
14 36 32
14 36 34
11 35 36
10 33 35
10 34 33
12 36 33
14 36 32
15 41 34
15 42 31
14 45 30
17 42 29
18 41 30
14 42 30
8 38 32
11 38 31
14 43 30
14 43 31
15 43 31
16 42 32
15 45 32
14 44 32
16 45 32
18 43 30
21 49 29
14 42 36
14 45 31
12 41 35
16 48 32
16 50 30
17 44 37
15 44 34
19 42 35
11 47 39
13 43 36
17 45 35
19 47 32
16 45 31
15 46 32
16 44 30
16 46 30
16 45 29
17 46 28
17 45 30
16 45 30
15 44 30
16 43 29
16 45 30
17 44 28
17 45 28
17 46 28
18 46 28
20 46 30
18 44 29
16 43 29
13 42 30
15 45 29
16 45 31
16 45 31
16 45 31
16 45 29
15 45 30
15 44 31
16 46 30
17 45 32
16 46 30
17 44 32
16 46 31
17 46 32
16 46 34
15 46 32
16 46 32
16 47 31
17 46 33
17 44 32
17 45 31
17 47 31
16 45 32
17 46 32
17 45 31
18 47 31
15 47 31
16 46 31
17 46 31
17 46 31
17 45 31
17 45 30
18 46 31
