32 35 53
32 36 53
33 35 52
33 36 53
33 36 53
34 35 53
32 37 53
32 36 53
32 36 52
33 36 52
32 36 53
31 35 52
32 37 53
33 34 54
34 31 58
42 38 58
33 28 52
26 34 44
20 46 50
21 37 40
19 36 39
8 34 42
18 43 45
13 36 35
10 44 37
14 37 32
11 40 30
11 45 33
6 42 33
3 38 35
5 36 15
7 28 18
11 30 23
12 30 27
19 36 29
24 34 33
26 35 33
21 35 33
14 37 32
15 40 32
14 41 35
7 40 32
11 36 31
12 35 32
11 38 32
12 38 30
13 38 30
16 40 34
13 38 32
14 36 33
13 36 34
12 37 34
14 37 35
14 39 36
12 36 37
11 37 34
9 38 33
11 39 32
11 38 31
10 40 31
10 40 32
13 40 34
14 41 33
17 41 35
18 43 35
15 45 34
16 46 34
17 47 31
20 45 31
22 41 30
14 38 37
12 48 35
14 44 34
15 45 35
16 44 35
16 44 36
15 44 35
15 46 37
16 44 36
15 45 35
16 44 36
16 44 36
15 44 35
16 43 35
