29 49 46
28 46 46
30 48 46
29 47 45
29 47 46
29 49 47
29 48 45
29 48 46
28 49 45
29 48 47
30 48 46
28 49 46
30 49 46
30 48 46
29 48 45
29 48 46
29 48 45
28 49 46
29 49 46
30 48 46
30 48 45
30 49 45
29 48 46
30 49 47
30 48 46
29 50 46
29 48 45
30 48 45
29 48 45
30 48 46
30 46 46
32 46 45
29 47 45
26 47 44
28 49 45
27 49 46
29 51 43
24 50 41
23 50 38
21 49 38
21 49 37
15 45 37
15 43 35
8 49 39
6 44 39
10 44 37
11 43 35
11 44 34
13 40 33
14 41 32
17 40 34
17 39 34
16 37 34
15 39 34
15 40 35
15 39 35
17 40 36
16 39 38
15 38 39
14 37 38
13 36 38
13 37 39
14 38 39
14 38 39
13 39 38
13 38 39
13 38 38
13 39 37
13 37 38
15 39 38
14 39 38
14 38 37
13 39 38
12 38 39
13 37 39
13 39 39
14 38 39
12 37 39
13 38 38
14 39 38
14 39 38
14 38 38
16 40 37
14 39 38
12 39 38
14 38 38
14 37 38
13 38 38
13 38 38
14 38 38
13 39 38
14 40 37
13 39 38
13 39 38
14 39 38
15 39 39
13 38 38
13 39 38
13 38 39
12 39 37
13 39 38
14 39 38
13 38 38
14 39 38
14 37 38
13 39 38
14 38 38
13 37 38
14 39 38
12 37 38
13 39 39
13 38 36
14 39 38
13 39 38
14 40 39
