31 38 52
33 38 53
32 37 52
32 37 52
32 38 53
31 38 53
33 38 53
32 37 52
32 38 53
32 37 53
32 38 52
32 37 52
32 36 53
31 37 52
32 37 53
32 36 52
32 37 52
31 36 53
31 37 52
33 37 53
34 39 54
35 38 53
34 36 52
34 36 52
32 35 53
32 35 54
32 36 54
32 35 52
34 36 51
34 36 52
34 35 52
34 37 52
36 36 54
35 36 50
33 39 50
28 47 48
24 34 46
27 36 52
32 30 54
32 37 52
27 45 52
25 40 51
23 40 48
20 45 45
2 49 48
9 43 38
12 49 39
15 39 38
14 42 38
16 38 37
17 40 37
19 40 36
18 38 36
15 39 36
13 39 36
12 38 37
14 36 37
13 38 36
15 37 35
16 39 36
14 39 36
11 37 39
11 38 42
13 36 43
15 41 35
15 39 34
14 39 35
12 39 38
12 40 37
15 42 35
13 40 35
13 39 35
13 42 34
13 41 35
12 39 36
13 38 36
14 40 35
12 40 33
14 41 34
13 42 35
14 41 35
13 41 34
13 39 35
13 39 35
13 40 35
12 38 34
13 42 35
14 39 35
14 41 36
12 40 35
12 40 37
13 39 36
14 40 35
