38 46 49
36 45 48
39 43 49
37 45 50
35 44 51
34 43 49
34 43 49
37 43 49
40 43 50
40 46 52
39 44 48
38 43 51
37 43 49
36 43 50
37 43 49
36 44 51
37 44 49
37 44 49
39 44 48
37 44 48
37 45 49
37 43 49
37 45 49
37 44 49
38 44 49
37 44 49
38 44 49
36 44 49
37 44 49
37 44 48
37 44 49
38 45 49
37 45 49
38 45 49
39 44 49
37 46 48
37 45 47
37 44 49
37 43 48
37 44 48
38 46 49
39 45 48
38 44 49
37 44 50
38 44 49
36 43 48
37 45 48
37 45 49
37 44 49
37 45 49
38 45 48
36 46 48
37 45 48
38 45 49
37 44 49
37 44 49
37 44 49
37 44 49
38 44 48
37 45 48
37 45 49
37 45 49
38 43 48
36 45 48
37 43 48
38 44 48
38 44 49
38 43 49
38 44 49
36 44 49
37 45 49
37 45 48
37 44 49
37 45 49
38 45 49
38 45 49
38 44 50
39 45 48
37 45 49
36 44 49
37 45 48
37 44 49
38 45 49
39 44 48
37 43 50
38 43 50
34 43 48
35 45 49
36 47 47
34 47 48
32 48 50
31 47 48
32 46 49
30 45 47
29 48 49
31 46 48
31 48 48
25 47 45
21 45 45
22 47 43
21 47 43
20 50 38
19 50 35
18 51 35
21 53 32
19 47 36
20 49 32
21 51 30
21 46 28
21 49 31
20 48 31
20 50 27
19 47 30
15 46 28
15 46 29
16 42 29
13 42 32
16 41 31
14 40 32
15 40 32
14 39 30
15 40 30
13 40 31
13 41 31
13 38 32
13 42 32
13 40 31
11 42 30
14 40 33
16 40 33
14 40 34
13 40 34
14 39 33
13 40 35
8 20 50
15 46 41
11 39 31
12 40 34
12 38 33
13 40 32
14 41 33
12 37 34
11 38 35
13 40 34
13 39 34
13 39 34
12 40 33
14 40 34
13 39 33
12 40 35
13 39 35
13 40 34
13 40 33
13 40 35
12 39 35
12 40 35
12 38 34
12 40 36
13 41 35
12 38 34
14 39 35
13 38 34
13 42 36
13 39 35
13 40 35
14 40 33
12 39 34
13 39 35
13 40 34
13 39 34
14 40 34
12 39 34
13 39 35
12 38 34
14 38 35
13 40 34
14 39 35
12 40 35
13 39 34
12 39 34
13 39 34
11 40 35
13 40 35
13 39 34
13 39 35
13 39 35
13 40 34
12 41 34
13 39 34
13 40 33
13 39 34
14 39 34
13 39 34
13 39 35
12 39 34
12 40 34
13 39 34
12 40 34
13 40 34
13 40 34
11 40 35
13 40 33
14 39 34
13 39 34
14 40 34
13 39 34
13 40 34
12 39 33
13 39 33
13 39 34
12 39 34
13 39 33
13 39 35
12 41 33
13 39 34
13 40 34
13 39 34
13 39 34
13 40 34
12 40 34
13 39 34
13 39 34
13 40 34
13 39 35
13 39 33
13 39 35
13 40 34
12 40 35
13 40 34
13 38 35
12 39 34
13 39 33
12 40 33
12 38 34
13 37 33
12 38 34
13 36 34
12 37 33
12 36 32
13 35 33
13 35 32
12 34 31
11 35 33
13 37 32
11 35 32
12 35 32
12 35 34
12 35 32
11 32 31
12 33 32
12 33 32
12 34 32
12 33 32
11 34 32
12 33 32
13 33 31
11 32 31
12 33 31
12 32 31
12 33 32
12 33 31
12 34 31
12 34 32
