35 40 51
35 41 51
34 41 51
35 41 51
35 41 51
34 40 51
34 40 51
35 40 51
35 40 52
36 40 52
35 40 52
35 39 52
34 40 51
34 40 52
36 40 51
35 41 52
35 39 52
34 39 51
35 39 51
34 40 51
34 40 51
35 40 52
34 40 52
34 38 52
34 40 52
35 39 51
35 41 51
35 39 51
34 39 51
34 41 51
34 40 52
34 41 51
34 40 52
35 40 52
35 40 51
34 40 51
35 41 52
34 40 51
34 39 52
35 40 51
34 40 52
35 40 52
35 39 52
35 39 52
35 40 51
35 40 52
34 40 51
34 39 51
35 40 51
36 40 50
34 40 52
35 40 51
35 39 51
35 40 51
34 40 51
34 40 51
34 40 51
35 40 51
34 39 52
35 40 51
35 39 52
35 40 52
36 39 51
34 39 51
34 40 51
34 39 51
34 40 51
35 40 52
34 40 51
35 40 51
35 41 52
33 39 51
34 41 52
34 39 52
32 39 52
32 39 52
33 38 52
32 40 53
32 38 51
28 42 50
30 39 50
29 46 49
31 41 51
30 39 51
29 41 51
28 36 51
26 41 51
22 40 48
24 41 50
27 45 46
25 51 46
27 43 47
28 44 46
25 45 43
27 51 44
27 51 44
26 51 42
27 52 40
27 53 37
27 53 37
25 54 35
24 51 36
25 50 35
23 50 34
22 50 33
22 49 32
23 54 32
22 51 31
19 48 32
18 49 34
17 48 32
15 43 30
14 42 32
10 42 33
8 41 30
11 37 29
12 36 31
11 35 29
12 36 30
13 35 30
12 37 31
10 37 32
11 35 33
15 36 32
16 36 32
15 37 35
12 38 34
14 36 36
14 35 36
13 37 36
12 38 37
14 37 36
16 38 38
15 38 39
16 39 35
10 40 35
10 37 36
7 30 40
11 40 38
10 36 34
11 36 33
12 38 34
13 39 35
12 37 34
13 37 34
11 35 38
12 37 37
11 38 34
14 38 35
14 36 35
13 37 36
12 36 35
11 37 35
12 38 34
13 37 35
12 37 36
11 38 35
12 37 35
13 38 34
12 36 35
12 38 35
12 37 36
12 38 35
13 37 37
13 38 36
12 37 35
11 37 35
13 36 35
13 37 35
11 37 33
11 36 34
11 37 34
12 35 35
12 36 35
12 36 35
12 36 34
12 35 35
13 33 36
11 35 34
9 35 33
12 35 34
12 34 34
12 34 33
12 33 33
12 34 34
11 34 33
9 33 32
10 31 31
12 32 32
12 34 32
11 32 32
12 31 32
12 33 32
11 32 32
11 33 32
10 33 33
11 32 32
12 33 32
