30 38 51
29 37 52
30 39 51
29 38 52
29 39 52
30 39 52
28 37 52
29 37 52
28 37 52
29 38 52
30 37 51
29 37 52
29 37 52
29 37 51
29 38 52
30 38 52
29 37 52
30 38 53
28 37 52
29 38 52
28 38 53
28 38 52
30 36 52
28 38 52
29 37 52
28 38 53
29 38 52
29 37 52
28 37 52
29 38 52
29 38 52
28 37 53
29 36 52
29 38 52
29 37 52
29 38 53
29 37 52
28 37 52
29 37 52
29 37 52
30 38 52
29 38 52
29 38 52
28 38 52
30 38 52
29 39 52
29 38 52
30 38 52
29 38 52
30 37 52
29 37 53
28 37 52
29 37 52
29 37 52
29 37 52
29 38 52
30 36 52
29 38 51
31 38 52
30 37 51
29 41 52
27 38 54
27 32 53
26 37 52
26 39 52
27 35 53
26 34 52
25 34 51
22 33 50
22 33 50
19 32 47
17 34 47
15 37 41
13 35 40
13 35 40
13 36 34
12 40 37
13 34 40
12 38 39
13 35 39
12 39 39
13 38 42
11 41 45
0 35 28
4 24 18
12 27 25
21 29 28
18 32 30
16 35 31
17 36 33
20 35 35
18 34 39
11 35 38
9 36 37
11 36 33
13 36 34
14 36 33
13 36 35
15 36 36
12 37 35
13 37 36
12 39 35
13 37 35
8 40 32
12 40 32
13 41 34
13 39 32
15 38 32
14 40 31
11 39 31
11 41 33
14 39 36
12 38 35
13 36 33
12 36 33
10 38 32
12 36 36
15 40 38
14 40 36
9 39 36
12 39 36
14 39 34
13 38 33
13 38 33
14 39 35
12 39 33
13 38 33
13 40 35
11 39 35
11 38 36
12 39 35
12 39 35
12 39 34
13 39 33
12 39 34
13 39 34
12 40 35
12 38 35
12 38 35
13 39 34
12 38 34
13 38 35
13 38 35
12 38 34
12 39 34
11 40 34
13 39 35
12 38 35
12 39 35
13 38 34
12 38 35
13 38 34
11 36 35
13 38 34
13 39 35
12 39 35
13 38 34
13 38 35
13 39 34
12 38 34
13 39 34
12 38 35
13 39 34
12 37 36
12 38 34
13 38 35
14 37 36
12 38 35
12 40 35
13 38 35
11 38 34
12 38 35
