30 33 53
29 33 53
30 33 53
31 34 53
30 33 53
30 33 53
29 34 53
30 33 53
30 33 53
29 32 53
30 33 53
30 33 53
31 33 53
30 33 54
29 31 53
29 32 53
30 32 53
30 33 53
30 33 53
29 34 53
30 33 52
29 34 52
30 33 53
30 34 52
29 34 53
31 33 53
30 33 53
29 34 53
30 33 54
30 33 52
29 34 53
29 33 53
30 33 54
29 34 53
29 32 53
29 34 53
30 34 52
29 33 52
29 34 54
31 33 53
29 34 52
31 34 53
32 34 50
30 30 57
30 39 52
29 38 53
27 37 50
22 37 52
21 36 51
20 32 45
18 34 42
15 31 42
12 31 37
16 36 42
10 32 34
12 33 26
12 37 33
12 34 34
9 32 31
11 34 28
13 38 31
12 34 31
10 29 30
11 38 29
8 34 30
3 36 22
2 29 21
6 29 18
9 30 20
16 31 25
21 30 28
21 32 30
21 34 33
20 32 33
17 35 34
10 34 34
8 33 33
13 33 30
11 33 29
10 34 28
14 35 31
12 35 30
12 35 31
12 35 32
12 36 34
13 37 32
12 37 33
13 37 31
12 37 31
10 39 30
10 38 30
11 37 30
13 37 30
12 37 31
12 39 31
12 40 31
12 40 32
12 40 32
13 38 31
13 38 32
12 39 32
13 38 32
13 39 34
11 38 34
13 38 33
12 39 32
15 38 32
12 40 33
13 39 32
13 39 33
13 38 32
12 39 33
13 38 33
14 39 33
13 39 32
12 39 33
13 39 33
11 41 33
13 37 33
12 38 33
12 37 33
12 39 33
13 38 32
12 39 33
12 38 33
14 40 33
13 39 34
13 40 33
12 39 33
12 40 34
14 40 33
13 38 35
13 39 34
12 40 33
12 38 33
14 38 34
13 39 34
13 40 34
13 38 34
12 39 34
13 38 33
13 39 33
13 40 34
13 39 34
13 39 35
12 40 34
13 38 34
14 39 34
12 39 34
13 39 33
12 39 33
13 39 33
12 40 34
12 39 33
12 38 34
14 38 34
13 39 35
12 39 33
13 39 34
13 39 33
13 38 33
13 39 34
13 38 35
12 40 33
12 40 33
12 37 34
12 39 33
12 39 33
12 39 33
13 39 34
13 39 33
