32 35 52
32 35 52
32 36 53
32 34 52
32 35 52
33 36 53
33 35 53
32 35 53
32 35 52
32 35 53
32 36 52
33 35 53
31 35 52
31 35 53
31 35 53
32 36 52
31 36 53
31 35 52
32 36 53
32 36 53
31 36 53
31 35 53
32 36 54
32 35 52
32 34 52
32 35 52
32 37 53
31 36 53
31 36 52
31 35 53
32 36 52
32 36 53
32 36 54
31 35 53
32 35 53
32 35 52
31 37 53
32 35 53
32 36 53
32 35 53
31 35 53
31 33 53
30 35 53
31 35 53
31 36 52
32 36 52
32 35 53
32 35 53
33 34 53
32 34 53
32 35 52
32 33 53
33 36 52
33 36 53
31 35 53
32 34 52
32 34 52
32 35 53
31 36 53
32 35 52
31 35 52
33 35 54
32 34 52
32 35 53
31 35 53
33 35 53
32 36 52
32 35 53
31 36 52
31 36 53
30 35 52
33 35 52
31 35 53
32 34 53
33 36 52
31 34 53
31 36 53
33 35 52
33 34 53
31 35 53
32 35 53
31 36 53
32 34 53
33 35 52
33 35 52
32 35 53
32 36 53
32 36 52
32 35 53
32 34 51
32 34 54
30 35 54
34 35 53
30 36 52
29 36 52
31 35 52
30 35 51
30 38 53
32 40 56
31 36 53
30 38 53
29 37 51
26 41 50
24 39 50
20 39 48
23 39 45
21 39 46
19 38 48
18 42 46
18 38 43
19 40 42
19 40 46
17 40 44
16 40 44
17 43 45
18 41 43
18 41 41
16 43 41
16 44 40
16 43 40
16 43 40
17 42 40
17 43 40
16 44 39
17 43 42
16 43 41
16 42 41
16 42 41
17 41 42
15 42 42
15 42 41
17 42 39
15 42 40
16 42 40
17 42 41
16 42 42
16 41 40
16 42 40
16 41 41
17 40 40
15 42 41
14 41 40
14 41 41
16 41 40
15 42 40
15 40 40
15 41 41
14 42 39
15 42 41
13 41 40
16 40 39
16 39 40
16 40 40
14 40 42
15 40 41
15 41 42
15 41 41
15 41 40
15 41 39
16 41 41
15 41 41
16 41 40
16 41 41
15 42 40
15 42 39
15 41 40
