25 46 47
25 45 47
25 45 46
25 44 47
25 44 47
25 45 47
25 45 46
25 44 47
26 45 47
25 45 47
25 45 47
26 46 46
26 45 48
25 45 47
24 45 47
25 44 46
24 46 46
26 45 47
27 46 47
26 44 48
25 44 47
25 45 48
25 45 47
25 45 46
26 45 47
26 45 46
25 46 47
26 44 47
25 44 47
26 45 48
25 44 47
25 44 46
24 45 47
24 45 47
24 45 47
25 45 47
26 45 48
27 44 47
25 46 47
26 46 47
24 45 48
25 43 48
23 45 47
24 46 46
23 47 46
21 47 43
22 46 44
20 48 42
21 47 45
22 47 48
24 43 46
28 39 51
30 41 50
30 40 47
29 40 50
27 40 48
24 31 51
22 30 52
23 33 51
23 34 50
22 33 48
19 29 45
16 29 49
18 30 48
15 33 47
14 31 45
16 35 42
16 32 40
14 36 32
10 34 35
9 37 36
14 40 35
13 37 32
9 39 28
12 41 28
13 38 26
12 38 29
10 34 28
8 36 27
5 30 33
8 30 28
9 30 22
10 29 24
11 31 26
13 32 28
15 33 30
16 33 28
15 32 29
15 34 30
15 37 30
15 36 30
12 35 31
13 36 33
10 34 33
13 39 33
12 40 33
10 41 31
10 40 32
13 41 32
17 42 30
16 44 31
15 42 33
14 41 32
13 43 34
17 42 34
15 46 35
17 46 32
17 43 34
16 41 32
16 47 34
19 45 32
15 43 29
15 45 37
21 42 34
19 39 32
16 50 30
16 49 28
12 45 31
14 44 28
18 46 29
17 44 28
16 44 29
18 46 28
18 45 27
18 47 30
18 44 29
15 44 27
16 44 28
16 45 28
18 46 26
18 46 28
17 45 29
18 46 28
17 46 29
17 45 28
17 46 28
17 47 29
17 47 29
18 47 29
17 46 28
17 45 29
17 45 29
19 45 29
15 45 28
17 45 29
17 46 29
17 46 29
16 46 27
17 46 28
16 46 29
16 46 29
16 46 29
16 46 28
18 46 29
17 45 29
17 46 30
16 46 29
18 45 29
17 45 28
17 45 29
16 46 29
18 47 29
16 46 29
18 47 29
18 47 29
17 46 28
17 46 28
17 46 29
17 46 29
18 45 29
17 46 29
18 46 29
18 46 29
17 46 29
18 45 29
17 46 30
17 46 29
17 47 29
17 45 29
16 45 30
17 45 30
18 45 29
18 46 30
17 46 28
17 47 29
17 46 29
17 45 29
17 45 29
17 46 29
16 46 29
16 45 28
17 46 28
16 45 29
18 47 29
17 45 29
16 46 30
17 45 28
17 45 30
