28 47 46
28 47 46
28 47 46
28 47 47
28 47 47
27 45 46
28 46 46
27 46 46
28 46 47
28 48 47
28 45 47
28 47 47
27 47 48
28 46 46
27 47 47
27 46 47
28 46 46
29 46 48
28 47 50
24 51 48
26 44 44
31 42 43
32 49 48
28 46 50
26 48 47
24 47 45
25 48 45
25 47 42
24 49 40
27 44 37
21 57 38
21 53 37
21 52 32
20 51 30
21 51 31
18 50 29
17 48 28
18 48 29
16 43 31
11 43 26
12 40 29
10 37 30
14 37 31
17 39 33
17 41 33
17 39 31
17 44 32
16 38 32
13 42 34
11 43 33
10 39 35
14 39 34
14 42 36
13 41 36
13 40 33
14 41 32
12 41 34
14 42 33
13 41 33
14 41 33
13 40 34
14 40 34
12 41 33
13 39 33
13 42 33
13 40 33
12 41 33
14 42 33
14 40 35
15 42 34
13 41 33
13 41 33
14 41 33
13 39 33
13 40 33
13 40 34
15 39 33
13 40 33
14 40 33
13 39 34
13 41 33
13 42 33
13 39 34
12 46 35
13 49 36
