32 29 53
32 29 52
32 29 53
32 29 54
32 29 54
31 30 53
31 31 53
32 30 53
31 29 53
30 30 52
31 31 53
31 29 52
32 29 52
33 29 53
30 29 53
31 29 53
31 30 53
31 29 53
31 29 53
32 32 53
28 31 52
28 29 52
30 29 53
32 28 52
33 31 49
38 37 58
31 31 54
34 30 52
36 33 51
35 35 51
34 35 52
38 31 54
38 32 52
40 31 54
38 35 52
35 36 54
35 36 54
35 40 56
36 37 51
36 39 52
36 41 53
39 37 49
41 35 48
33 43 56
38 37 46
41 33 48
33 34 58
29 39 59
29 31 56
25 29 54
29 27 52
20 29 52
25 25 55
24 27 57
29 30 61
25 31 61
23 33 56
22 30 49
21 30 46
27 24 41
31 21 43
32 18 45
34 21 47
32 21 47
33 22 50
30 21 49
30 22 49
29 22 50
30 21 49
30 20 49
28 19 50
28 19 49
28 18 50
27 19 49
28 21 48
28 20 48
28 23 48
29 20 48
29 20 48
29 21 48
28 23 49
28 23 51
27 22 51
28 24 51
26 26 50
27 26 50
27 26 50
26 24 50
26 25 49
27 24 49
26 24 49
24 26 50
25 29 54
27 29 52
21 32 53
25 31 52
24 30 51
26 33 50
24 31 50
26 34 51
26 33 49
25 34 51
24 38 52
24 34 51
24 35 50
24 39 49
25 33 48
24 37 49
21 37 51
22 35 51
20 37 52
21 39 52
19 40 51
19 40 49
19 43 48
17 45 46
19 43 45
19 42 44
20 41 45
18 40 44
19 43 42
18 43 43
18 45 41
22 44 41
23 46 40
22 50 41
22 48 41
19 48 40
17 46 40
19 43 41
19 42 42
17 42 42
19 38 43
20 42 43
19 41 42
18 41 44
18 43 45
17 41 47
18 40 45
19 40 46
18 40 45
18 41 44
19 40 45
20 40 47
19 41 45
18 41 44
18 40 45
19 41 46
18 40 46
19 40 45
19 41 46
18 40 46
19 40 45
19 40 45
19 41 44
18 41 46
19 41 45
19 40 45
19 42 45
19 40 45
19 40 44
18 40 45
18 40 45
19 41 45
19 41 45
17 42 45
17 41 45
19 40 46
18 40 45
17 41 45
18 41 45
18 41 45
17 40 45
17 41 45
18 41 43
18 41 44
18 41 44
18 41 45
18 40 44
18 41 44
18 41 45
17 41 45
18 41 45
16 41 44
18 41 44
18 40 45
17 40 44
17 40 45
18 42 44
18 42 45
18 41 45
18 41 45
18 42 44
19 41 44
18 41 44
17 40 45
19 40 44
18 42 45
18 41 45
17 41 45
18 42 44
18 41 44
18 41 45
18 42 44
18 42 44
18 41 44
18 41 45
17 42 44
18 40 45
19 40 44
19 41 45
19 41 43
19 41 45
18 42 45
18 41 44
18 43 44
19 41 44
20 42 45
20 41 45
19 42 44
18 42 44
18 41 43
