28 29 46
26 25 53
25 25 47
19 28 45
18 36 49
14 35 62
19 32 48
24 30 47
23 29 48
19 31 50
19 31 50
21 31 50
20 32 50
22 32 49
21 32 49
21 32 48
20 32 50
20 30 48
20 30 48
21 31 50
20 31 48
20 31 48
20 31 49
20 31 49
22 31 48
20 32 49
20 31 48
18 31 49
11 33 50
14 31 45
18 26 44
22 27 45
25 32 46
23 30 55
22 29 45
12 29 46
11 29 40
14 33 40
14 31 42
9 37 41
13 36 37
14 38 37
14 41 39
14 41 41
14 41 43
16 42 41
17 42 41
19 43 41
19 45 44
19 46 43
18 47 40
20 45 41
17 45 41
17 43 38
16 44 40
17 47 40
14 45 42
13 44 41
6 43 39
15 44 35
37 38 31
27 30 56
16 45 46
12 39 42
13 41 39
14 40 41
9 39 36
14 37 35
12 37 33
13 38 34
15 38 35
9 34 22
14 40 30
12 36 29
13 38 29
12 39 29
14 38 29
12 40 28
12 39 29
12 41 28
13 36 31
11 39 28
11 36 28
10 34 29
12 41 35
11 33 30
15 29 30
11 34 31
7 28 31
11 31 33
13 29 36
12 28 34
11 29 37
11 26 37
12 27 35
15 25 36
16 28 37
15 32 37
12 38 37
9 38 41
9 38 39
11 41 41
15 38 37
13 39 36
12 37 37
14 37 35
11 38 31
13 37 31
9 37 33
10 38 33
13 38 31
12 38 27
16 37 33
15 37 35
15 35 35
13 38 37
13 37 36
13 37 40
11 35 44
13 37 33
12 35 32
13 36 32
11 33 34
10 36 34
11 34 33
11 35 31
12 34 34
11 34 33
11 34 32
12 34 31
12 32 32
11 34 33
12 32 32
12 32 31
12 32 32
12 32 31
11 33 32
12 32 32
11 31 32
11 33 32
12 32 31
12 33 32
12 31 31
12 31 32
11 31 32
10 30 31
11 32 33
12 32 32
12 33 31
11 31 33
11 31 32
12 30 32
12 32 33
10 31 33
12 35 35
10 38 34
11 41 37
14 44 37
