63 35 40
34 42 52
35 40 51
34 40 52
35 40 51
35 40 51
34 41 52
35 41 51
34 40 52
33 41 50
34 40 51
34 40 51
34 41 51
36 41 51
35 41 52
34 41 51
35 41 51
35 41 52
34 40 51
35 39 51
35 39 52
35 41 51
35 41 51
34 41 51
35 41 52
34 41 52
36 41 51
35 43 50
36 40 49
34 39 54
34 35 52
34 39 52
34 42 51
36 40 52
36 39 52
35 40 52
32 41 49
32 46 51
35 42 50
35 44 49
34 44 49
34 43 51
35 42 51
34 44 49
34 43 51
35 44 50
33 44 50
35 43 50
36 44 49
34 43 49
33 45 51
34 45 50
33 42 48
34 45 48
33 46 50
32 44 49
32 44 49
30 46 49
36 41 51
41 39 49
35 49 41
49 47 45
38 48 48
35 43 54
38 46 49
32 50 49
30 46 52
11 51 52
16 36 48
20 43 49
30 44 46
41 36 46
35 46 52
14 33 51
7 42 42
19 42 46
17 43 43
16 44 42
17 40 43
13 44 40
14 43 39
13 42 39
13 43 36
14 45 34
11 42 34
12 41 34
16 36 32
18 36 29
18 34 31
17 31 43
9 33 42
6 36 42
11 34 38
16 36 38
16 32 37
16 32 42
11 34 43
11 34 41
15 33 40
16 36 42
14 34 44
12 36 42
13 37 43
15 38 41
14 37 41
14 36 41
14 36 44
13 37 44
11 36 44
13 39 47
14 42 51
16 46 48
23 42 44
28 42 41
29 39 42
24 30 42
18 30 43
3 38 44
8 36 50
24 38 43
20 42 48
18 48 42
21 50 43
16 50 36
17 48 33
17 48 34
12 53 32
8 48 29
0 36 30
7 33 32
17 33 34
21 37 35
24 35 34
19 36 31
15 39 31
14 38 32
12 38 33
11 37 32
13 39 34
14 38 35
14 38 35
15 38 34
10 38 32
9 36 29
13 36 29
14 34 31
10 36 26
8 35 27
12 34 28
13 34 29
12 37 26
13 38 28
13 38 29
9 37 29
13 38 32
13 40 33
12 37 32
14 36 31
14 39 32
11 42 34
15 40 35
17 42 36
16 42 39
17 45 41
15 46 38
14 44 37
11 42 35
10 41 34
14 40 33
13 39 33
14 38 34
14 40 33
14 38 34
13 39 33
12 40 32
13 40 34
14 39 33
12 40 33
12 39 33
12 39 33
11 38 33
12 40 33
13 39 34
14 38 34
12 40 33
12 39 34
