16 23 44
17 26 43
17 24 44
17 25 45
15 23 43
17 25 43
18 26 43
18 24 45
17 26 45
17 24 45
15 25 45
16 25 44
14 23 42
18 22 42
17 23 42
16 27 44
15 21 44
15 18 42
18 21 41
19 19 40
21 19 38
23 17 38
31 16 30
32 23 33
26 18 43
16 21 57
25 21 50
22 22 56
19 22 51
21 12 46
24 14 42
27 5 37
36 12 28
38 14 24
41 19 24
44 19 25
45 21 27
44 25 32
45 26 35
40 32 46
40 27 52
41 36 58
41 36 59
40 35 61
37 32 57
36 27 52
37 20 48
39 19 44
35 19 42
33 19 41
31 18 41
30 14 39
28 10 40
28 14 38
30 17 41
32 15 49
24 17 63
31 36 55
31 30 50
27 22 51
26 21 51
27 23 49
28 26 52
28 26 52
28 23 51
28 24 51
30 24 51
30 23 52
32 24 51
33 22 51
35 22 50
37 24 51
36 22 51
34 22 49
38 23 50
39 22 49
42 22 50
42 23 48
41 20 49
40 18 48
39 22 50
37 24 52
38 24 52
37 20 50
40 17 46
41 18 47
39 15 46
35 19 48
34 21 49
32 21 46
31 19 45
30 21 49
27 21 51
26 20 50
28 22 49
28 22 48
25 22 47
26 21 48
26 21 48
26 21 49
27 20 49
28 19 47
27 20 46
26 21 48
25 20 49
25 18 48
26 20 46
27 21 47
26 23 45
26 26 46
23 27 46
21 28 46
18 30 48
17 33 51
20 35 51
21 34 50
22 36 53
23 39 48
24 41 48
24 41 50
27 40 46
22 41 50
23 41 49
23 43 50
23 40 51
22 41 51
23 44 51
26 46 48
27 43 48
27 42 48
28 42 49
29 46 49
29 46 49
28 46 48
26 43 49
25 44 49
27 44 48
27 46 48
25 44 46
25 44 48
25 44 48
25 44 48
25 43 48
25 43 48
25 43 48
23 43 47
23 43 47
24 44 48
26 44 48
25 45 47
24 44 47
24 44 47
24 44 47
25 44 48
25 44 47
25 45 48
25 44 46
25 45 47
26 46 47
26 45 48
27 46 48
26 46 46
25 46 48
26 45 48
27 45 48
27 45 48
27 47 48
26 45 47
25 47 48
26 44 47
25 46 47
25 44 48
26 46 48
26 45 48
26 45 47
24 46 47
24 45 48
24 44 46
25 44 47
24 44 47
24 44 48
23 45 46
22 44 46
22 43 45
21 44 44
21 45 44
18 44 43
19 43 42
18 44 42
18 45 42
18 44 42
19 45 41
17 44 42
17 42 44
16 43 39
15 44 39
14 42 36
15 42 34
14 39 33
11 36 31
11 40 30
9 40 29
9 34 30
10 34 30
12 33 30
15 34 29
14 36 29
14 39 31
13 37 32
12 38 33
14 37 33
15 38 34
15 37 34
15 37 35
15 37 36
13 37 37
14 38 37
13 38 37
13 37 37
14 38 38
13 39 36
12 39 38
13 37 39
13 37 37
12 38 37
11 37 38
12 38 37
13 37 36
13 38 36
13 36 38
13 37 37
13 36 37
12 37 37
13 36 36
13 37 36
12 38 37
13 36 37
13 37 37
12 37 36
13 36 36
12 36 37
13 37 36
14 36 36
12 37 36
12 36 36
13 35 37
12 36 36
12 34 36
13 36 36
13 35 36
13 37 36
12 34 37
12 36 36
11 36 35
13 35 35
13 36 36
13 35 36
13 35 36
12 35 36
13 35 36
11 35 36
11 34 36
11 35 36
13 34 36
12 36 36
12 34 36
12 36 35
13 36 36
12 35 35
13 36 36
12 34 36
12 35 37
12 35 36
12 34 36
13 35 36
12 35 37
12 35 36
13 36 36
12 35 36
13 35 36
14 35 35
13 35 36
