41 38 50
40 39 33
40 39 51
39 38 51
41 38 51
39 38 51
40 38 51
40 39 51
39 37 50
41 38 52
41 37 51
40 39 51
40 39 52
40 39 51
41 38 51
40 39 51
39 39 52
39 38 50
39 38 53
40 39 51
40 38 52
40 38 51
39 38 51
40 39 51
40 39 51
39 38 51
38 36 51
40 38 52
40 38 52
39 38 51
39 39 51
40 38 52
39 38 50
39 39 51
40 38 52
39 40 51
40 38 51
41 39 51
39 38 51
39 40 51
40 38 50
40 37 51
39 38 52
38 38 52
40 38 52
41 39 50
37 39 54
37 34 53
41 32 55
42 29 52
40 29 46
39 31 49
38 30 46
34 39 55
33 31 40
28 31 48
45 56 63
42 26 61
30 28 49
33 27 54
32 33 55
25 40 61
29 37 52
28 35 52
22 36 53
21 36 51
23 34 55
25 34 48
17 39 46
22 35 45
21 37 53
25 35 50
21 37 45
17 42 52
13 48 46
14 48 40
22 43 33
18 42 41
6 50 41
6 41 40
9 28 24
12 37 27
17 30 28
15 30 28
16 36 30
16 38 32
17 36 31
14 36 29
13 37 31
16 40 32
12 38 33
13 35 35
12 33 33
8 36 34
12 37 35
15 38 34
13 36 35
14 37 35
12 37 37
12 36 36
12 37 37
13 37 37
12 38 37
11 38 37
12 37 36
14 37 37
13 35 36
13 37 36
12 38 36
12 37 37
12 37 36
13 36 37
12 36 37
14 36 37
13 36 37
12 38 37
12 37 37
13 36 36
12 35 36
10 35 35
12 36 36
12 36 35
13 36 36
13 35 37
13 37 37
13 36 37
12 37 38
13 37 37
13 37 38
13 37 37
13 36 37
13 36 37
13 36 36
12 35 37
11 37 35
13 36 37
13 35 37
12 37 36
12 37 36
13 37 37
13 36 37
13 35 37
12 35 37
12 37 37
12 35 36
14 36 36
12 36 37
13 37 36
12 38 37
12 36 37
14 37 36
12 37 37
12 35 37
12 35 36
13 36 37
14 36 37
13 37 37
12 36 37
12 37 37
13 36 36
13 36 36
12 36 37
12 35 36
13 36 37
12 36 37
13 36 36
12 37 36
14 36 36
12 34 37
12 35 36
12 36 36
13 36 36
12 35 36
12 36 36
12 35 36
12 35 36
12 35 37
12 35 36
13 35 36
12 36 36
11 35 36
12 34 35
12 36 35
13 34 35
12 34 36
12 34 36
11 36 36
12 35 35
12 34 35
11 33 36
12 35 36
12 34 37
13 34 35
13 34 36
13 36 36
12 34 35
12 34 37
12 35 36
13 34 36
12 35 36
13 34 36
