32 19 48
31 20 48
31 20 48
30 21 48
30 20 48
32 19 49
30 18 48
30 20 48
30 20 47
30 20 48
30 20 48
31 20 49
32 19 49
30 19 48
30 18 48
30 21 50
31 19 48
31 20 48
31 20 49
32 20 48
30 20 49
31 20 49
29 19 49
31 20 48
30 19 48
30 20 48
32 21 49
31 20 47
32 19 49
32 20 49
31 21 49
31 21 48
30 20 48
31 20 49
31 19 48
31 20 49
31 20 49
32 20 49
31 21 48
30 20 49
31 21 49
30 21 48
30 20 49
30 19 49
31 20 49
30 20 49
31 19 49
32 21 49
31 19 50
30 20 48
32 19 48
31 20 48
31 20 48
28 20 47
30 20 49
31 20 48
28 20 47
30 18 48
31 19 48
30 16 48
32 17 48
31 19 47
32 18 49
34 19 49
33 21 51
35 23 52
36 27 51
36 29 50
37 31 49
36 28 51
35 27 52
37 25 50
36 25 51
35 24 52
34 25 52
32 27 54
32 25 55
31 29 52
29 28 51
30 30 50
28 28 51
26 28 50
25 27 51
26 27 51
25 28 51
23 28 51
21 25 51
23 23 50
25 23 47
25 23 47
26 22 49
26 21 49
22 21 50
24 22 49
23 21 47
25 23 46
24 23 46
23 23 47
22 24 48
22 25 46
20 27 48
19 26 50
21 27 50
24 28 48
25 31 48
23 32 49
21 30 48
20 31 47
17 32 48
16 32 46
16 34 47
15 35 47
17 37 47
17 36 47
16 38 46
17 40 47
19 40 47
20 39 45
20 41 46
20 41 46
21 43 47
21 42 46
23 42 46
22 45 47
23 43 48
23 43 46
23 45 45
25 45 47
23 46 47
24 46 48
24 45 47
24 45 47
23 44 47
23 45 45
24 46 46
25 47 46
24 47 47
25 45 47
24 45 46
22 46 46
23 45 46
23 44 46
25 45 46
25 45 47
26 45 46
26 45 47
29 45 48
29 46 47
28 44 47
27 45 48
26 45 47
26 45 47
26 44 46
24 44 45
25 45 47
25 43 49
23 42 48
24 44 50
22 44 49
16 49 47
12 50 47
14 43 46
16 42 44
17 43 43
19 44 41
19 42 40
19 40 38
19 43 40
18 42 42
18 41 42
19 41 43
21 40 44
23 38 44
22 39 45
21 40 45
21 41 48
21 43 47
21 43 48
19 41 47
19 40 48
21 39 47
19 39 47
20 39 49
20 38 47
19 39 49
20 39 48
20 36 46
18 37 45
19 37 46
18 35 45
18 36 46
19 36 45
19 36 46
19 36 46
19 36 47
19 35 47
18 36 46
18 35 45
18 38 44
19 36 44
20 37 45
16 35 45
17 37 46
17 39 45
18 39 46
16 37 45
16 38 44
16 37 44
15 39 43
15 37 43
16 37 43
14 38 42
16 38 42
16 38 43
14 38 43
16 38 44
16 38 44
16 39 43
17 37 44
15 39 44
15 37 43
16 37 43
15 37 43
18 37 43
16 37 43
16 38 43
15 38 43
16 39 42
15 37 42
16 38 43
15 39 43
15 37 43
15 38 43
16 38 42
16 38 42
16 37 43
16 37 44
15 37 42
17 38 43
15 38 43
14 38 44
16 38 44
16 36 42
15 39 42
17 38 41
18 35 42
17 37 41
12 40 40
11 41 40
11 37 40
13 36 39
13 37 40
13 37 40
12 36 40
12 36 39
13 36 38
13 37 38
13 36 38
12 38 39
