32 43 49
31 43 50
31 42 50
31 45 51
31 45 50
31 43 50
31 43 50
32 43 50
31 44 50
31 43 50
32 43 49
31 44 51
32 45 50
31 44 50
31 44 50
32 43 49
31 43 50
31 43 49
31 43 49
32 43 51
32 44 50
31 44 50
31 43 50
31 43 50
32 44 50
31 44 51
31 44 50
32 44 51
31 44 49
32 43 50
32 44 48
31 43 50
31 44 50
31 43 50
31 43 51
32 44 50
31 43 50
33 44 50
31 45 51
32 43 50
32 44 50
32 43 50
32 42 50
32 44 49
32 43 50
31 43 50
31 43 51
31 44 50
32 44 50
33 43 50
31 43 51
31 44 50
31 43 50
31 44 50
31 43 50
31 44 50
31 44 51
32 43 50
31 43 50
32 43 50
32 45 50
32 43 49
33 43 50
32 43 49
30 43 50
31 44 49
30 43 50
32 45 50
33 43 50
31 44 50
31 44 50
32 44 50
31 43 50
31 43 50
33 44 50
31 43 50
31 43 50
33 44 50
32 44 51
32 43 50
31 43 51
31 43 50
32 44 50
30 41 50
30 43 51
29 40 52
29 43 49
26 42 51
27 42 50
28 40 50
31 43 51
34 48 50
34 48 46
34 46 48
32 45 49
34 42 50
35 45 49
36 45 52
37 43 49
36 45 52
37 42 49
39 44 46
42 44 47
41 42 48
41 40 50
40 43 46
40 45 48
40 44 48
39 45 47
38 47 50
38 47 45
38 47 45
38 49 43
35 47 46
37 47 48
34 49 46
35 46 44
33 47 46
30 49 43
27 49 45
24 50 42
23 51 42
21 49 41
20 49 41
17 47 43
18 45 41
18 44 42
16 44 42
17 43 43
16 42 42
16 43 42
16 40 42
17 42 43
15 41 41
16 41 42
19 39 41
20 39 43
19 41 44
21 40 51
18 39 43
15 39 43
16 39 44
16 37 43
12 36 43
14 38 44
17 36 43
18 38 42
17 36 42
14 37 43
14 37 44
16 37 44
17 37 45
17 38 44
15 40 44
14 39 42
18 38 42
19 35 48
16 39 44
16 39 43
16 36 43
14 40 41
14 37 41
15 39 40
13 37 41
11 39 36
9 36 36
7 35 34
9 35 32
13 33 29
12 31 29
11 32 30
10 30 27
9 33 29
13 31 28
12 31 27
12 32 28
12 34 28
12 34 29
13 34 32
13 34 32
16 34 30
15 34 32
13 35 32
12 35 34
12 36 34
13 35 34
14 37 35
16 37 36
15 39 33
10 39 34
10 37 31
12 39 33
11 37 30
13 38 31
13 39 31
12 38 31
13 39 33
12 39 34
13 38 35
14 39 35
15 39 36
13 39 36
15 40 36
16 38 36
14 39 37
11 40 38
13 41 38
13 40 34
14 40 34
14 39 34
13 41 35
13 39 34
13 40 34
13 39 33
14 39 35
13 39 35
13 39 35
13 39 34
12 39 35
12 39 34
12 40 34
13 39 33
14 40 34
13 39 34
12 38 34
14 39 35
13 38 35
12 40 35
13 39 34
13 39 34
12 40 35
12 40 35
12 38 34
13 39 34
12 40 34
13 38 34
14 39 35
12 39 35
12 39 34
13 39 34
14 38 34
13 39 35
12 39 33
12 38 34
13 39 36
13 40 35
13 40 34
13 39 35
13 39 34
13 39 35
11 39 34
12 40 34
14 40 35
13 39 35
13 41 34
13 39 34
