28 38 52
29 39 52
27 38 52
29 38 51
28 39 52
27 39 51
27 38 52
28 38 51
27 38 51
29 39 52
28 38 51
29 38 51
28 38 51
28 37 51
28 38 52
28 40 52
28 38 52
27 38 51
27 38 52
28 39 52
29 39 51
28 39 51
28 39 52
28 39 51
28 37 51
28 40 52
28 38 52
27 38 52
28 40 52
28 38 52
28 38 52
28 39 52
28 38 51
29 39 52
27 39 51
27 40 52
27 39 51
28 39 51
28 37 52
25 38 53
16 49 51
23 33 48
23 30 48
26 40 51
34 24 59
36 32 49
31 34 53
19 32 51
18 33 49
25 33 51
25 32 52
20 32 50
22 33 51
24 33 51
20 30 49
19 31 49
17 30 50
17 28 48
17 27 46
16 25 45
17 26 43
14 25 42
15 24 41
15 27 37
14 25 34
11 27 37
13 28 35
12 28 34
12 30 36
11 30 35
12 29 35
12 30 35
11 35 31
10 31 31
9 34 33
13 33 31
12 32 31
10 29 30
10 32 28
15 33 30
12 33 32
15 36 34
14 34 31
14 34 29
11 34 31
11 32 29
11 33 29
12 31 30
9 29 32
11 30 34
11 27 33
11 28 35
12 28 35
14 28 37
14 27 35
14 27 36
16 26 33
15 27 36
15 25 37
14 29 37
13 27 38
11 29 39
15 31 39
12 31 37
11 32 39
14 32 39
13 32 39
11 32 39
12 34 37
12 32 37
12 33 38
12 31 38
13 30 37
13 30 39
13 32 39
11 31 37
14 32 37
13 32 38
13 32 38
12 33 38
12 31 39
13 30 39
13 32 39
12 32 38
13 32 37
13 33 38
13 36 38
12 34 38
12 37 36
13 35 37
12 36 38
13 37 37
13 36 38
12 37 38
12 35 36
13 36 37
13 36 36
13 36 37
12 36 36
13 35 37
12 35 37
13 36 37
12 36 38
13 36 37
12 38 37
13 37 36
12 35 38
12 35 37
13 34 37
13 34 36
13 36 36
13 34 36
12 36 37
12 37 37
13 35 37
12 36 36
13 36 35
12 36 36
12 36 36
13 36 38
12 37 36
13 37 36
13 35 36
13 38 36
13 40 36
13 38 35
13 36 35
13 36 35
13 35 35
12 35 36
13 36 36
12 36 35
13 37 35
13 38 35
13 39 36
12 38 36
11 37 36
12 37 36
12 37 36
12 37 34
12 35 36
13 37 35
12 35 35
13 35 36
13 37 35
12 37 36
13 38 35
12 36 36
12 38 34
12 36 35
12 37 35
12 37 35
12 36 34
12 38 36
13 38 35
13 38 36
13 37 35
12 36 35
13 36 35
12 35 35
13 36 35
13 36 34
12 37 36
13 38 36
13 36 35
12 37 36
12 38 35
13 36 35
13 37 36
13 38 34
13 36 36
12 37 35
13 37 35
12 37 35
13 37 34
12 38 35
12 39 35
12 38 36
13 38 35
13 36 35
12 37 36
11 37 36
13 36 35
13 36 35
12 36 35
12 38 35
