14 25 39
14 25 39
14 24 38
14 25 38
14 25 40
15 24 40
14 24 38
15 24 38
15 24 39
14 24 39
14 25 39
15 25 39
15 25 39
15 25 39
14 25 38
15 24 39
13 25 39
14 25 40
14 24 38
14 24 38
13 24 38
16 25 40
14 25 38
15 25 39
14 25 38
13 25 38
14 24 38
15 25 40
14 23 38
14 25 38
14 25 39
14 24 38
16 22 38
16 22 37
15 23 38
17 24 41
19 22 42
18 21 42
19 23 40
19 24 40
17 22 40
14 22 42
15 23 41
16 22 39
13 24 39
14 23 39
15 23 39
13 22 41
16 20 41
17 19 43
19 21 41
19 20 42
20 15 38
23 15 38
29 15 38
34 19 41
33 19 47
33 19 46
36 15 48
36 17 49
32 18 50
32 20 51
31 19 48
31 19 45
30 21 46
28 19 46
26 16 45
25 16 44
23 18 47
23 16 44
23 17 44
24 16 44
26 16 43
26 20 44
23 21 45
22 22 45
21 19 45
23 19 44
23 19 46
21 23 46
20 21 47
21 20 45
19 20 44
18 21 44
18 20 45
18 20 44
20 21 42
19 22 42
22 21 42
21 20 44
24 21 45
23 22 44
23 24 45
23 24 45
23 25 45
22 23 47
20 26 46
20 26 46
18 27 47
16 28 46
16 27 46
15 18 48
17 23 46
17 26 41
18 27 39
15 26 42
15 29 45
17 30 46
15 30 46
16 31 45
17 31 45
16 33 47
17 33 45
19 33 46
18 33 47
18 33 47
18 32 47
17 33 46
18 33 45
17 33 45
15 31 46
15 33 44
16 32 44
16 32 43
16 32 43
15 33 43
17 32 43
13 32 44
14 33 41
13 31 41
13 32 41
15 32 38
11 31 36
9 29 35
13 30 34
10 27 32
9 26 30
10 26 28
12 25 26
14 25 25
14 24 25
12 25 26
14 25 25
14 24 27
13 25 27
13 26 26
13 28 26
14 29 29
13 29 30
12 30 32
12 32 33
14 33 33
14 34 34
13 36 35
13 35 34
12 36 34
13 35 36
12 38 37
14 38 37
13 37 37
14 38 38
14 39 39
13 39 38
13 41 38
13 39 36
13 38 37
13 38 37
13 38 36
12 36 37
13 38 37
13 36 36
14 38 36
13 37 35
12 38 35
12 38 35
12 38 36
13 37 36
12 38 34
13 35 34
13 36 33
13 37 34
12 37 34
12 36 34
12 35 34
13 36 34
12 36 33
12 36 33
12 36 35
12 37 33
11 36 34
12 37 35
12 35 34
13 35 33
12 35 34
11 36 34
13 36 35
11 36 34
12 35 34
12 35 34
11 35 35
12 37 35
11 36 34
13 36 35
13 35 34
13 36 35
12 36 36
14 36 35
11 37 34
