29 34 53
28 35 52
29 34 54
29 33 52
30 33 52
29 34 52
28 33 53
29 35 53
29 34 53
29 35 53
29 35 52
30 34 54
29 35 53
30 34 52
30 34 52
30 36 52
30 35 54
29 35 53
31 34 52
29 34 53
29 35 52
29 36 53
29 35 53
30 34 52
29 34 53
28 34 53
30 34 53
29 34 53
30 34 53
29 34 53
29 35 53
30 35 53
29 34 53
30 36 53
29 35 52
29 35 52
30 35 53
30 34 52
28 35 52
30 35 53
29 36 52
29 36 53
29 36 53
30 35 53
29 35 53
30 34 53
29 35 52
28 36 52
29 34 52
32 36 53
30 35 53
30 35 53
29 36 53
29 34 54
29 35 53
30 34 53
29 35 52
30 35 52
30 34 53
29 34 54
27 35 54
26 37 54
24 34 49
22 29 50
21 35 48
23 35 51
27 37 51
44 29 49
34 28 55
22 35 55
28 33 54
28 32 52
23 32 52
24 33 50
20 31 52
23 30 52
25 26 51
24 26 52
21 25 49
23 22 50
23 23 47
20 22 44
23 18 48
20 16 46
18 19 43
20 20 36
16 20 36
18 20 34
20 20 32
14 18 32
16 22 33
15 22 33
13 21 30
18 24 31
13 22 35
12 27 33
12 25 32
14 27 33
11 27 36
11 28 36
14 29 32
12 30 35
9 29 34
11 30 37
14 33 37
11 32 37
5 30 39
8 30 36
17 28 41
15 38 46
17 36 45
16 36 45
15 36 43
13 34 42
12 35 40
13 36 42
12 36 41
10 34 44
12 33 39
14 34 42
15 34 37
18 37 41
17 35 42
16 36 45
18 35 46
17 37 47
17 37 43
14 37 42
13 37 42
12 35 41
16 34 42
17 35 40
17 33 41
15 34 43
17 32 43
14 35 45
16 33 45
16 37 46
16 40 46
18 38 45
18 38 45
18 37 44
18 37 45
16 38 45
15 36 44
15 38 44
14 36 44
15 38 42
17 37 43
13 37 43
13 37 44
14 37 41
14 37 41
14 36 40
15 38 40
13 39 39
15 38 40
14 41 39
15 42 39
14 41 39
15 38 40
15 40 38
14 38 38
14 40 38
14 39 38
14 39 38
14 39 39
12 41 38
13 41 38
14 40 36
14 39 37
14 38 38
14 39 37
14 40 37
14 42 36
14 41 37
14 41 37
15 41 37
15 40 37
13 39 36
12 38 36
13 39 36
13 39 36
13 40 37
13 41 37
14 40 35
14 38 36
14 39 38
13 38 37
12 39 37
13 40 36
14 38 37
14 38 37
13 39 36
12 39 37
13 39 36
14 39 36
13 39 35
14 38 37
13 40 36
13 40 36
13 39 36
13 39 36
13 39 35
13 39 36
13 36 35
13 38 36
13 39 37
14 40 36
13 39 36
13 39 37
13 39 36
13 39 36
13 38 35
12 38 36
13 39 37
12 40 35
14 40 36
13 39 36
13 39 36
12 40 36
12 39 35
14 40 36
13 39 35
13 38 35
14 38 37
13 38 35
13 38 36
14 39 36
13 39 36
12 39 36
14 38 35
13 39 36
13 38 36
14 39 36
14 39 35
13 38 36
13 39 36
12 39 35
12 38 36
14 39 36
13 38 36
12 37 35
13 39 36
13 39 36
