36 47 45
34 48 46
36 47 46
37 46 46
36 46 46
35 47 45
35 48 47
36 48 47
36 48 46
35 46 46
35 48 46
35 47 47
35 47 47
36 47 46
36 47 47
36 45 47
35 48 47
36 48 46
36 48 46
35 48 46
36 47 46
36 47 47
35 47 47
36 47 47
35 48 46
35 47 46
36 47 46
36 47 46
36 47 46
34 48 46
36 47 46
36 46 46
35 48 46
36 46 47
35 47 46
37 51 46
36 46 46
35 43 50
37 38 50
36 43 49
36 42 49
36 41 50
34 40 50
35 40 52
39 42 49
35 42 51
37 43 47
41 41 48
38 42 51
34 41 50
37 42 52
36 42 52
35 40 50
35 40 49
31 41 52
23 39 56
23 38 49
22 43 48
19 43 43
20 39 43
15 36 47
14 37 45
14 36 46
8 36 44
12 37 41
22 43 36
23 32 47
20 30 49
14 37 38
13 34 39
13 34 36
10 30 35
12 31 35
6 31 33
10 27 31
10 27 30
15 26 28
11 27 31
13 24 28
13 27 28
11 26 27
12 28 25
13 27 27
9 26 27
6 28 23
11 31 27
13 32 32
15 31 32
11 32 29
11 30 25
9 32 25
10 31 28
11 31 28
13 31 31
11 32 31
10 32 32
12 30 31
11 32 32
16 31 34
15 29 33
11 30 33
13 28 33
14 27 35
13 27 35
8 29 33
13 30 32
13 32 34
10 33 33
12 30 33
12 32 33
10 31 34
10 30 32
10 31 33
12 32 34
9 31 34
10 31 34
11 33 32
12 31 33
11 31 32
12 32 34
12 32 33
10 31 34
11 32 34
12 32 34
11 33 35
10 32 35
9 34 37
11 34 38
12 34 38
