35 42 51
35 41 51
35 39 50
35 39 51
36 39 51
36 38 53
34 41 52
37 38 52
36 36 51
37 35 52
35 36 53
34 35 53
35 36 52
37 37 51
35 37 52
34 39 50
37 40 52
36 37 51
35 37 52
36 39 52
36 37 51
36 39 51
35 40 52
35 39 51
36 40 52
36 39 50
36 39 52
35 40 52
34 39 52
36 40 51
36 39 51
36 39 52
36 37 51
35 40 51
35 40 51
36 38 51
35 40 51
35 39 52
36 40 51
37 38 51
36 39 52
36 39 51
35 40 51
38 40 53
37 37 51
34 36 51
37 36 51
34 39 52
34 38 53
34 38 51
34 40 51
35 38 52
34 35 54
37 39 50
37 37 50
36 37 52
39 38 52
38 40 51
36 39 51
34 40 52
31 41 54
30 44 52
28 36 52
27 41 54
27 37 54
22 35 49
21 35 48
19 33 50
19 34 47
20 36 48
19 36 48
19 34 45
19 34 48
13 34 51
16 32 45
18 37 42
20 35 40
18 32 41
14 33 41
9 35 38
10 36 35
9 36 33
11 36 26
11 36 29
12 33 24
5 32 27
11 28 26
12 28 27
14 26 25
13 29 27
16 31 30
18 29 31
18 27 32
15 32 33
10 34 34
10 32 33
11 34 36
12 34 34
12 34 31
9 33 31
10 34 30
12 36 33
13 34 32
11 34 33
9 36 33
11 34 34
12 34 34
12 35 34
11 37 33
13 36 33
11 33 33
12 35 34
11 35 34
13 35 32
12 33 34
11 34 33
12 35 32
12 35 32
11 34 33
12 34 32
11 35 32
11 35 33
11 35 31
11 33 32
12 35 32
12 34 34
11 35 33
11 34 34
12 35 34
11 34 34
12 34 33
11 35 33
11 35 33
13 34 33
11 33 32
11 34 34
11 35 34
11 35 35
10 34 33
