26 32 47
26 32 49
26 30 50
25 35 53
23 35 51
22 36 52
24 36 50
25 36 50
23 36 51
25 36 51
23 35 51
24 36 51
24 35 50
25 36 50
24 36 51
24 37 51
24 36 51
25 36 50
24 36 51
24 36 51
22 33 55
14 37 57
14 37 48
17 36 48
21 33 46
24 33 46
25 27 48
27 28 45
24 42 44
11 29 46
14 20 44
12 36 44
12 31 41
16 30 44
10 37 43
15 39 42
15 38 43
14 40 43
16 40 42
15 40 42
15 38 43
16 41 41
14 46 42
9 39 48
10 34 45
18 33 46
26 37 47
28 39 49
28 49 47
27 36 44
6 43 43
18 43 39
14 48 39
17 46 40
20 47 41
20 49 40
20 48 40
21 47 40
20 46 39
21 50 42
18 47 37
14 48 43
17 41 44
19 41 36
18 44 37
15 44 34
12 42 40
14 42 36
16 41 36
14 40 36
14 43 40
14 43 40
14 39 38
14 41 41
16 40 40
14 37 41
15 38 43
17 35 42
12 34 42
14 31 41
12 34 42
10 32 41
13 31 36
11 35 39
13 35 38
10 32 39
10 32 38
12 33 36
12 34 34
10 32 36
9 31 31
6 33 30
9 33 27
18 35 30
16 36 33
12 39 30
14 43 23
18 41 25
22 42 24
15 43 22
10 37 27
10 33 26
12 43 20
4 40 24
19 37 27
30 42 24
35 38 31
26 38 21
13 36 25
1 40 26
0 32 23
1 30 62
14 29 37
9 29 26
12 36 30
14 35 32
13 36 33
11 38 30
8 28 40
11 34 35
11 35 33
12 35 32
11 34 33
12 35 33
12 35 34
12 35 32
12 35 32
12 35 32
13 34 32
9 36 33
12 35 33
12 36 31
11 35 31
11 33 31
11 30 32
11 34 31
12 35 33
13 31 30
12 28 31
13 33 31
11 30 33
10 32 32
11 29 31
12 28 31
11 29 31
12 30 31
13 30 31
11 29 31
11 29 31
11 29 30
11 30 31
11 29 31
11 28 30
12 28 31
