34 26 52
33 26 53
34 27 53
34 27 51
34 28 51
33 28 51
34 27 52
33 28 53
32 27 53
34 27 52
35 28 52
34 26 52
34 27 52
34 27 53
35 27 52
35 27 53
35 27 52
34 27 52
33 28 52
34 27 52
34 26 52
33 28 52
34 26 53
34 27 53
33 27 51
33 27 53
34 28 52
34 27 52
35 27 52
34 27 53
35 26 52
34 28 53
33 28 52
33 26 51
34 28 53
35 27 52
32 26 53
33 27 52
34 27 52
33 28 53
33 26 53
33 27 52
34 27 52
33 27 52
34 26 53
33 28 52
35 28 52
34 27 52
35 26 53
33 26 52
34 26 54
34 27 53
33 27 53
38 27 54
29 28 49
26 35 43
31 38 37
37 60 44
39 50 47
30 55 46
39 61 50
36 40 43
39 43 46
28 45 49
38 44 41
38 42 49
34 46 53
36 45 49
32 56 45
32 31 45
40 52 51
33 39 42
23 35 53
19 40 61
7 53 45
18 48 38
12 49 34
14 36 32
11 39 36
1 35 36
5 29 21
13 27 27
15 28 27
16 30 30
19 31 30
19 32 31
19 29 31
17 31 31
15 31 32
14 33 34
13 33 36
10 32 37
11 31 37
14 34 37
13 35 36
12 37 37
9 35 38
9 30 36
11 32 34
14 33 34
11 34 34
11 34 34
13 35 34
12 36 35
12 36 35
13 35 35
13 36 36
12 35 35
12 36 36
13 35 36
12 35 34
11 35 35
12 34 35
11 34 35
12 35 35
11 34 35
12 34 34
12 33 34
12 34 35
11 34 34
12 34 35
11 33 35
12 33 35
13 34 35
11 36 35
12 34 36
12 34 36
13 34 35
13 36 35
11 35 35
12 36 36
13 35 36
12 36 36
12 35 36
11 35 37
12 34 35
12 36 37
11 34 35
11 35 36
13 34 36
11 35 36
13 35 36
11 35 36
12 35 36
13 35 35
12 35 36
13 34 36
12 33 35
13 34 36
13 34 35
12 34 36
11 35 35
12 35 36
12 34 36
13 35 37
12 35 36
11 35 36
12 34 36
13 34 36
12 34 36
13 35 36
12 36 36
12 35 36
12 34 36
13 34 37
11 35 34
12 35 36
13 36 36
12 34 36
12 35 36
