35 41 51
34 40 51
34 41 50
34 40 52
34 41 51
33 41 51
34 42 51
34 39 51
35 40 51
34 39 52
35 40 52
35 40 51
34 41 53
34 41 51
36 38 51
34 42 51
36 41 51
35 41 51
35 42 51
34 41 52
35 41 51
33 41 51
35 40 51
35 42 51
35 42 51
36 41 51
34 40 50
36 41 51
35 40 51
34 42 51
35 41 51
35 41 49
35 41 50
35 41 51
35 40 51
34 42 50
34 43 52
34 42 51
35 40 51
36 41 51
35 41 52
34 40 52
35 40 50
36 38 51
34 39 51
35 41 52
34 41 52
34 39 51
36 39 51
37 40 50
34 38 50
37 38 47
35 47 47
39 44 56
36 41 51
36 42 50
25 51 55
20 34 52
17 44 51
31 46 46
40 43 41
48 42 48
49 43 61
37 36 51
35 49 46
30 51 47
35 46 50
35 46 48
37 50 49
39 47 47
39 44 46
39 43 48
40 38 43
38 42 45
42 59 51
35 49 44
33 53 51
41 63 58
36 55 39
30 42 29
46 46 30
46 59 44
27 55 38
34 44 35
33 49 42
35 44 42
34 47 43
32 48 45
31 48 48
28 50 50
28 48 52
30 47 51
33 49 49
32 47 44
32 47 45
33 45 47
32 43 50
28 40 52
24 35 55
25 37 49
23 37 46
21 38 45
14 34 41
10 32 36
10 59 59
21 34 47
19 33 48
15 38 50
15 37 45
16 35 45
16 39 50
18 38 47
18 38 47
19 36 42
17 38 38
14 36 40
13 38 41
15 37 37
13 42 39
8 39 35
8 39 32
9 36 28
9 37 28
8 36 29
7 32 23
2 27 24
7 28 25
12 30 26
13 34 29
19 33 31
16 37 32
24 34 32
20 35 29
12 37 30
12 37 33
14 39 34
14 40 36
14 41 32
7 42 33
12 39 30
13 40 30
15 39 30
13 39 30
12 38 26
13 37 27
12 38 27
13 37 26
11 37 28
11 36 29
15 39 33
12 36 33
14 37 32
13 39 32
12 38 33
12 38 32
14 40 34
13 40 33
13 38 34
8 40 35
14 39 34
12 40 34
11 40 33
14 39 34
12 38 33
