23 34 49
20 34 50
19 34 53
22 34 49
21 28 49
21 29 50
21 33 48
21 31 48
23 33 49
22 34 50
21 33 49
21 33 49
22 34 50
21 32 49
22 34 49
20 34 50
21 33 49
21 33 50
21 32 50
23 34 50
22 32 50
22 33 49
22 33 49
23 34 49
21 33 50
23 33 49
21 33 52
16 35 51
10 38 46
15 32 50
18 28 45
22 30 49
28 23 49
27 26 40
24 32 46
19 28 46
10 22 46
16 27 48
20 31 47
16 26 45
14 29 45
17 29 43
15 28 41
14 29 41
16 29 44
16 35 41
17 38 41
12 48 45
17 46 46
18 44 38
20 44 40
19 45 42
18 46 41
21 48 42
21 50 40
19 49 41
21 46 41
20 48 42
5 43 45
5 54 29
22 43 21
29 41 29
27 42 41
21 40 48
17 43 58
6 45 29
11 40 34
11 43 28
11 43 31
13 37 27
14 37 24
17 37 28
14 37 24
13 38 27
13 39 29
10 38 31
13 40 30
11 41 30
14 42 31
13 41 37
9 40 35
8 37 39
10 34 33
15 31 28
17 40 34
13 38 40
12 39 40
15 40 40
15 37 40
15 40 39
12 40 39
9 41 38
12 40 33
12 40 34
11 38 34
13 37 33
14 40 33
13 38 32
13 40 32
12 41 31
10 42 32
13 40 31
12 38 31
12 36 27
5 37 23
14 39 32
13 32 41
10 34 39
14 39 36
14 36 36
14 33 33
13 33 31
12 32 29
11 32 30
10 29 34
10 35 30
11 34 31
11 34 30
12 33 29
11 34 29
13 36 30
13 35 29
12 35 28
14 35 28
9 33 26
11 34 29
11 33 30
11 34 28
12 32 28
12 31 30
12 31 30
11 28 28
11 28 29
12 31 30
13 30 29
11 28 29
11 29 29
11 28 30
12 29 28
13 29 28
12 27 29
12 28 28
12 30 28
12 28 29
12 30 31
10 39 31
