39 33 52
38 34 53
38 35 53
38 36 52
39 36 52
38 35 52
38 35 52
39 35 53
39 36 53
40 36 52
39 35 52
38 35 53
38 34 52
38 36 52
38 36 53
37 36 52
38 35 52
38 34 52
38 35 53
38 35 52
38 37 51
38 35 53
39 36 53
38 36 52
38 34 53
39 33 52
38 36 52
39 36 51
38 34 52
38 37 52
39 36 52
38 34 52
38 36 53
38 35 53
39 36 51
39 33 52
38 36 51
37 35 52
40 35 52
38 36 52
39 35 52
39 36 53
39 37 53
39 35 52
39 36 53
37 34 52
38 35 53
38 34 52
37 35 52
38 34 52
39 34 53
39 35 52
40 37 53
38 36 53
39 34 52
39 36 51
39 36 52
40 36 51
39 37 51
38 36 51
39 35 53
41 34 53
40 35 52
39 37 52
38 37 52
37 35 53
37 34 53
38 34 53
36 32 52
38 32 54
37 33 52
39 33 53
40 32 54
40 33 54
43 35 55
38 32 53
36 32 48
30 32 47
21 29 48
18 26 48
18 27 48
19 27 47
18 29 45
16 29 45
16 28 43
14 31 41
13 30 40
10 32 37
13 31 40
16 34 41
12 33 39
12 35 42
14 34 42
12 30 41
14 32 42
14 31 42
15 30 42
15 30 42
14 29 44
14 29 45
14 31 43
14 29 42
16 30 42
15 30 40
14 31 42
12 31 43
17 32 41
17 37 46
13 35 40
11 37 47
17 34 43
18 32 40
15 37 38
15 39 41
14 37 42
14 37 39
12 40 38
14 39 40
14 39 39
15 39 39
14 42 40
15 39 36
15 37 39
14 41 43
12 38 45
11 41 43
14 41 42
16 40 42
19 39 42
13 23 56
19 35 44
11 34 45
14 31 50
17 26 52
20 29 48
16 26 47
14 27 47
19 28 46
23 30 46
22 29 45
22 34 40
22 43 46
23 43 45
22 40 63
26 42 46
28 42 49
24 44 49
23 44 49
23 43 50
26 45 50
26 41 47
20 34 46
23 46 46
20 45 43
21 44 48
21 41 47
22 43 45
24 46 47
18 43 46
19 42 42
18 47 43
18 42 41
20 45 43
19 44 42
18 47 40
19 47 40
17 47 38
17 45 36
14 43 34
15 49 37
11 45 36
1 42 43
10 41 36
10 28 32
12 34 38
14 41 44
17 40 40
18 44 44
22 41 39
23 40 40
25 43 43
24 43 42
22 45 48
22 44 48
23 41 48
25 41 48
21 43 47
22 43 47
25 42 44
24 43 46
19 45 48
24 44 45
23 46 46
22 47 44
21 47 43
18 47 45
19 47 40
19 47 40
19 46 36
19 49 35
20 49 39
21 48 38
21 49 38
19 45 40
20 41 37
18 40 37
19 44 35
16 46 38
16 48 32
15 45 34
15 46 32
16 46 30
15 45 32
17 44 30
17 44 32
16 48 31
17 44 31
16 45 31
15 44 30
17 45 30
16 46 32
17 47 36
18 44 34
17 42 36
25 43 39
20 36 38
11 43 47
14 41 42
11 35 40
9 34 40
8 34 40
9 30 36
12 30 36
13 34 37
13 37 37
