34 28 51
34 28 51
33 28 52
33 29 53
34 28 52
34 28 52
34 27 53
34 28 52
33 28 52
34 28 53
33 28 53
33 27 53
33 29 52
33 27 53
33 28 52
33 29 53
33 28 52
34 27 52
35 28 53
33 28 53
32 28 53
34 29 52
35 28 53
34 29 52
34 28 53
33 28 53
33 27 52
33 28 53
33 29 52
34 29 52
35 28 53
35 26 52
36 29 52
35 30 53
34 32 54
34 35 54
33 36 54
32 34 55
33 36 56
35 42 54
37 45 49
36 47 49
37 49 46
43 48 36
45 46 30
39 49 25
47 43 19
47 37 7
42 31 15
32 22 28
58 56 25
60 60 39
42 60 26
47 52 39
41 42 44
48 58 48
34 61 41
23 56 47
17 49 40
8 40 40
3 41 44
11 33 37
15 39 39
21 36 36
18 38 37
19 38 36
20 39 36
17 38 37
11 36 36
6 39 33
9 41 35
12 34 34
14 35 32
15 37 33
14 36 33
12 38 32
14 38 34
12 37 33
8 37 33
11 38 36
12 36 36
13 36 35
14 36 35
11 35 36
14 35 38
13 34 39
15 35 37
11 32 37
14 34 37
13 34 37
12 33 37
11 35 38
13 35 36
11 36 38
12 35 38
15 35 39
13 35 39
12 35 38
13 36 38
13 37 38
13 36 37
13 35 38
12 34 38
13 34 39
12 33 38
13 34 38
12 35 39
14 35 40
12 35 38
13 34 38
13 35 39
13 34 39
12 34 38
13 35 38
12 34 37
13 35 38
12 34 37
12 34 39
13 34 38
12 34 38
12 34 38
13 36 37
13 35 37
12 34 38
13 35 38
11 34 37
13 36 38
13 34 39
13 34 39
13 33 39
12 33 38
13 35 39
14 35 38
12 35 38
13 35 38
13 35 38
14 34 39
12 34 38
12 35 39
12 35 39
12 35 38
13 35 38
13 35 39
12 36 38
13 35 39
14 35 39
14 34 39
13 35 37
12 34 38
13 35 38
13 34 38
12 35 39
12 36 38
11 35 38
13 35 40
12 35 38
12 35 39
13 34 39
13 36 39
13 36 38
13 36 38
14 36 39
11 35 38
13 36 39
12 35 37
14 34 37
14 35 38
12 34 38
14 36 39
12 35 39
13 34 38
13 35 38
13 35 38
13 35 39
14 33 38
12 36 39
14 35 38
14 36 38
13 34 38
13 34 38
14 35 38
13 34 38
13 36 38
12 36 38
14 36 38
14 36 39
13 34 38
13 34 39
12 35 37
13 37 38
12 36 38
13 35 38
13 35 38
13 35 39
14 35 38
13 35 38
13 36 38
12 35 38
12 35 38
12 35 38
