49 30 47
48 31 46
49 31 46
49 32 47
47 30 45
50 30 46
48 30 46
48 31 47
47 30 46
48 31 46
48 30 45
48 31 45
49 30 45
48 31 46
49 31 46
47 30 46
49 30 46
48 31 46
48 31 46
48 31 46
49 30 46
48 31 46
48 31 46
48 32 47
49 30 46
49 31 46
49 30 46
48 30 46
48 30 46
49 31 46
48 30 47
47 31 47
47 31 46
49 31 47
47 31 47
48 32 47
47 30 47
47 26 45
49 27 43
54 28 38
55 31 36
54 35 36
53 37 32
56 35 31
54 35 33
54 33 35
51 34 37
50 36 37
50 38 37
52 42 40
52 45 36
52 45 40
52 42 36
49 42 36
52 43 33
51 43 33
53 43 33
51 44 35
50 47 37
47 45 37
44 46 38
47 44 38
45 49 39
43 50 38
40 51 40
40 50 39
36 52 43
35 46 44
30 48 47
26 51 47
23 50 48
22 50 46
22 48 46
18 48 47
18 47 42
20 45 44
21 43 44
21 43 44
22 42 45
22 42 45
21 42 45
22 42 47
22 43 47
21 43 47
21 44 46
20 41 46
21 41 45
20 40 45
22 40 45
22 40 46
21 41 46
20 42 44
21 42 45
20 42 45
21 42 46
19 38 50
19 39 49
18 37 53
21 39 50
24 39 49
24 41 48
25 38 46
23 41 47
21 41 47
21 41 46
18 41 47
18 45 45
18 47 46
16 43 39
14 44 40
15 44 40
11 40 36
10 43 36
9 40 36
11 37 35
13 38 32
12 38 31
14 39 30
13 39 32
15 37 32
14 36 30
13 35 30
14 36 32
12 37 32
12 37 32
14 37 32
14 37 32
12 38 32
13 38 33
13 38 34
12 38 34
13 39 32
13 39 34
13 38 33
13 39 33
12 40 33
12 39 32
12 39 34
13 38 33
13 38 33
12 38 34
14 39 33
13 38 33
13 39 33
12 40 34
13 38 34
13 38 32
13 39 33
14 39 34
13 38 33
13 38 33
12 39 33
12 38 34
12 39 33
13 37 33
13 37 33
14 38 32
12 39 32
12 38 32
12 39 33
13 40 33
12 38 32
13 40 33
13 38 32
13 39 33
13 38 33
12 39 33
12 39 32
13 38 33
13 39 33
13 39 33
14 39 32
13 38 33
13 40 32
13 39 33
13 38 33
13 38 33
13 39 33
11 39 34
12 38 34
12 39 34
12 39 33
13 39 33
12 38 34
11 38 33
12 38 33
11 38 34
13 38 33
13 38 33
13 38 32
13 39 33
13 39 33
13 38 32
13 39 33
13 39 33
12 39 33
12 38 34
13 38 34
14 39 33
12 38 33
13 39 33
13 38 33
