21 27 48
20 28 48
21 28 49
20 29 47
21 27 49
21 27 48
20 28 49
21 27 48
20 27 49
21 27 49
21 27 49
21 29 49
21 28 50
22 27 49
22 27 49
22 25 49
23 26 49
23 25 50
23 24 50
24 26 50
25 26 51
25 26 51
24 26 50
25 25 50
25 25 52
26 25 50
26 24 50
27 24 50
28 24 49
28 23 51
28 24 51
29 26 52
29 26 52
29 26 50
30 26 51
30 24 50
31 23 50
31 24 50
30 27 53
30 24 53
29 26 52
28 27 52
27 27 50
28 26 50
26 26 51
23 27 49
23 23 49
20 23 48
22 23 45
19 27 47
18 25 45
17 27 45
18 26 46
16 29 44
15 28 44
17 29 43
15 30 44
14 31 44
14 32 45
12 29 45
14 30 44
16 31 42
17 31 42
15 31 42
15 34 42
15 37 43
17 38 44
19 39 45
21 42 45
19 42 47
19 42 46
20 41 46
18 43 46
20 43 46
22 45 46
22 46 45
23 47 45
24 48 46
23 47 47
26 45 46
25 46 45
25 48 46
26 46 45
25 47 46
26 47 46
26 44 48
27 43 49
27 45 49
27 45 47
27 47 47
27 45 46
27 45 47
24 45 47
24 45 46
25 46 46
24 46 46
23 47 45
21 47 43
21 47 42
22 47 42
23 47 42
22 46 42
21 46 41
19 48 41
16 49 37
11 50 32
11 46 31
12 45 30
16 45 29
18 43 30
18 40 28
18 42 27
17 40 27
14 40 27
14 41 26
13 40 28
12 37 27
14 38 28
15 38 29
14 37 29
14 40 29
14 37 30
14 37 30
13 37 30
13 37 31
12 37 31
12 38 30
12 38 30
12 38 30
11 37 31
12 38 30
13 38 30
13 37 31
12 37 32
12 37 31
13 37 32
12 38 32
13 38 33
12 38 33
12 37 33
14 38 34
12 38 34
13 37 34
12 37 34
12 38 34
13 36 34
12 37 33
13 37 33
13 37 34
13 37 34
12 36 34
14 36 34
12 37 34
13 36 34
13 34 33
13 35 34
13 35 33
11 36 34
12 36 34
13 36 34
12 37 35
13 37 33
13 35 35
12 37 34
12 37 35
12 36 34
13 35 34
12 35 35
11 36 34
11 35 34
12 36 34
12 36 34
11 36 34
13 35 35
14 35 34
13 36 35
12 37 35
13 35 34
12 36 34
12 34 34
12 35 34
12 36 33
12 36 34
13 35 35
12 35 33
12 36 34
12 35 34
13 35 34
12 35 34
12 36 34
11 36 34
11 35 34
12 36 34
