43 31 51
43 32 50
44 32 51
42 33 50
44 31 51
44 32 50
44 32 50
44 32 51
45 31 50
44 32 50
44 33 50
44 31 50
44 33 50
44 33 50
44 32 50
45 34 50
45 34 50
43 34 50
44 36 50
44 30 51
45 26 47
45 26 47
44 28 49
44 30 50
43 32 50
44 32 50
44 31 49
45 31 50
43 31 49
44 31 49
44 31 50
44 32 49
44 32 49
44 32 50
44 31 50
44 31 50
44 31 51
44 31 50
43 31 50
43 31 50
42 31 51
42 31 50
42 30 50
42 30 50
44 32 51
43 32 51
43 32 50
44 31 50
43 32 51
43 31 51
43 30 50
44 31 51
43 31 51
44 32 51
43 30 51
42 31 50
44 32 52
41 31 51
42 31 51
43 32 49
43 31 50
43 30 51
43 31 51
43 30 50
42 32 50
42 32 51
43 31 51
42 32 50
44 31 50
43 30 50
45 31 50
43 32 50
42 30 51
42 31 51
43 32 51
44 30 50
44 32 51
43 32 51
42 31 52
43 32 51
44 33 49
44 32 49
45 31 49
44 30 49
45 30 50
46 32 49
45 31 49
46 31 49
47 28 50
46 27 49
45 25 50
40 24 50
36 25 50
42 26 51
50 26 50
46 27 48
40 26 44
43 19 40
48 19 38
52 24 37
45 27 38
49 32 49
52 26 49
46 28 48
47 26 50
47 28 50
48 35 53
47 31 52
46 30 49
48 31 48
47 31 50
45 34 52
44 30 51
45 30 49
43 28 44
38 24 44
44 25 51
61 31 46
49 27 45
55 32 45
58 38 45
62 35 46
56 42 49
37 42 49
34 35 48
23 33 49
30 29 49
32 26 48
33 26 49
31 27 52
33 27 54
33 28 53
32 28 51
32 29 51
33 29 52
31 30 53
32 32 53
30 32 54
27 30 53
25 31 53
24 29 54
27 31 51
29 35 48
31 36 50
30 42 54
29 43 55
35 45 54
36 40 51
33 42 51
23 38 52
20 31 52
21 30 54
27 29 55
29 31 53
30 32 50
24 30 50
26 30 49
26 31 51
28 33 50
30 37 50
29 37 54
26 39 55
24 40 55
27 40 55
28 41 53
31 42 51
30 42 48
32 43 46
33 42 48
33 43 49
31 45 50
30 45 50
30 44 50
29 44 48
29 44 47
26 44 48
27 45 48
27 45 49
26 45 47
24 47 49
25 47 48
23 47 48
25 45 47
26 44 45
25 45 45
26 45 45
26 46 46
25 46 46
23 46 48
24 46 47
24 44 46
23 48 44
25 49 44
25 47 46
25 47 47
24 45 48
27 45 46
28 45 45
28 49 44
27 52 43
25 54 43
25 53 43
26 54 42
23 50 42
24 49 43
25 49 44
25 47 43
24 45 42
24 45 41
22 46 40
22 46 39
22 47 40
21 47 42
19 47 44
21 45 43
20 45 43
20 46 42
18 46 41
20 48 41
22 47 42
21 47 41
23 47 40
21 48 40
21 47 40
21 48 39
22 46 40
20 45 39
20 45 39
18 45 40
17 46 43
16 42 42
16 43 43
17 42 43
18 42 42
17 42 41
15 42 41
15 42 41
16 43 42
17 44 42
17 41 41
18 42 41
16 42 41
16 41 42
17 43 42
17 43 41
17 43 40
17 43 40
16 44 41
16 43 41
17 43 41
15 43 41
16 43 41
16 41 42
16 41 42
16 41 41
17 41 43
16 42 41
17 42 41
16 42 41
17 42 42
17 42 40
15 41 41
17 41 42
17 42 41
15 41 40
16 42 41
15 41 42
17 42 42
16 41 41
16 43 41
16 43 41
15 42 42
16 42 42
16 42 41
15 42 41
16 42 42
16 42 42
16 41 41
16 42 42
16 40 41
16 40 42
15 43 41
17 42 41
16 41 41
16 42 42
17 40 42
16 40 41
15 41 42
17 42 41
15 40 41
17 42 42
17 41 41
17 41 41
16 43 41
17 42 41
17 40 42
16 41 41
16 41 42
16 41 42
16 41 42
15 41 41
16 41 41
16 41 40
16 41 41
16 42 41
15 40 42
16 41 42
16 42 41
15 41 41
16 42 41
17 40 42
17 41 41
