41 33 51
43 33 51
43 33 51
42 34 51
43 34 50
44 35 50
43 33 50
43 33 50
43 34 50
43 35 50
44 34 51
43 34 52
43 34 50
43 34 51
43 33 50
43 34 51
43 33 51
44 35 51
43 34 50
42 33 52
43 33 51
42 33 51
43 34 51
43 34 50
42 32 51
42 34 51
44 34 50
43 33 51
43 34 51
43 34 52
42 34 51
42 33 50
42 33 51
43 33 51
43 33 51
42 35 51
43 35 50
43 34 51
42 35 51
41 34 51
43 36 51
42 34 51
43 34 51
43 35 52
43 33 50
43 33 50
42 35 51
44 33 50
42 33 50
43 34 50
43 33 51
42 34 50
42 33 51
42 33 51
45 33 51
43 33 53
43 33 52
45 33 50
43 32 50
45 32 50
45 32 50
45 33 49
44 33 50
44 34 51
44 35 50
45 34 49
46 36 47
47 37 47
52 38 47
56 43 53
49 36 51
46 33 50
47 36 50
48 35 51
37 37 47
26 36 47
24 31 49
27 25 51
31 23 51
30 26 50
29 26 51
26 25 50
28 22 53
28 20 51
29 22 49
28 22 50
30 23 50
29 21 49
30 19 49
29 20 48
28 22 49
27 23 51
28 25 51
26 27 49
26 26 51
26 26 50
23 24 47
17 27 46
17 26 49
21 29 49
19 31 47
18 34 46
16 35 47
16 34 48
18 35 46
16 35 46
17 40 45
16 40 47
17 39 46
20 40 47
20 41 46
20 42 45
20 41 47
20 43 47
20 44 47
22 44 46
22 44 47
25 43 47
27 44 45
26 46 45
25 48 47
24 49 47
26 46 46
26 45 45
25 46 44
27 48 45
26 48 46
26 46 47
26 47 47
25 47 47
26 46 46
27 46 45
26 47 46
25 48 46
28 46 46
27 45 47
28 46 46
26 47 46
27 47 45
29 48 46
27 48 46
26 47 46
28 47 46
27 46 44
26 46 45
26 46 46
28 46 48
27 43 51
25 43 50
26 39 48
26 42 46
23 42 48
23 35 55
21 44 55
23 44 45
24 45 47
19 45 45
20 48 41
17 46 38
17 47 39
13 44 36
11 44 42
15 40 44
13 42 39
15 43 38
18 43 38
17 41 40
17 44 40
18 43 40
21 39 41
21 41 41
22 41 42
21 43 42
19 44 42
18 43 42
14 42 41
11 43 41
12 41 41
14 39 41
15 37 40
13 38 39
12 38 38
13 37 38
15 36 39
13 37 38
14 35 38
13 37 39
13 36 39
13 35 39
15 37 39
15 36 38
13 37 40
12 37 40
13 38 39
13 38 39
13 38 38
13 36 39
13 36 38
13 37 37
12 37 38
14 37 38
12 37 38
14 37 38
13 38 38
14 37 38
13 36 38
13 37 37
12 38 38
13 38 38
14 37 39
13 37 40
12 37 39
13 36 39
14 37 39
14 37 39
13 38 39
13 38 38
12 38 39
13 36 39
13 36 38
12 36 40
14 36 39
13 36 39
13 36 39
12 36 39
14 37 39
13 37 39
14 37 40
13 36 39
13 38 39
12 37 39
13 36 39
14 37 38
13 35 39
12 36 38
14 36 38
13 36 39
13 37 38
13 35 38
13 36 39
13 35 38
13 38 38
