27 24 13
27 25 13
28 24 13
26 24 12
27 23 13
26 25 13
26 25 13
27 23 14
26 24 12
27 25 13
27 24 13
26 24 13
26 25 13
27 25 13
27 25 13
28 25 14
27 24 13
26 24 13
28 24 13
26 25 12
26 26 13
26 24 12
27 24 13
27 24 14
27 26 13
27 24 12
26 23 13
24 25 12
28 24 12
27 25 12
27 24 12
25 24 13
28 25 13
27 24 13
27 25 13
27 24 13
27 25 13
27 24 13
26 24 12
25 24 13
26 24 12
27 23 14
28 24 14
28 23 13
27 22 14
28 24 14
28 22 13
28 22 13
27 25 13
28 22 13
28 22 13
28 22 14
28 21 14
27 22 13
28 22 13
28 23 13
29 22 13
29 23 15
28 22 14
27 23 13
28 24 13
27 24 11
27 24 12
28 23 13
29 22 13
26 24 14
28 22 13
28 22 12
29 19 11
29 18 14
26 12 17
22 11 19
31 7 24
34 13 25
35 12 27
36 13 31
38 15 30
41 14 31
43 20 31
44 25 32
45 26 32
45 37 39
52 39 48
41 38 54
28 36 58
16 31 56
7 32 61
17 22 55
25 34 43
19 32 45
8 20 39
16 27 45
20 28 44
17 33 42
20 32 46
10 33 42
13 36 35
8 39 38
13 41 33
12 40 30
13 39 37
14 39 27
11 41 42
15 43 25
13 44 40
13 43 32
16 45 33
12 43 40
11 43 38
9 46 44
12 48 35
18 37 34
16 36 43
15 37 40
7 37 41
13 42 43
22 47 41
30 56 33
28 51 39
27 51 36
30 47 38
32 42 38
32 48 47
32 45 50
27 47 48
28 40 50
24 46 54
20 28 49
16 34 43
18 35 49
18 33 47
14 33 45
11 34 43
15 34 40
12 29 39
8 33 38
12 34 33
5 29 30
2 29 37
14 30 48
18 28 28
9 38 34
8 35 32
11 34 35
12 36 35
13 36 33
17 36 34
18 36 34
16 37 35
14 36 35
11 38 37
12 36 36
15 34 38
9 36 42
10 35 39
15 35 40
11 35 42
11 34 40
10 31 37
13 35 37
9 37 39
15 33 32
15 36 34
12 39 38
11 38 39
12 31 34
12 32 38
12 36 38
14 36 39
12 34 40
11 32 39
12 32 38
14 33 39
13 34 38
14 33 38
13 33 38
12 34 38
11 34 37
13 33 36
12 33 37
12 34 38
12 36 38
11 33 38
12 30 37
14 32 38
13 33 38
13 31 37
14 31 36
14 32 37
12 29 37
13 30 37
14 28 37
13 28 37
