44 33 28
42 27 49
42 29 50
43 29 50
44 28 51
43 28 50
42 27 50
42 28 51
42 27 50
43 27 50
44 27 50
43 28 50
43 27 51
42 28 50
43 27 50
43 28 50
42 28 50
43 28 50
44 27 49
42 26 49
43 27 51
43 27 50
43 26 49
43 27 50
42 27 50
43 26 50
42 28 50
43 29 49
43 27 50
42 28 48
43 27 50
42 28 50
42 28 51
43 27 50
43 28 50
43 29 51
44 29 50
44 28 49
43 29 51
43 28 50
43 29 51
43 27 50
42 29 51
42 30 50
44 30 50
44 29 51
43 28 49
43 29 49
43 27 51
43 29 50
42 28 49
44 29 51
43 28 51
43 30 50
43 28 50
42 29 50
43 29 50
44 30 50
42 28 49
42 30 49
43 29 51
44 28 49
43 29 50
43 29 50
43 29 50
43 28 50
43 29 50
44 27 49
44 29 50
44 31 49
44 27 48
45 29 48
45 28 50
44 29 51
44 32 51
44 34 50
44 35 49
45 37 48
45 36 48
48 38 48
49 40 52
53 39 53
52 37 54
43 35 55
37 32 53
33 30 51
30 32 47
28 27 48
31 26 49
32 21 50
31 16 49
31 18 49
32 20 48
35 19 47
35 19 46
35 19 45
34 23 43
35 18 46
37 21 48
37 26 50
35 28 50
32 28 51
32 28 55
30 26 53
29 27 52
29 29 51
28 28 50
28 28 49
27 27 49
26 26 49
23 28 49
18 27 47
18 28 47
17 31 46
14 31 44
14 33 43
13 36 44
13 35 43
12 34 42
13 34 42
15 37 42
17 41 42
17 41 44
17 44 45
19 42 46
19 43 46
22 42 45
21 42 46
21 46 47
20 44 49
20 41 47
20 40 48
21 43 47
21 42 46
22 45 46
22 44 45
24 44 45
24 45 48
25 44 51
23 41 51
24 44 50
25 47 48
26 43 48
27 42 50
28 40 51
31 34 52
31 33 51
32 35 49
30 36 50
29 38 53
31 39 53
31 38 53
31 38 52
31 40 52
31 40 53
32 38 51
33 41 52
32 41 52
30 40 55
30 43 50
29 42 51
30 41 51
31 40 49
30 40 50
30 41 49
29 42 50
28 41 51
29 41 51
28 41 52
31 42 51
29 41 51
28 41 51
29 40 50
29 41 51
30 42 50
31 41 51
28 40 52
30 41 50
28 42 51
28 42 50
27 41 50
30 40 50
29 42 51
28 41 51
29 41 51
32 41 50
30 42 50
28 43 50
29 41 50
30 39 49
29 43 51
29 44 51
29 44 52
28 40 50
31 43 50
29 42 50
29 40 50
29 41 50
30 41 50
29 41 50
30 42 49
29 42 49
30 42 49
31 42 49
29 43 50
29 45 51
30 42 51
29 41 53
29 42 53
30 41 51
29 42 50
27 41 49
27 42 52
27 43 53
29 39 52
30 41 48
31 38 47
28 43 52
24 39 53
24 38 52
23 35 50
24 38 51
22 39 53
23 39 49
26 38 48
25 39 50
23 41 50
23 40 49
22 39 48
24 38 51
25 39 50
24 39 49
24 39 50
22 40 50
24 39 49
24 39 50
24 38 49
25 38 50
25 40 50
24 40 51
23 38 49
24 40 50
25 38 49
25 40 50
24 40 51
24 39 50
25 40 50
23 38 51
21 38 48
19 39 47
21 36 48
21 38 48
22 37 49
21 38 49
22 37 49
22 36 48
23 38 49
24 38 49
22 38 51
23 39 49
25 39 48
25 39 52
25 38 50
23 38 50
23 38 49
24 38 48
24 39 49
25 39 50
25 39 49
25 39 50
22 43 51
20 39 50
17 42 49
17 46 44
16 46 43
15 45 41
11 44 44
15 42 44
16 41 41
14 44 39
16 44 41
13 43 38
16 44 40
20 40 39
21 40 40
18 39 42
18 40 42
18 39 44
20 37 42
23 37 41
19 37 44
17 36 42
15 38 44
11 40 41
10 37 42
12 36 42
12 36 40
14 35 39
15 37 41
15 33 42
13 34 41
14 34 41
14 34 41
14 35 40
14 36 41
14 36 40
14 36 40
13 36 41
14 35 40
13 34 41
14 32 40
13 34 39
13 34 41
13 38 41
11 38 45
13 37 46
15 43 48
17 45 43
23 45 42
22 42 42
22 38 45
23 34 48
25 31 52
27 33 53
30 36 52
30 41 52
32 43 50
32 43 46
31 42 47
33 39 47
28 40 48
24 40 48
20 41 47
18 40 45
15 36 44
10 39 44
12 44 40
11 43 43
12 40 42
13 42 38
14 42 36
12 37 37
13 37 36
13 38 36
13 36 37
13 35 37
13 36 39
12 36 38
13 37 38
13 36 37
13 37 38
12 38 38
13 35 38
13 35 38
12 36 38
14 37 38
14 36 38
13 36 37
12 36 38
13 37 38
13 36 37
13 37 38
12 35 38
13 35 38
12 38 38
13 37 38
14 37 37
12 36 37
14 35 37
12 36 38
12 36 38
13 36 38
13 36 37
12 36 37
14 36 37
13 36 38
12 36 37
13 35 38
13 36 38
13 34 37
13 36 37
13 35 39
12 35 37
12 36 37
12 36 37
