21 40 47
20 40 47
21 41 46
20 41 46
20 41 48
20 42 46
20 41 46
20 41 47
19 40 47
21 41 47
20 40 46
20 40 46
21 42 46
20 42 46
19 40 47
19 41 46
19 41 46
19 41 48
20 41 46
19 43 47
18 42 49
17 43 51
14 41 52
18 40 50
21 31 46
24 30 45
28 32 46
31 32 39
25 38 43
14 34 40
12 35 42
16 35 53
17 32 47
13 34 48
14 39 50
16 33 43
16 33 45
15 36 44
17 36 43
15 35 43
19 36 44
16 40 43
17 41 44
17 44 42
19 45 42
19 46 42
19 45 42
20 45 42
21 48 41
20 46 43
18 46 39
18 47 40
20 46 40
19 47 40
19 45 40
20 47 40
17 45 40
17 48 42
18 45 39
14 45 40
15 46 40
11 47 32
15 37 39
26 42 45
24 38 35
12 37 47
17 46 45
17 44 40
15 47 35
15 39 40
13 42 33
14 38 35
12 37 34
14 41 31
13 39 29
12 40 30
13 41 33
14 40 28
18 46 31
13 45 33
13 46 34
14 43 34
16 43 34
16 42 34
14 42 34
13 43 34
17 41 37
15 42 38
10 43 40
6 38 34
6 33 30
6 27 30
9 38 33
17 38 38
28 37 40
27 62 52
24 56 47
7 32 30
5 38 30
15 43 37
16 42 36
13 40 33
13 40 36
12 41 34
11 41 34
8 42 35
9 39 35
10 40 32
12 41 32
16 41 29
19 39 28
15 37 27
16 47 31
15 41 34
13 43 33
16 40 32
17 41 33
13 44 34
13 40 35
15 42 33
13 41 32
13 41 34
14 41 34
13 41 33
13 40 33
13 39 32
11 39 32
13 39 33
12 40 32
12 42 32
13 42 32
13 39 31
12 40 32
13 39 31
11 41 32
14 41 32
12 38 33
12 39 32
12 38 32
14 40 32
14 40 32
12 37 32
11 37 32
11 35 30
12 36 32
13 38 31
12 38 31
12 37 31
12 37 31
12 36 32
11 36 30
12 36 31
14 36 31
11 36 31
12 35 32
12 37 30
13 36 31
13 36 33
11 36 32
12 37 32
13 36 31
13 37 32
12 38 31
