43 27 50
44 28 51
42 29 50
43 28 50
43 28 50
43 27 50
42 27 50
42 28 50
43 27 49
43 27 50
43 28 50
42 27 51
43 28 51
44 27 50
42 27 50
43 28 50
43 28 50
43 26 49
42 27 50
42 28 50
43 28 50
42 27 50
42 27 50
42 28 50
42 27 51
43 28 51
42 27 50
43 27 49
41 28 50
42 27 50
42 29 51
43 27 49
42 27 51
41 27 49
43 26 51
42 26 49
42 28 50
42 28 51
41 27 50
41 26 50
42 28 50
42 28 51
41 28 51
42 27 51
43 29 50
43 28 50
43 27 50
41 27 50
41 28 51
43 28 49
42 27 51
43 27 50
42 27 49
42 29 50
44 27 51
42 27 51
42 28 50
42 28 49
43 26 51
42 27 49
43 29 49
43 27 49
42 27 51
42 27 50
42 27 50
43 29 50
43 27 51
44 27 49
42 27 50
42 27 50
41 27 51
42 27 50
43 27 51
42 27 50
41 28 50
42 28 50
42 27 51
43 28 50
42 28 50
41 27 50
42 27 50
43 27 51
42 28 51
42 28 50
42 27 51
44 28 50
40 27 50
42 27 50
41 28 50
43 27 50
42 28 50
42 27 51
43 28 51
42 28 51
42 27 49
42 26 51
42 28 50
43 26 51
43 28 49
42 29 50
43 27 50
43 30 50
43 27 49
44 26 49
44 29 49
44 28 50
44 28 52
48 27 49
47 27 50
43 24 50
41 24 49
40 22 49
39 22 48
42 24 48
42 24 50
45 24 51
41 25 51
40 23 47
41 20 43
50 20 39
49 20 41
41 24 37
43 28 40
54 28 47
49 23 50
42 30 52
44 30 49
50 36 52
46 35 51
46 38 51
46 32 47
49 33 50
42 31 48
44 29 48
45 27 49
40 23 50
37 28 45
55 27 44
49 31 50
53 36 49
53 40 45
57 34 48
61 33 47
54 42 49
39 41 50
27 32 48
26 31 48
28 25 45
33 27 48
32 25 49
32 27 53
30 27 53
30 26 52
32 28 51
31 29 50
29 32 51
28 31 52
29 39 53
28 37 54
29 35 52
28 35 50
30 36 51
27 32 54
23 35 56
13 31 54
17 28 53
24 29 51
27 30 45
29 35 46
29 35 49
30 33 54
34 37 54
32 39 56
30 41 56
32 35 53
32 35 51
27 36 49
21 33 51
21 32 53
25 29 53
25 29 52
20 29 51
20 30 49
25 31 50
28 32 52
30 36 53
26 33 51
23 37 51
23 38 52
24 37 52
24 38 51
25 41 50
29 39 47
29 41 49
29 41 49
28 44 50
30 44 49
29 46 49
29 47 49
26 47 49
26 46 48
26 46 47
27 48 46
29 50 46
27 48 46
29 47 46
30 49 46
30 51 46
29 49 44
30 49 46
30 46 45
34 45 45
34 47 48
32 47 48
33 49 49
30 47 48
30 45 48
29 47 47
30 48 46
31 52 47
31 49 47
30 49 47
30 45 46
30 46 46
30 47 46
28 46 43
25 46 43
25 48 41
23 50 43
23 49 42
22 50 44
19 51 45
18 46 47
24 44 50
23 47 39
21 46 38
21 47 43
24 44 37
20 48 39
21 46 42
22 54 38
22 49 35
20 43 34
19 53 42
22 52 36
20 50 33
19 52 32
26 48 32
24 51 34
22 49 34
15 48 35
17 44 31
12 54 33
23 47 35
24 57 33
23 48 35
22 44 38
20 50 39
18 47 40
20 52 36
21 52 34
21 49 34
22 47 32
19 50 33
21 48 32
25 50 32
23 50 29
23 48 32
21 52 32
19 47 32
18 53 33
21 51 29
18 46 31
17 48 30
20 47 33
19 51 36
21 52 32
22 47 29
25 49 29
22 52 34
20 49 32
21 46 32
18 53 29
21 47 33
23 50 33
21 55 34
21 49 38
22 51 38
21 50 43
24 48 42
23 50 43
24 47 44
24 45 43
23 46 44
25 47 43
23 47 44
24 46 44
23 48 44
22 48 44
24 47 44
20 47 44
21 50 42
20 49 42
22 47 41
21 46 41
22 45 43
21 46 42
21 48 43
21 48 43
19 47 42
19 44 40
20 43 40
17 44 39
14 44 42
13 44 42
15 45 41
16 44 39
17 43 40
16 43 41
16 44 41
16 42 42
17 39 41
16 40 42
14 40 42
16 41 41
15 40 40
15 40 41
16 41 41
16 41 41
15 41 42
17 42 42
15 41 41
16 40 41
16 39 41
16 40 41
15 41 42
16 41 41
16 41 41
15 40 41
17 41 42
15 41 42
16 41 41
16 40 41
15 41 41
16 39 41
15 40 41
14 40 42
15 40 40
15 39 41
15 41 41
14 40 41
14 41 42
16 40 42
15 40 40
15 40 41
15 41 41
15 40 40
15 41 41
17 40 41
15 40 41
15 40 42
15 41 41
15 41 41
15 39 41
16 39 41
15 41 41
16 40 42
15 40 41
