36 23 51
35 25 51
35 24 51
35 23 51
35 25 51
36 25 51
35 25 52
36 25 52
36 25 52
36 25 52
36 26 52
36 26 52
36 26 52
35 24 51
35 26 52
36 26 52
34 23 52
36 26 52
35 26 52
35 27 52
36 25 52
36 25 52
36 25 52
37 25 51
35 26 52
35 25 51
34 26 52
36 26 53
36 26 51
35 24 52
35 25 52
35 25 52
36 25 52
35 24 52
36 25 52
36 25 52
36 25 52
37 26 51
35 25 51
36 26 51
36 25 51
35 26 52
36 26 52
36 27 52
35 25 52
37 26 52
35 26 52
35 25 52
35 25 52
36 28 53
35 27 52
37 26 51
37 26 52
36 25 52
37 25 52
37 27 52
37 27 52
37 27 52
37 26 53
38 27 52
39 28 54
39 25 54
41 23 53
40 23 51
41 22 51
42 20 46
39 23 48
44 22 49
43 22 50
40 24 47
42 27 43
43 23 42
43 20 40
43 21 39
47 22 39
47 20 40
50 21 43
51 22 43
45 22 45
47 24 48
47 23 50
42 24 51
42 26 50
43 25 49
43 23 51
43 23 50
46 25 50
45 25 47
46 28 50
42 28 50
30 24 42
46 26 47
53 11 48
46 37 47
44 29 49
44 39 51
46 39 52
41 38 50
45 41 53
53 37 56
49 38 55
46 35 54
40 32 49
31 30 50
29 28 44
29 27 44
31 26 47
28 25 48
24 27 50
25 23 52
28 21 54
31 25 52
29 23 51
23 24 51
23 25 49
27 28 49
31 30 51
32 32 57
30 34 55
31 33 52
30 28 49
25 31 51
18 27 53
19 25 51
21 24 50
24 21 49
25 24 50
24 25 51
20 26 52
21 26 49
26 24 46
25 22 46
25 25 49
24 25 51
23 23 50
23 26 51
24 29 51
27 32 52
26 32 54
26 30 52
25 31 52
26 31 50
26 35 49
27 35 50
27 34 53
26 33 53
26 36 54
29 37 54
28 38 53
26 37 54
27 38 53
29 40 52
29 42 51
30 40 50
28 41 51
27 41 51
28 41 51
30 41 52
31 43 53
32 42 53
32 43 50
31 42 50
30 41 52
31 41 53
32 40 59
31 37 57
35 35 52
35 34 50
37 34 48
37 32 46
37 31 48
36 34 50
34 37 55
34 40 56
31 45 56
31 43 54
28 43 54
27 43 52
28 44 49
28 44 49
29 42 48
28 42 47
29 43 50
28 46 49
29 44 49
30 43 46
32 41 45
29 43 45
28 48 49
30 46 47
28 43 52
28 44 50
29 45 47
28 45 47
26 46 49
25 42 49
25 46 49
28 44 49
28 44 47
27 45 49
28 42 46
28 38 43
16 44 50
17 45 50
23 43 48
23 43 45
21 43 45
19 39 47
18 39 48
19 39 46
20 40 43
18 38 43
17 39 45
14 38 44
13 37 42
14 42 40
16 38 43
16 40 41
16 40 43
15 39 44
16 39 42
14 38 42
14 37 42
15 39 42
15 39 43
16 40 42
15 36 43
15 37 44
15 38 44
16 37 43
17 38 43
16 38 43
16 38 43
15 37 44
17 37 43
16 36 45
17 36 44
15 36 44
16 37 44
14 37 44
15 39 43
16 36 44
17 36 44
15 36 45
15 36 45
15 37 44
16 37 43
15 37 43
16 38 44
17 38 44
15 38 44
14 37 42
