38 38 52
39 38 52
39 38 51
38 37 52
38 36 52
38 39 52
39 37 52
38 38 51
39 37 52
38 38 51
39 37 52
38 39 52
39 38 51
37 38 53
37 39 51
39 38 51
39 39 52
39 38 52
39 37 52
39 38 51
39 38 51
38 39 51
38 38 52
40 38 51
39 36 51
38 39 52
40 39 52
39 38 51
39 39 52
39 39 51
39 38 53
38 38 51
39 39 52
39 37 52
39 38 50
38 38 52
39 36 51
39 37 51
40 39 52
41 38 51
40 38 51
39 39 52
39 36 51
39 38 52
39 38 52
40 38 52
39 38 51
39 38 50
37 38 53
37 37 52
36 37 51
38 38 51
38 40 50
40 42 50
40 39 52
39 35 51
38 33 51
36 36 52
37 38 52
39 40 51
40 38 51
39 37 50
38 35 51
40 37 52
39 38 53
39 39 52
38 37 52
38 39 50
38 39 51
38 38 52
38 35 46
39 36 56
39 44 53
39 40 51
40 37 51
39 37 52
38 39 52
39 38 51
39 37 52
38 38 52
39 38 52
40 38 52
39 38 52
39 37 52
37 38 52
38 39 51
39 39 51
40 36 50
39 37 53
36 38 52
35 35 53
36 38 55
35 38 54
32 37 52
29 34 49
25 35 47
20 31 43
18 30 46
14 30 46
13 31 50
17 31 49
17 32 49
19 32 49
20 31 48
19 33 44
19 36 41
18 37 39
9 34 48
13 38 41
13 38 43
17 36 40
18 34 41
20 38 41
12 33 36
4 41 37
17 33 41
13 38 34
9 40 36
11 42 33
14 39 39
13 39 33
12 43 33
14 41 36
16 45 36
16 43 36
17 43 37
17 44 39
18 49 40
13 49 41
15 45 40
15 42 40
17 45 41
20 33 29
17 26 38
11 34 45
11 43 48
14 42 47
17 42 46
15 59 45
23 41 48
25 46 38
27 46 39
31 46 38
36 57 63
32 42 52
29 50 52
25 41 51
25 37 54
20 39 54
26 41 51
30 42 45
30 47 40
21 47 57
12 42 41
18 43 43
17 42 44
20 47 42
21 49 42
19 48 40
17 45 39
15 44 38
12 45 39
6 42 41
4 30 35
13 27 34
15 34 37
13 43 35
15 36 37
20 32 36
21 35 34
15 37 37
8 38 37
10 34 36
13 38 38
12 39 37
11 38 37
14 39 37
13 36 38
12 38 39
12 38 38
11 35 38
11 35 38
12 34 38
13 35 37
14 35 36
15 35 35
15 35 36
13 36 35
13 36 36
10 36 37
11 34 38
13 34 38
12 35 39
14 35 38
13 34 38
13 35 39
12 35 38
13 36 38
11 36 37
11 36 36
11 36 37
12 36 36
11 36 37
11 38 37
12 36 39
14 35 39
14 35 39
13 36 39
13 36 40
11 33 40
10 32 38
12 34 38
15 36 37
15 37 37
15 35 38
13 34 38
12 33 39
12 33 39
13 34 40
13 32 40
15 33 41
13 34 40
12 34 41
12 32 40
13 32 39
13 33 38
14 34 38
15 34 39
14 34 39
13 34 39
11 34 40
12 32 39
13 34 40
10 33 41
13 35 40
14 32 39
13 33 38
12 33 36
12 34 38
13 34 38
12 32 39
