28 23 50
27 23 50
27 25 51
29 25 51
29 25 50
27 25 51
29 24 51
28 23 51
28 24 51
26 25 52
28 24 51
27 24 50
27 24 51
26 26 50
28 24 51
26 24 50
28 24 52
28 23 50
28 23 51
28 25 51
29 24 50
28 24 51
28 24 51
29 23 50
28 24 51
28 23 51
28 24 51
28 24 52
26 24 50
29 24 50
28 23 50
28 24 51
28 24 51
28 24 51
27 23 51
28 24 51
27 25 50
28 24 51
27 25 51
28 25 50
28 23 50
28 24 50
27 24 51
27 23 51
28 23 50
29 23 51
28 24 50
28 24 52
29 23 52
29 25 51
26 25 50
27 24 51
26 25 51
27 25 50
27 24 49
28 24 50
27 24 50
28 23 52
29 23 52
26 22 51
28 25 51
29 24 51
31 24 50
31 25 49
27 25 47
25 24 48
21 22 48
21 24 47
20 23 45
17 18 45
19 21 43
20 21 41
17 19 42
17 20 41
16 20 37
18 21 43
15 24 46
20 18 39
18 18 39
16 18 41
17 18 41
17 20 43
16 21 43
17 23 42
18 25 42
16 27 40
16 26 40
16 25 44
15 19 44
16 23 45
18 28 41
20 29 44
14 26 49
16 29 41
14 28 43
13 25 43
13 28 44
15 28 43
18 25 44
16 24 45
18 24 41
21 26 40
21 19 37
14 20 40
14 23 41
13 20 37
12 18 40
13 20 35
17 22 36
16 30 38
16 20 40
13 19 40
15 10 39
20 37 31
21 15 44
20 30 43
22 22 48
19 22 55
24 23 47
26 24 40
24 18 42
25 18 41
26 19 42
26 18 45
23 21 47
18 10 42
16 16 39
14 11 44
19 17 40
22 15 40
26 16 35
27 5 28
25 7 27
31 13 28
38 15 29
40 18 29
41 21 32
40 18 34
39 19 36
38 15 36
38 11 36
39 6 33
36 0 40
38 9 39
39 18 39
38 20 39
38 21 35
35 11 34
33 6 41
33 12 52
36 18 53
40 26 50
41 23 50
38 29 51
39 25 47
35 24 49
36 17 46
37 18 45
37 15 51
36 20 50
34 20 47
35 18 45
36 14 41
38 16 39
40 15 36
39 17 36
42 14 37
36 12 38
37 8 32
37 6 27
34 17 30
24 12 36
22 14 36
22 12 31
21 16 30
22 12 32
23 11 35
22 12 36
22 14 33
23 14 33
22 16 34
20 15 37
19 15 36
21 14 36
22 18 36
21 20 36
19 18 38
19 17 39
17 19 38
16 20 37
15 22 37
15 23 38
13 24 40
14 25 41
15 26 41
15 26 42
15 28 44
15 29 44
15 28 46
17 31 47
18 31 46
20 32 47
18 33 48
18 34 47
17 33 46
18 33 48
19 32 49
21 33 49
22 35 51
23 37 51
26 37 51
25 36 51
25 37 52
26 36 53
24 37 52
26 36 50
26 37 51
27 37 51
26 37 51
26 38 52
27 38 53
25 36 52
28 36 49
26 37 51
26 38 51
26 36 51
27 36 51
29 38 51
28 38 51
28 38 50
25 39 51
24 38 50
23 39 48
23 40 50
23 40 50
19 41 48
19 40 47
14 42 48
8 42 47
8 41 43
12 39 41
14 37 41
17 40 38
17 38 37
16 40 35
17 37 37
17 38 37
18 38 36
18 39 37
15 39 38
12 39 39
13 40 40
14 39 39
15 40 39
13 40 38
13 40 40
16 38 40
15 39 40
14 41 42
13 39 42
14 39 39
14 38 39
15 39 39
13 37 39
14 38 39
14 36 40
14 36 40
15 37 39
14 37 40
14 37 39
15 39 40
14 39 41
15 39 41
15 39 41
13 39 41
14 38 41
12 38 40
14 38 40
15 38 40
14 38 40
15 37 40
14 37 41
15 37 40
14 37 41
14 35 39
14 37 40
15 38 41
15 37 41
15 37 41
14 38 41
15 38 42
14 38 41
15 37 42
14 37 41
14 38 41
16 39 40
16 38 40
14 39 39
14 38 41
15 40 39
14 39 40
14 38 40
15 39 40
15 40 40
14 39 39
15 39 40
14 39 40
15 39 40
14 39 40
15 40 39
14 40 39
14 40 39
15 39 39
14 39 40
16 39 40
15 40 39
14 40 39
14 39 40
15 40 40
15 38 41
14 39 40
15 39 39
14 40 40
15 40 41
15 39 40
15 39 39
15 39 40
14 39 40
14 38 41
13 40 41
