44 31 50
43 30 51
44 32 50
44 31 50
44 31 49
43 31 51
43 30 49
44 31 50
44 31 50
44 30 50
43 30 50
44 31 51
44 30 50
43 30 51
43 31 51
45 31 50
43 31 51
43 31 52
45 31 51
44 31 50
43 32 50
44 30 50
43 31 50
43 31 50
43 31 50
44 30 50
44 30 50
43 31 50
44 31 51
43 30 51
43 30 51
43 30 51
45 30 51
43 31 51
43 31 51
44 31 51
43 31 51
43 31 50
43 30 50
44 31 50
43 31 50
43 30 50
43 30 50
44 30 51
44 30 51
44 31 50
44 30 51
43 29 49
45 31 50
43 30 49
44 30 51
42 31 51
44 29 51
43 31 50
43 31 50
43 31 50
43 32 51
44 31 50
44 32 49
44 33 50
44 32 50
44 32 49
43 33 50
43 32 50
44 31 49
45 32 49
44 32 50
50 31 48
46 32 51
45 32 53
40 31 52
37 24 51
37 24 50
42 23 47
44 21 47
43 20 48
39 19 45
39 22 44
41 20 43
41 15 37
46 21 37
55 21 38
54 23 38
47 26 46
46 22 44
47 25 51
44 26 53
45 25 46
46 36 51
48 35 54
43 36 54
47 26 43
48 30 43
47 25 44
45 22 47
46 27 47
38 30 47
46 26 48
59 31 50
49 33 46
57 39 50
62 33 51
51 36 52
38 40 52
29 34 48
26 29 49
29 25 45
34 24 46
33 24 49
32 24 53
32 24 52
31 25 50
33 24 50
31 23 51
32 25 50
31 26 52
31 26 53
29 28 53
29 28 52
26 27 54
30 28 51
31 29 52
27 29 51
27 31 52
24 29 52
25 28 52
23 29 52
21 29 50
25 32 52
25 31 49
26 33 55
25 34 56
29 38 53
28 36 52
29 33 50
31 35 51
28 35 51
23 33 52
24 31 52
24 29 53
25 29 51
23 27 50
19 26 51
22 28 49
22 26 48
25 30 50
27 28 50
26 29 53
23 31 51
22 34 52
22 33 52
25 34 54
29 33 51
28 35 52
28 37 51
29 34 51
29 34 51
28 33 54
26 35 54
26 36 53
29 37 50
28 37 51
29 38 51
29 38 53
28 38 53
26 40 53
26 38 52
28 34 52
29 36 53
30 35 52
31 34 52
31 35 53
30 36 53
33 35 53
32 39 53
32 37 52
30 38 52
32 36 52
31 38 52
31 37 53
29 39 54
30 39 55
29 39 54
29 39 54
28 41 53
29 40 53
28 42 51
29 42 52
27 44 52
26 42 52
26 41 49
27 43 49
26 43 48
26 40 50
26 39 48
26 41 48
26 41 47
26 44 48
27 45 49
27 44 49
28 44 50
27 44 49
27 45 49
26 43 47
26 44 46
27 42 49
27 42 47
25 42 46
22 50 47
23 49 48
26 43 46
25 41 44
23 43 45
19 42 45
15 40 47
13 39 48
16 38 45
18 40 45
18 37 45
16 40 45
16 40 46
17 38 44
16 37 43
17 39 43
17 39 44
16 40 44
17 37 43
16 39 43
16 39 43
15 38 43
15 39 44
15 39 44
17 38 43
15 38 43
17 39 43
17 38 43
16 38 43
17 39 43
17 39 43
17 40 43
17 40 42
16 39 43
16 40 43
15 39 43
16 40 43
16 38 43
15 38 44
17 38 44
15 40 43
18 42 42
16 41 42
16 43 42
17 42 42
16 41 41
16 42 42
16 42 41
16 42 42
16 41 43
16 41 43
17 40 43
18 40 42
17 40 42
16 41 43
15 42 44
16 39 42
16 39 43
16 39 43
17 38 43
15 41 43
17 40 42
16 39 42
17 41 42
18 41 42
17 40 42
17 41 42
