17 38 44
15 39 43
15 39 43
14 38 42
14 36 45
17 40 40
18 44 39
19 43 40
18 47 38
18 47 38
16 46 41
16 45 39
18 44 39
17 45 42
20 46 39
21 51 39
18 45 40
20 44 40
17 45 42
18 44 41
16 47 32
18 43 44
20 45 43
19 45 41
22 46 41
23 44 37
20 50 38
18 51 33
22 49 26
16 50 32
22 53 33
21 48 31
20 51 32
21 51 32
22 49 32
21 52 33
23 49 32
19 50 32
16 46 32
16 52 29
21 50 35
21 47 42
20 43 44
19 48 43
21 42 45
19 47 38
17 46 36
15 43 38
15 43 39
16 45 37
15 44 35
15 43 34
17 43 36
16 45 37
15 45 40
18 42 39
18 45 40
16 47 38
17 49 40
17 46 37
19 46 35
17 49 36
16 45 37
18 46 37
16 48 40
16 45 39
16 43 39
18 44 38
17 45 41
19 45 42
17 43 39
18 44 42
19 44 43
18 44 44
17 41 43
18 43 43
18 46 47
17 44 45
19 41 44
21 46 48
22 39 49
23 40 51
23 38 49
23 39 52
25 38 51
24 40 48
26 40 50
21 40 46
20 39 47
20 41 41
21 43 46
20 39 46
20 31 41
21 27 44
24 40 52
23 40 50
21 46 54
24 40 52
24 42 52
26 43 53
29 43 51
31 44 49
31 44 48
28 45 48
28 46 49
27 45 47
29 45 49
28 44 48
29 46 49
32 46 49
32 46 49
29 45 48
28 45 47
29 44 45
29 46 46
28 46 49
27 46 48
26 47 45
25 51 48
27 48 46
26 47 45
22 51 46
21 48 42
18 43 38
14 51 40
16 41 32
14 47 36
14 40 31
12 42 33
12 40 33
11 41 33
12 40 31
11 39 31
12 38 29
15 39 30
15 39 30
16 38 31
16 39 31
15 38 31
11 39 32
11 42 34
7 41 36
14 39 36
14 38 35
14 37 34
13 37 33
12 37 34
13 40 38
12 41 35
12 39 34
13 38 35
13 38 34
13 39 34
12 39 34
12 37 34
12 38 34
12 38 35
12 39 34
13 38 34
12 39 35
13 38 35
14 37 35
12 38 35
12 37 35
12 39 35
12 38 35
11 38 35
12 37 35
12 37 35
12 38 33
13 37 35
12 38 36
13 38 35
13 38 35
12 36 34
12 37 34
11 36 36
12 36 34
11 36 34
12 36 34
12 36 36
11 35 35
12 37 35
11 36 35
13 35 35
13 35 34
11 34 34
11 35 35
13 35 35
12 35 35
12 35 34
11 36 36
12 35 35
12 34 36
13 34 35
11 35 34
12 36 35
12 35 35
12 36 35
12 35 36
11 35 35
