37 35 53
37 36 53
38 35 52
37 36 52
38 37 52
37 35 52
36 33 52
37 35 52
38 33 53
37 32 53
38 35 54
37 37 53
38 39 50
38 41 49
35 34 50
38 26 54
38 30 52
38 39 52
37 43 50
39 39 52
38 36 52
39 34 51
40 34 52
38 36 52
37 38 54
38 37 52
38 37 51
38 37 52
37 36 52
38 36 53
38 37 52
37 37 53
37 36 52
37 34 52
38 36 51
38 36 52
39 36 52
39 37 52
38 37 51
38 37 51
37 37 51
38 36 51
37 35 52
38 37 52
37 36 52
37 36 52
37 36 51
39 38 52
37 35 53
39 36 53
38 37 52
37 37 52
38 37 52
37 36 53
38 34 53
37 37 52
38 36 52
38 36 52
38 36 53
38 36 52
38 35 52
37 35 52
39 37 53
39 35 52
39 36 52
38 37 53
38 35 53
39 35 52
38 36 52
38 36 52
38 36 52
38 37 52
38 37 52
37 35 52
38 35 52
38 37 52
38 37 53
43 38 55
45 38 59
45 39 52
36 37 52
31 34 52
28 28 51
24 27 48
26 24 44
23 25 40
23 24 36
19 29 41
14 31 42
11 35 52
11 32 61
11 34 43
18 35 44
14 36 34
15 33 39
16 36 41
15 37 44
12 40 42
14 38 38
16 42 36
15 43 34
13 45 36
15 48 37
16 46 36
19 44 33
17 46 35
17 46 36
18 44 40
19 47 39
15 48 42
15 47 41
14 45 40
14 42 45
14 38 45
17 41 45
18 34 44
17 35 37
13 34 38
10 37 47
13 36 49
16 40 41
14 60 62
30 38 39
22 40 43
19 48 37
27 54 42
42 50 35
25 32 63
27 30 50
22 44 51
19 35 50
20 39 49
24 40 51
27 38 50
24 40 49
20 40 51
24 39 49
24 40 49
22 40 50
22 40 49
24 40 51
25 40 50
23 41 51
25 39 49
24 41 49
24 40 49
20 39 47
21 38 47
20 40 48
20 38 46
17 38 45
18 36 46
16 37 46
14 36 44
13 37 44
15 37 44
13 36 44
11 35 42
5 34 40
14 35 39
19 35 42
11 37 43
0 41 38
6 30 32
11 30 36
9 38 36
11 39 34
18 36 33
21 36 34
20 36 35
20 35 36
16 35 40
10 32 44
2 30 44
7 59 34
11 46 36
14 41 36
14 40 36
15 39 34
14 38 35
12 37 36
11 37 37
12 38 36
12 37 37
12 36 37
11 35 37
12 35 35
15 33 38
13 34 38
12 35 38
12 37 38
13 39 37
12 38 36
14 39 36
13 38 36
10 38 37
13 38 37
13 36 37
13 36 37
13 37 37
13 36 38
12 36 38
14 37 37
14 36 37
12 36 38
13 35 38
14 35 38
12 36 39
12 35 38
13 36 37
13 35 38
13 36 38
13 35 38
12 36 38
12 36 39
13 34 38
12 34 36
13 35 37
13 34 37
12 36 36
12 34 37
13 34 39
13 36 39
13 36 38
11 35 38
13 34 37
14 36 36
13 35 37
13 33 39
13 35 38
13 36 39
12 36 38
13 36 38
12 34 37
14 34 38
13 34 38
13 35 39
13 36 39
13 36 38
14 35 38
12 35 38
11 35 38
13 34 38
