30 34 53
31 35 53
30 33 54
30 36 53
30 34 53
31 34 53
30 34 52
29 35 52
30 35 53
30 35 53
30 33 53
29 34 53
31 34 53
29 35 52
30 34 53
30 34 53
30 34 53
29 34 52
30 35 52
31 34 53
30 33 54
29 34 53
30 34 53
30 33 53
30 35 53
31 33 52
29 34 54
30 34 53
30 34 53
30 34 52
30 34 53
30 34 53
30 35 52
30 35 54
31 34 53
31 34 52
30 35 53
29 34 53
30 33 53
29 35 53
29 34 53
30 35 54
30 35 54
30 35 52
30 34 52
30 34 53
30 34 53
30 34 52
30 33 53
31 33 52
31 33 53
30 34 52
30 34 52
30 34 53
31 35 53
30 34 53
30 32 53
30 34 53
30 34 52
31 35 53
29 33 53
30 33 52
29 34 53
29 33 53
30 33 53
30 33 53
30 35 53
31 34 53
30 34 53
29 34 53
30 34 52
29 34 53
31 34 53
29 33 53
29 34 53
30 33 53
30 34 52
31 33 52
31 39 52
28 36 52
27 31 53
26 34 55
24 37 52
30 35 52
37 34 55
34 42 47
34 42 53
35 42 49
35 42 52
36 41 47
33 40 50
29 45 52
31 43 48
27 41 56
29 41 51
28 46 53
26 41 52
27 42 50
26 43 49
24 39 50
24 41 52
27 40 51
23 40 48
23 39 48
20 39 48
20 40 49
21 38 48
19 40 49
21 39 47
21 37 46
18 37 44
16 39 45
17 39 45
18 41 46
17 39 44
17 38 40
15 41 45
14 39 43
15 39 44
16 38 45
19 37 42
18 38 41
16 41 43
16 38 43
15 37 43
15 37 42
14 39 43
14 37 42
15 38 42
15 37 43
14 38 42
17 38 42
14 38 42
15 40 42
16 42 43
15 41 41
15 41 39
14 40 41
16 43 40
16 42 39
16 43 40
18 44 40
17 44 40
16 44 41
15 44 40
15 42 37
14 41 38
15 43 38
15 43 38
15 43 39
14 40 40
14 41 40
13 41 39
12 40 38
14 38 37
14 38 37
15 38 38
13 39 38
13 39 39
14 37 40
14 36 41
16 36 40
15 37 41
14 38 40
12 37 40
13 37 38
14 37 38
14 35 38
12 36 37
6 35 36
5 38 33
8 35 33
9 35 33
12 34 33
12 36 33
13 36 34
12 36 32
11 35 31
13 35 31
13 34 32
12 35 30
11 36 31
11 34 32
13 34 33
16 33 34
16 32 33
15 34 35
13 35 34
13 36 34
13 37 36
13 36 35
14 37 34
12 38 33
9 36 32
11 38 31
11 38 33
11 38 32
12 37 32
13 39 31
13 38 31
14 40 32
12 38 31
12 40 32
12 41 33
14 39 34
13 38 35
14 39 35
12 39 36
14 40 35
13 41 37
14 41 36
13 42 38
13 41 35
13 41 35
14 40 35
13 39 36
12 38 35
13 40 34
12 40 35
14 40 35
14 39 36
12 40 34
13 40 34
13 40 34
13 40 36
13 38 34
13 39 36
13 39 35
14 39 34
13 38 35
13 39 35
14 38 36
14 39 34
13 38 35
13 39 34
13 38 35
12 38 34
11 39 34
13 39 35
13 40 35
13 40 34
13 39 35
13 39 35
13 38 35
14 39 35
13 39 35
12 40 36
