26 24 50
27 25 50
26 25 51
26 24 51
25 24 50
28 25 50
26 23 51
27 23 50
28 23 50
28 22 49
27 20 47
27 25 46
27 24 46
23 30 46
17 29 44
14 33 44
11 34 45
6 21 47
17 33 44
21 35 37
14 27 49
17 27 43
12 20 45
11 17 44
14 18 42
16 20 41
20 16 41
23 13 39
25 11 38
28 12 35
32 11 37
34 17 36
38 17 37
39 16 43
39 21 41
41 30 47
41 28 47
44 28 52
44 26 52
45 30 51
43 32 53
42 28 53
41 26 52
42 24 50
44 23 49
44 21 47
45 22 43
44 20 41
45 18 39
42 19 39
41 19 40
39 18 41
35 17 42
35 15 44
30 14 42
29 13 43
28 14 45
25 15 45
24 17 47
24 17 47
25 18 46
24 22 47
24 19 49
24 17 50
25 21 48
25 21 48
24 21 48
25 20 47
26 19 47
30 20 48
32 20 48
32 20 49
31 21 50
32 21 49
34 22 47
39 21 49
42 20 49
45 21 49
42 20 47
39 21 48
40 22 50
40 22 50
40 26 51
37 24 48
35 23 49
35 20 48
34 15 49
33 19 46
31 18 47
31 18 47
29 21 51
26 22 50
25 24 51
24 25 48
24 26 49
24 28 49
25 28 51
25 28 51
24 28 52
23 26 51
22 28 51
21 29 51
22 31 50
23 33 50
24 33 50
25 35 51
27 33 50
28 32 49
27 34 50
29 33 50
28 35 50
27 36 52
26 35 52
26 36 51
27 38 49
28 40 51
27 39 51
27 40 54
31 37 53
30 42 51
27 44 49
26 47 49
28 45 50
29 45 48
28 44 50
26 41 51
28 41 50
31 43 51
30 44 50
29 43 50
28 42 50
30 41 50
29 42 51
28 41 50
26 42 50
27 42 50
26 43 50
27 39 52
26 40 51
26 42 50
26 42 50
27 41 49
26 42 49
26 43 49
25 41 50
25 41 49
26 42 49
25 41 48
24 44 48
22 41 46
20 41 45
20 42 44
17 45 45
17 40 44
16 41 42
16 42 39
15 40 37
12 43 35
13 42 33
14 42 33
13 40 30
12 40 31
13 40 30
12 38 29
11 38 29
12 41 29
13 39 29
15 38 29
15 39 30
13 37 32
13 39 32
13 39 32
13 38 32
13 38 33
13 37 32
14 38 34
13 39 35
13 38 34
14 39 35
12 39 36
13 38 36
12 39 36
11 37 36
13 39 37
12 38 36
13 39 36
12 37 35
13 37 35
11 35 36
12 34 36
12 36 35
12 37 34
11 39 36
11 37 35
14 36 35
11 37 35
12 37 35
13 37 35
12 36 35
12 36 34
13 36 34
13 35 35
13 36 35
12 36 35
11 36 36
12 36 35
13 36 34
12 35 34
12 35 35
12 36 33
12 36 34
12 36 35
13 35 34
13 34 34
14 35 35
12 35 35
12 34 35
12 35 35
12 34 34
13 34 34
12 35 35
13 33 34
12 35 34
13 35 35
12 34 35
12 33 35
12 35 35
12 34 36
12 33 34
13 34 34
13 35 34
12 34 35
12 35 34
