38 40 51
39 40 51
40 40 51
39 39 51
38 41 50
39 41 51
38 39 50
38 39 51
39 40 51
39 40 51
39 39 51
40 39 51
40 39 51
38 39 50
39 40 51
39 39 50
40 38 52
39 40 51
39 39 52
39 40 51
39 40 51
39 41 50
38 39 50
40 39 51
39 38 51
39 39 52
39 40 50
39 41 52
35 37 53
38 36 51
35 34 52
34 35 53
32 35 55
30 38 52
28 35 47
36 40 46
46 30 49
30 29 63
32 45 48
32 38 51
34 43 50
29 42 56
34 42 51
29 42 49
31 42 48
32 42 52
32 41 51
32 44 51
32 44 49
33 42 51
30 41 52
32 42 50
35 38 52
30 38 49
31 47 52
41 39 56
34 40 52
34 43 49
31 40 50
31 38 51
33 40 52
34 41 51
35 45 50
34 44 52
33 45 50
28 38 62
27 36 57
24 37 55
30 34 38
24 36 55
26 33 43
22 34 48
23 35 50
21 39 51
16 37 55
10 40 55
7 39 41
14 26 51
27 22 46
35 25 46
33 25 43
34 33 42
32 17 45
32 24 51
32 31 56
34 32 61
31 32 57
28 30 56
25 33 55
24 31 55
27 29 54
25 28 54
27 30 54
23 24 50
29 24 46
31 30 46
30 33 51
30 31 51
36 30 48
51 33 49
49 35 48
50 34 51
41 34 52
37 36 52
31 37 52
30 33 50
32 32 49
28 35 48
24 37 48
21 40 48
15 50 46
7 53 44
7 62 42
9 53 44
12 51 44
15 43 40
13 44 37
14 42 37
14 43 36
18 41 36
18 37 34
17 41 34
17 39 35
18 41 36
16 40 38
14 40 38
14 39 36
16 39 36
17 40 37
14 41 35
13 41 36
13 40 35
7 40 33
13 39 32
12 40 33
12 41 31
13 39 32
13 39 32
13 40 33
15 40 33
16 40 34
14 40 34
12 40 35
10 40 33
12 39 34
13 41 34
13 40 35
12 39 35
14 39 37
16 38 38
14 39 39
14 39 39
