39 51 21
39 49 22
39 49 22
39 50 22
40 50 22
40 49 22
39 50 24
39 50 22
39 49 23
39 49 23
39 49 22
40 49 22
39 50 22
39 50 23
39 49 23
40 51 22
39 51 22
39 49 23
40 51 23
39 51 22
39 50 24
41 49 23
40 51 22
39 51 23
39 50 22
39 51 23
40 51 22
40 49 23
39 50 24
39 51 23
43 51 23
37 52 28
38 54 30
40 53 32
38 53 36
40 52 35
39 54 35
40 52 37
38 48 40
35 49 41
37 52 40
40 52 44
37 48 39
41 49 42
43 48 41
42 49 45
37 56 46
39 47 44
39 44 44
38 48 48
39 44 49
34 42 47
32 45 40
34 46 43
33 53 46
31 53 46
35 50 47
35 51 46
35 53 43
40 53 36
33 46 43
42 44 41
37 45 51
40 43 44
35 47 46
39 57 40
30 50 36
30 62 38
27 56 36
27 52 40
27 54 38
19 42 40
14 47 37
17 49 38
20 48 40
25 44 37
28 44 45
27 45 46
22 39 48
20 35 44
18 30 47
19 47 59
28 35 43
28 37 59
28 41 53
27 44 51
29 40 49
30 43 50
29 42 49
27 43 52
28 42 50
28 41 49
28 43 48
25 47 48
23 44 50
23 45 49
22 41 48
25 41 47
25 45 50
26 45 48
28 44 48
27 45 48
25 43 48
24 42 50
20 45 55
28 34 47
28 51 48
29 43 44
26 36 45
12 56 63
19 53 51
20 49 46
17 41 41
12 39 34
9 42 35
8 38 38
7 38 36
13 37 31
16 33 33
16 35 34
17 35 34
15 37 34
16 38 34
14 37 34
12 38 34
11 36 34
13 36 34
15 37 36
12 38 37
12 38 41
12 40 38
12 39 36
13 38 36
13 36 34
12 37 34
12 36 34
11 36 35
12 37 35
14 37 35
12 37 35
13 37 35
12 36 36
12 36 35
13 37 35
11 36 35
13 37 34
13 37 34
11 36 34
11 37 35
12 37 34
12 37 35
13 36 35
11 36 34
12 36 34
13 37 34
13 37 35
13 36 34
13 37 34
13 37 33
12 37 34
12 37 35
12 37 34
12 36 35
12 37 35
12 36 34
13 37 34
10 38 34
11 37 34
11 37 35
