28 36 52
28 36 52
29 36 52
29 36 52
29 37 52
29 36 52
29 36 52
27 35 52
30 36 52
30 35 52
30 36 52
28 36 52
28 37 52
28 37 52
28 37 53
29 37 52
28 36 53
28 38 53
29 36 53
29 36 52
28 36 52
28 36 52
29 36 52
28 36 51
29 36 51
29 36 53
27 36 52
27 37 53
29 36 52
28 36 52
28 37 51
27 35 52
29 35 52
29 36 52
28 36 52
28 37 52
28 36 52
29 36 53
29 37 52
29 36 53
28 35 52
28 36 52
28 37 53
30 36 53
28 36 52
29 36 52
28 36 54
28 37 53
29 37 53
29 36 52
29 36 52
30 37 52
29 36 52
27 36 52
28 36 53
29 37 52
27 37 53
29 36 52
27 36 52
29 36 52
29 38 53
29 36 53
29 36 52
28 36 52
28 35 53
29 36 52
29 37 52
28 37 53
28 36 52
29 38 53
28 37 53
28 35 53
30 36 53
29 36 52
28 36 53
28 37 52
28 34 52
28 36 52
27 35 52
29 35 53
28 35 53
29 36 53
27 36 52
28 37 52
29 37 53
28 38 52
28 36 53
27 36 52
28 37 52
28 38 52
29 36 53
27 36 53
25 38 54
19 39 52
23 33 51
24 35 52
33 34 51
36 26 46
26 22 62
22 30 51
21 32 51
19 30 47
21 29 50
25 26 50
19 27 47
17 27 48
22 26 48
18 26 48
18 29 44
18 27 46
17 28 46
18 26 45
18 24 45
17 24 43
17 24 42
14 24 42
14 26 41
14 27 40
13 27 39
12 30 40
12 30 39
13 31 37
12 31 37
11 31 37
13 34 35
12 33 33
12 31 31
10 35 29
13 33 29
11 36 27
13 37 27
12 35 26
14 36 26
14 35 25
14 33 26
13 32 28
14 32 30
12 33 29
11 33 30
12 29 27
12 38 33
13 36 28
13 35 30
13 34 33
11 35 33
12 34 33
13 32 35
14 32 36
13 33 37
10 32 38
12 35 38
11 37 40
14 36 38
15 36 37
14 38 36
12 38 36
12 38 36
13 39 36
12 37 36
11 37 37
12 37 34
11 42 34
12 35 34
10 39 34
12 37 35
12 37 33
12 38 34
14 37 35
15 37 37
13 35 36
12 38 35
12 35 35
11 36 35
12 35 36
12 36 36
14 35 37
15 36 36
14 34 37
13 34 38
11 37 38
13 38 36
14 38 35
12 37 35
12 39 36
13 38 35
12 36 34
12 37 35
13 38 33
12 38 34
14 38 33
14 38 33
13 38 34
13 38 34
13 38 35
13 38 34
11 38 34
12 39 35
13 38 34
12 36 34
13 38 34
12 38 34
12 37 35
11 37 35
12 36 34
12 38 34
14 38 34
11 39 34
12 38 34
13 38 35
12 37 34
13 38 34
13 39 35
13 38 35
14 37 35
13 37 35
14 38 35
14 39 35
12 38 34
11 37 34
13 37 34
14 37 34
13 36 35
13 38 35
12 39 34
14 36 34
13 37 34
12 37 35
12 37 35
12 38 34
13 37 33
12 38 34
12 37 35
11 38 34
12 38 34
13 37 33
14 38 34
13 39 35
12 38 33
12 38 34
12 38 35
13 37 33
13 38 35
11 38 34
12 38 34
12 36 35
12 37 34
13 37 34
12 37 34
13 36 33
13 37 34
13 39 33
12 37 34
12 37 35
