36 28 52
34 29 52
36 28 53
35 28 53
36 28 52
36 28 52
35 28 52
36 28 52
35 28 52
36 30 52
35 31 52
36 30 53
36 27 53
36 28 52
36 28 53
35 29 52
36 29 52
36 29 52
35 28 52
35 28 52
36 29 52
35 29 52
35 29 52
35 29 53
36 30 53
35 29 54
35 29 53
36 29 52
34 28 53
36 28 53
35 29 53
35 28 53
35 29 52
35 28 52
36 30 52
36 29 52
36 29 52
36 29 53
36 29 52
35 29 53
35 28 53
36 29 52
35 28 53
35 29 52
36 28 52
36 29 52
35 28 53
37 28 53
36 29 53
36 30 52
36 29 54
34 29 53
36 29 52
35 29 53
35 29 52
35 29 53
35 29 54
35 29 53
36 28 53
35 28 53
36 28 53
35 29 52
34 29 52
35 30 53
37 29 53
36 29 51
35 29 52
35 29 52
36 29 52
37 29 53
37 28 53
36 28 53
34 28 52
35 28 53
35 29 53
37 29 53
35 28 52
37 30 53
36 28 53
36 30 52
35 29 51
34 26 55
36 28 55
35 30 52
36 28 50
34 28 53
36 29 55
37 28 54
34 29 52
34 26 50
35 28 53
36 30 53
35 29 52
35 28 52
35 30 54
36 28 53
35 28 51
35 29 52
35 29 52
36 29 52
36 29 52
35 28 52
36 28 52
35 28 52
35 29 52
35 29 53
36 29 53
35 29 53
34 28 53
36 28 54
35 28 53
34 29 52
36 29 51
36 27 52
35 27 52
36 29 52
34 29 53
36 30 53
36 29 52
36 29 52
35 29 54
35 28 52
36 28 54
35 28 52
35 30 52
35 29 54
36 28 52
35 28 52
34 30 53
36 29 52
35 29 54
36 29 53
35 27 51
36 29 54
34 29 53
38 28 51
35 28 52
35 30 52
37 26 52
35 28 54
35 29 52
34 28 53
35 29 53
35 28 52
36 27 53
36 29 52
34 28 53
34 29 53
36 30 52
37 28 53
35 29 52
36 28 52
35 28 53
35 29 51
33 29 53
36 29 53
38 27 53
37 28 53
35 27 52
33 32 53
36 32 55
36 33 55
41 35 54
38 40 49
38 45 47
37 39 45
52 36 46
42 40 52
48 37 45
46 42 42
45 46 46
54 34 33
48 37 46
51 38 37
50 41 43
49 37 41
51 39 43
49 35 39
51 37 45
46 40 44
43 38 47
44 39 54
44 42 52
41 37 55
36 44 53
33 39 53
35 37 51
34 40 50
31 50 45
37 51 44
39 56 44
38 46 41
35 42 41
35 36 42
30 40 47
25 37 56
20 27 60
24 29 51
28 33 49
29 32 46
28 37 42
26 38 42
20 39 43
1 49 53
0 34 51
4 42 47
7 36 43
7 41 40
6 41 42
13 40 39
15 40 39
16 38 39
18 36 37
18 36 38
20 36 37
20 37 36
18 39 36
18 38 37
15 40 39
11 38 41
10 35 40
11 37 41
17 36 41
19 35 39
14 38 40
12 37 39
15 38 40
16 36 40
17 35 40
16 35 40
14 35 40
9 35 40
12 35 36
11 36 38
14 35 35
14 37 36
14 37 37
12 38 39
13 37 40
12 39 39
12 38 38
13 37 37
12 36 37
13 37 37
15 37 36
12 35 37
12 35 35
11 35 37
13 36 37
13 35 36
12 36 38
13 36 37
13 35 37
13 36 37
13 37 38
13 36 36
13 38 38
13 37 38
13 37 37
12 36 37
13 38 37
14 37 37
14 36 38
13 37 36
12 37 38
12 36 37
13 37 37
12 36 37
12 37 37
12 37 38
13 36 37
13 36 38
13 36 38
12 37 37
12 37 36
12 37 37
13 36 38
14 35 38
13 35 36
12 36 38
