35 46 49
34 46 49
34 44 49
35 45 48
33 44 49
34 46 49
34 47 49
33 45 48
35 46 49
33 44 50
34 45 47
34 42 48
35 46 48
33 47 49
32 48 47
34 45 48
33 45 47
32 47 49
36 48 48
28 44 55
29 40 50
62 63 55
41 63 47
36 49 61
24 41 53
30 53 47
34 40 52
31 37 52
35 42 50
35 41 52
34 39 51
35 39 50
36 40 49
34 40 53
34 42 50
37 38 50
42 33 50
39 33 50
39 36 49
37 48 52
30 46 57
22 46 53
18 42 47
30 42 44
45 35 44
50 47 54
37 38 47
30 39 55
28 43 50
36 44 47
32 47 52
36 46 46
35 48 49
34 48 46
31 56 48
29 48 45
28 52 47
26 44 46
26 44 43
24 43 46
22 45 47
19 47 46
18 42 46
17 41 44
18 39 42
21 32 40
19 33 42
12 35 43
12 32 39
11 30 38
12 32 39
14 30 39
13 31 38
15 32 40
15 31 42
16 32 44
16 34 41
15 36 40
13 37 40
11 36 39
13 38 37
15 35 36
11 42 37
8 37 34
8 41 32
11 38 30
8 39 27
5 39 29
3 33 22
7 31 23
13 30 25
16 32 31
17 32 32
18 35 30
20 34 29
19 37 29
18 37 29
16 39 29
12 39 28
12 38 28
12 38 28
11 39 26
11 38 26
10 36 25
11 33 29
5 34 28
13 34 36
17 35 36
14 36 35
13 35 35
17 38 36
16 38 36
13 35 38
13 36 37
12 35 37
12 36 36
13 36 37
14 36 38
15 37 37
14 39 37
6 40 37
12 38 37
12 43 32
12 40 29
13 38 31
14 40 29
12 41 30
11 40 29
12 39 30
12 39 30
11 37 31
12 40 32
12 38 32
13 37 31
11 37 30
14 38 32
11 40 31
13 35 32
13 36 33
11 36 33
13 34 38
11 35 35
11 37 34
12 36 33
15 36 34
16 38 35
16 39 34
9 41 33
11 38 32
9 38 31
11 40 32
11 38 31
10 37 30
13 36 27
14 37 29
