28 36 51
30 38 53
29 38 52
28 36 52
31 37 52
29 37 53
29 36 53
29 36 52
30 37 53
29 37 52
29 37 52
28 37 53
29 37 53
29 37 52
29 37 52
29 35 53
30 37 52
29 36 52
29 38 52
29 37 51
29 37 53
29 37 53
30 37 53
29 37 53
28 37 53
29 37 53
28 37 51
30 38 52
29 37 53
28 37 52
28 36 52
30 36 53
29 38 52
29 37 52
30 37 52
29 37 53
29 37 52
29 37 52
30 37 53
30 37 52
29 36 53
28 36 52
29 37 52
28 38 53
29 38 53
31 37 52
29 36 52
29 38 52
29 37 52
29 37 53
29 37 52
30 37 53
29 36 53
29 37 52
30 36 53
29 37 52
30 37 53
29 37 52
29 36 52
29 36 53
28 42 53
20 41 55
21 40 45
17 29 53
36 26 45
46 16 56
28 29 54
19 38 54
23 31 52
26 26 50
23 26 52
24 25 50
24 26 50
22 26 49
19 27 51
20 26 48
20 27 48
19 26 48
19 25 48
19 23 49
18 26 43
17 26 42
15 24 43
14 27 38
14 28 40
15 27 39
12 30 39
12 29 39
12 31 38
13 33 37
12 31 37
10 32 37
13 34 36
10 35 36
9 35 35
8 28 31
9 30 33
14 29 35
18 30 34
17 30 37
14 31 40
13 28 37
13 29 39
11 28 37
11 28 39
11 27 38
12 27 37
12 26 37
10 28 37
10 31 36
12 29 38
12 30 39
12 29 40
14 31 41
12 32 42
12 30 40
16 32 41
16 32 39
15 33 41
14 33 40
14 34 41
12 35 42
13 35 41
15 34 42
16 35 41
17 35 42
16 38 42
15 39 42
15 39 43
15 39 41
14 39 41
14 39 41
15 36 39
12 38 40
12 39 39
15 36 39
14 38 40
12 39 38
13 38 37
11 40 36
13 40 37
14 40 38
15 40 38
14 38 38
14 37 38
12 39 38
14 38 39
15 37 38
15 39 38
13 38 38
13 38 37
13 38 36
13 40 36
13 38 38
12 39 38
14 39 36
12 39 36
13 39 36
13 37 37
13 39 36
14 41 37
14 40 36
15 40 36
13 39 37
12 39 36
13 39 37
12 39 36
13 38 36
13 38 36
13 38 35
13 39 36
14 38 35
14 39 36
13 39 36
13 39 35
11 39 36
14 39 36
12 38 36
13 37 35
12 38 35
13 37 36
13 38 36
14 38 35
13 38 36
11 39 37
13 38 35
13 38 36
13 38 35
14 37 36
12 38 35
13 37 36
13 38 35
12 39 36
12 38 36
13 38 35
12 38 35
12 38 35
13 37 35
13 37 35
13 37 35
13 37 35
12 37 35
12 37 36
13 37 36
14 38 36
12 38 36
14 37 36
12 39 36
13 38 35
12 38 35
13 36 36
13 37 36
12 38 35
13 38 35
13 38 35
13 38 36
12 37 36
13 37 35
12 38 35
11 38 36
12 38 35
13 38 35
13 37 36
13 38 35
13 37 36
13 37 36
13 38 36
13 38 35
13 39 36
12 37 35
13 37 35
12 38 35
12 38 35
12 37 35
13 38 36
13 39 35
12 37 35
13 38 34
12 37 35
13 37 35
13 38 36
