37 43 49
38 43 33
37 43 49
38 44 50
39 43 50
37 41 50
38 43 51
37 43 49
38 44 50
37 42 50
37 42 50
37 42 50
38 44 50
37 43 49
39 43 50
38 44 49
37 42 50
37 43 49
38 44 49
37 42 50
36 42 50
38 43 50
38 44 49
38 44 50
38 43 50
39 42 50
38 43 49
37 43 51
38 43 49
37 43 50
37 43 50
37 42 50
37 43 50
36 42 50
37 43 50
38 41 50
37 43 50
38 44 50
38 42 50
39 41 50
38 43 50
38 43 49
37 43 50
38 42 49
37 43 50
37 44 50
38 43 50
37 43 49
38 42 50
38 44 50
38 43 49
39 42 49
38 43 50
38 43 49
39 42 50
37 41 51
39 41 51
39 42 51
40 43 49
41 43 48
40 46 49
41 45 50
39 47 50
39 42 45
37 43 44
35 45 44
36 47 43
34 44 45
35 46 49
34 44 47
32 46 49
32 48 47
30 48 49
33 47 49
31 49 51
31 47 49
27 47 48
26 47 46
26 48 46
26 46 46
25 45 46
26 46 45
28 47 45
30 46 45
29 47 45
28 49 47
29 49 46
29 50 46
27 47 45
28 48 45
28 49 45
27 50 46
28 48 45
28 49 46
29 48 45
29 49 44
30 48 44
28 50 43
27 51 45
26 50 45
28 46 45
27 48 44
28 49 44
28 49 44
28 50 46
29 49 44
28 48 44
26 49 45
28 47 45
27 50 45
26 47 46
24 46 46
24 48 45
22 47 45
23 45 44
23 45 44
22 44 44
21 47 45
18 46 44
19 43 43
18 43 43
20 46 44
21 45 43
21 44 43
20 44 43
20 43 43
17 44 43
18 45 44
18 42 43
19 42 43
17 43 41
16 44 42
16 42 42
16 41 43
14 42 42
16 42 43
18 41 42
17 42 42
16 43 43
16 42 43
16 41 43
15 41 42
17 41 41
18 40 42
19 42 43
17 42 44
18 42 43
16 41 44
16 40 43
18 40 41
17 38 41
17 34 39
14 41 41
13 45 48
12 39 42
13 38 39
13 36 39
13 39 40
13 34 40
15 37 39
16 36 41
17 35 41
14 37 43
13 37 41
14 38 39
14 39 39
15 39 42
14 39 40
14 38 41
14 39 40
14 39 40
12 41 38
12 37 39
15 37 39
14 39 41
14 39 40
15 37 39
14 39 40
12 39 39
13 38 38
14 39 38
13 40 39
12 39 37
13 37 38
13 38 37
12 39 34
12 37 33
9 40 31
8 39 30
9 37 29
8 35 29
10 35 29
11 32 28
10 35 30
10 34 29
11 34 29
11 35 29
13 34 31
15 35 30
15 37 31
14 35 30
16 37 32
17 37 33
13 37 35
14 35 35
13 37 35
14 39 37
15 38 37
13 40 34
11 39 32
11 40 31
11 39 32
12 38 31
14 38 31
14 38 32
14 39 33
13 38 33
13 39 34
14 38 35
11 38 33
13 39 33
12 39 34
12 39 34
14 38 33
13 39 32
12 39 34
13 39 33
12 39 34
12 38 33
13 38 33
13 39 33
12 38 33
12 38 34
12 39 33
12 37 34
12 38 34
12 38 34
13 38 34
13 38 34
12 39 33
12 39 33
13 39 33
13 38 34
12 40 33
13 38 33
12 38 34
14 38 34
13 39 34
12 38 33
13 38 34
12 38 34
12 38 34
