39 37 53
39 42 56
37 35 45
39 39 59
39 34 53
37 38 53
38 38 50
38 33 53
38 34 52
39 36 53
38 37 53
39 36 51
38 35 52
38 36 52
36 37 53
38 36 54
36 36 53
38 36 53
39 36 53
38 34 52
37 35 52
38 36 52
38 36 53
38 36 52
39 35 53
39 36 53
38 35 52
36 36 53
37 35 53
37 36 52
36 36 53
38 36 52
37 35 53
38 35 52
37 36 53
37 36 52
37 35 52
37 35 52
38 36 53
37 37 53
39 36 53
38 36 52
38 35 52
38 37 52
38 35 53
37 37 53
37 37 53
38 37 52
37 36 52
39 36 53
38 35 53
38 36 52
38 35 53
38 36 52
37 36 52
37 35 53
38 36 52
37 35 53
39 38 52
38 36 53
36 37 53
38 35 53
39 35 53
38 36 52
38 37 52
38 36 51
38 35 52
38 37 52
40 37 54
39 36 55
39 36 54
38 33 51
34 33 51
29 31 50
24 29 47
21 28 47
18 25 45
18 23 47
21 25 44
10 19 29
4 28 52
15 27 42
18 32 42
17 30 46
23 30 45
10 30 43
13 30 45
13 31 45
14 34 43
14 35 42
14 35 42
12 36 42
14 36 43
14 35 46
15 37 45
12 35 42
13 37 45
5 38 44
12 33 49
11 30 41
5 33 42
9 34 45
14 31 44
23 32 43
32 44 50
33 37 41
37 42 39
32 49 51
29 52 55
24 43 54
14 35 63
23 32 58
27 28 48
20 28 34
17 41 44
16 35 51
12 32 48
16 30 42
13 30 39
9 28 39
12 31 42
12 32 41
8 32 37
7 31 37
9 34 38
11 35 36
13 36 35
13 34 41
14 35 37
16 35 32
12 34 35
11 34 33
12 36 31
9 36 31
12 36 33
13 35 35
12 34 36
12 34 36
12 34 37
13 34 38
11 35 37
14 33 36
17 36 39
15 39 39
8 36 41
12 30 38
13 33 39
11 37 40
13 34 38
14 35 37
14 35 38
13 34 37
13 34 37
15 35 37
12 36 37
11 33 38
15 27 42
15 38 41
12 40 41
12 39 39
13 34 38
14 33 38
12 34 38
13 36 38
12 34 38
13 34 39
13 32 41
13 30 39
13 34 39
13 34 39
13 35 38
13 35 37
13 34 39
13 35 38
13 34 39
14 33 40
11 34 38
13 35 39
13 33 38
12 33 38
13 33 39
13 35 38
13 34 38
12 33 39
