42 28 50
44 29 50
44 29 50
44 30 49
44 31 50
43 30 49
43 29 50
43 28 50
44 30 49
45 29 51
44 29 51
44 30 50
44 29 51
43 30 50
44 31 50
43 30 51
44 30 50
44 31 50
43 30 50
43 30 49
44 29 50
44 30 50
43 30 50
45 30 49
42 32 50
44 29 50
43 30 51
43 31 50
44 29 49
44 31 51
44 30 50
44 30 50
44 31 50
44 30 50
44 30 50
45 30 50
44 31 50
43 30 50
43 29 51
44 31 50
44 29 50
44 31 50
43 29 50
43 30 50
43 29 51
42 29 50
44 30 50
45 30 50
43 30 49
43 30 51
44 29 50
43 29 50
43 29 50
44 31 50
44 29 50
44 30 49
43 30 49
43 30 50
44 31 51
44 30 50
44 30 49
44 30 50
44 31 50
44 30 50
44 28 51
44 30 49
44 29 50
42 30 49
43 30 54
44 34 52
45 32 51
45 32 49
44 30 50
42 29 48
46 30 48
47 31 51
45 32 50
48 32 49
51 31 53
47 28 53
49 30 52
49 31 51
38 40 51
39 40 55
36 39 52
33 40 49
29 42 47
28 41 49
31 35 54
32 31 55
37 34 52
39 32 52
38 32 53
37 26 52
34 22 48
33 23 47
37 25 50
33 26 53
35 28 52
35 30 52
35 31 49
33 31 50
33 30 52
31 29 50
29 28 50
28 30 51
25 32 52
24 31 52
23 33 51
20 34 52
20 34 50
19 34 49
20 36 48
19 37 49
18 39 47
19 38 47
16 39 46
16 40 44
16 42 46
18 42 45
20 44 45
21 44 45
21 46 45
21 47 44
22 47 44
23 47 44
22 47 43
23 50 43
24 50 44
24 48 43
25 49 43
27 50 43
27 50 44
29 49 42
28 51 43
27 51 43
27 49 44
27 49 45
29 48 44
30 48 42
26 50 42
27 49 43
28 49 44
27 49 45
26 48 43
26 50 44
28 48 43
29 49 43
28 50 45
27 50 44
27 50 44
25 47 45
27 47 43
31 48 44
31 47 41
31 52 40
29 48 42
27 47 48
22 45 53
24 35 52
26 39 50
26 40 47
26 40 46
26 40 48
22 36 53
18 41 54
20 40 47
16 44 49
16 43 46
13 43 42
13 41 44
14 41 44
16 41 43
18 40 41
18 42 40
17 43 39
19 39 37
18 43 40
19 44 40
19 42 41
19 43 42
21 43 43
20 43 43
21 41 44
20 40 44
17 42 44
15 41 46
17 39 45
15 38 46
17 37 44
15 37 44
13 38 43
14 37 43
15 36 42
15 37 42
15 36 42
16 35 43
15 35 43
16 35 42
16 35 44
17 35 43
15 35 42
16 36 42
16 36 42
14 38 42
15 37 42
15 38 42
15 37 40
14 37 40
15 36 41
14 36 39
12 36 40
13 37 40
12 36 40
12 36 40
12 36 40
14 37 39
13 37 38
13 36 39
13 39 39
12 37 37
14 37 38
12 37 39
13 37 38
13 37 39
13 36 39
13 38 39
12 36 38
13 36 38
13 37 37
12 36 39
13 37 38
13 36 38
13 35 38
12 36 39
13 36 38
13 37 38
14 35 38
13 36 38
14 36 38
13 36 38
13 37 38
14 36 39
13 36 38
12 37 38
12 36 39
11 36 39
13 37 39
13 36 38
13 37 38
13 37 39
