38 36 43
36 44 14
38 33 32
36 44 14
36 44 13
35 44 14
36 43 14
36 42 15
36 43 13
35 43 14
36 44 14
36 43 14
36 45 13
36 45 14
36 43 14
36 43 14
35 42 14
36 43 14
35 44 15
36 42 13
36 44 15
36 44 14
35 43 14
36 44 14
36 44 15
36 43 15
37 43 14
36 44 14
36 44 14
35 43 15
36 44 14
37 43 15
35 43 14
36 43 14
36 43 13
35 44 14
36 44 14
36 45 15
35 43 14
36 43 15
36 43 14
36 44 14
37 44 15
36 43 14
36 43 14
35 43 14
36 42 13
36 43 14
36 44 13
35 44 14
36 44 15
36 43 14
36 43 14
36 43 14
36 44 15
37 43 15
36 44 14
38 45 13
36 44 13
37 45 11
37 45 14
38 49 18
38 49 19
40 49 21
40 49 22
42 49 23
43 48 25
43 47 25
46 53 25
43 51 27
42 44 36
46 35 42
37 49 43
36 62 44
29 59 33
43 42 36
50 42 43
46 36 41
29 54 46
20 54 41
32 60 42
35 55 41
37 52 38
34 52 35
43 52 34
41 45 34
34 58 44
44 56 35
39 41 44
37 58 40
28 59 37
26 46 37
27 52 50
27 45 43
29 34 34
17 45 46
17 49 39
14 42 35
11 44 34
13 42 33
15 43 33
15 45 35
6 40 37
0 31 28
12 25 26
23 30 32
25 30 32
18 35 34
9 36 33
9 37 35
12 40 36
14 36 35
15 37 35
12 36 35
13 37 37
12 36 37
11 38 35
11 38 36
11 38 32
13 36 32
13 35 32
12 37 32
11 37 33
12 36 33
11 38 34
12 34 35
13 35 33
13 37 33
13 37 33
13 37 33
12 36 34
11 36 33
11 35 34
12 34 34
13 37 34
11 36 33
12 36 33
12 37 34
11 36 34
12 35 33
12 35 34
13 36 33
11 36 34
11 36 34
13 37 33
12 36 33
13 37 35
13 36 33
12 36 34
12 36 33
12 36 33
12 37 34
13 36 34
12 36 33
12 37 34
11 36 33
12 37 34
12 36 34
11 36 34
12 37 34
13 37 34
12 36 33
12 38 34
12 36 33
11 36 34
12 36 34
12 37 33
11 37 34
12 35 34
11 37 34
13 37 34
12 37 34
11 37 34
12 36 34
12 36 34
11 35 34
12 36 33
12 36 34
14 37 34
12 36 34
14 37 34
12 37 33
12 36 35
12 37 34
12 35 34
13 36 34
10 36 34
12 37 33
12 37 34
11 37 32
11 36 34
12 36 34
13 36 34
12 36 33
12 36 34
12 37 34
