15 27 44
16 28 43
17 27 44
16 27 44
15 27 45
15 27 44
15 27 43
16 28 45
18 28 45
16 26 44
17 27 44
16 26 44
17 27 44
17 27 43
16 26 44
16 26 44
16 25 44
16 26 44
16 27 45
17 26 43
17 26 44
16 26 42
17 26 44
17 26 44
15 24 45
16 25 43
15 24 42
14 25 43
16 23 42
16 21 40
17 23 41
18 20 39
20 18 38
20 18 39
21 20 35
20 22 34
18 13 36
18 17 40
19 16 33
20 17 31
19 16 30
18 16 32
19 20 30
15 19 25
15 13 27
17 17 34
17 11 35
18 9 33
20 8 33
25 11 33
29 11 34
30 16 36
36 17 35
38 15 36
39 15 38
39 15 39
40 16 41
41 15 43
40 19 45
41 21 46
41 23 49
40 23 48
42 26 47
42 25 49
43 28 47
42 33 48
42 35 50
39 33 51
37 35 56
37 35 60
35 36 60
35 35 58
34 32 55
33 27 53
32 24 49
34 25 45
35 20 43
36 16 42
33 16 43
32 18 43
31 18 46
28 9 63
33 21 54
36 21 48
34 19 47
31 22 48
32 21 48
31 19 51
32 19 50
33 22 48
32 22 49
31 20 49
31 19 49
33 20 48
31 17 49
31 18 48
30 20 46
28 19 47
25 19 51
23 21 49
24 19 46
25 20 47
29 18 49
31 20 48
34 18 49
38 17 47
47 16 42
52 21 41
38 27 47
27 20 53
23 14 52
26 13 49
27 14 45
27 14 43
27 14 40
28 18 42
29 13 42
26 19 43
23 16 44
27 17 42
26 20 41
25 19 42
26 18 44
23 18 45
21 15 45
20 20 47
19 24 48
22 22 44
25 22 43
26 26 42
23 28 46
20 28 47
18 27 50
17 24 47
18 25 45
16 26 44
16 27 44
17 27 42
14 28 41
15 26 45
16 30 41
14 32 43
13 33 41
13 32 41
13 31 44
16 32 46
15 34 46
16 32 46
17 36 47
18 36 47
19 35 46
19 36 49
20 35 50
19 35 49
20 34 49
19 36 47
19 34 47
18 36 47
18 34 47
18 35 47
17 33 46
16 34 46
17 34 45
16 33 45
17 34 45
16 32 45
16 33 44
15 33 43
16 34 44
15 33 42
14 32 42
14 32 43
12 31 44
15 33 42
15 33 42
13 33 41
15 33 40
14 32 40
14 33 41
13 32 40
14 33 41
13 33 41
12 33 41
13 33 40
14 32 40
14 32 41
13 32 40
12 33 41
13 32 39
14 32 39
13 33 39
12 33 38
12 32 38
11 32 38
13 32 36
12 33 37
9 31 35
12 32 32
9 31 31
9 31 30
10 30 30
11 29 29
11 26 27
12 29 23
11 28 26
13 29 25
14 29 25
13 31 26
13 30 26
15 31 27
14 32 28
13 33 29
12 34 30
12 33 29
13 32 29
12 33 30
13 35 31
14 34 33
11 33 32
12 34 33
13 36 34
12 35 36
13 34 35
11 36 36
13 36 36
12 36 35
13 34 34
13 35 35
12 34 35
12 35 36
12 35 35
13 32 36
12 33 36
12 35 36
13 35 35
12 34 36
12 34 35
13 33 35
12 35 36
13 35 34
11 35 35
12 35 36
13 35 36
12 34 35
11 36 35
11 35 35
11 34 36
11 34 35
12 34 35
12 34 36
12 33 35
12 34 34
12 33 34
13 34 35
12 34 36
11 33 34
12 34 35
11 34 35
11 34 35
11 33 35
13 33 35
12 34 35
12 32 35
12 32 35
12 33 35
13 33 36
12 32 34
11 34 35
11 33 35
12 34 36
12 34 35
11 33 35
12 34 34
11 32 34
12 33 35
12 33 34
12 32 35
12 33 35
13 33 35
13 32 35
13 33 36
12 32 35
12 32 35
12 33 34
12 32 34
11 33 34
