38 33 52
37 35 52
36 35 53
35 35 53
36 34 53
37 34 53
37 34 53
36 34 52
37 33 52
38 35 53
37 34 52
37 35 53
36 33 52
37 34 52
37 35 52
36 35 54
38 34 53
38 34 52
35 34 53
37 35 53
37 34 55
38 34 53
36 34 53
37 34 52
38 33 52
35 33 53
37 34 52
38 33 53
35 34 52
37 34 55
38 34 53
34 35 53
37 35 54
38 34 52
36 33 52
36 35 55
37 32 53
37 36 52
35 34 54
35 33 53
38 34 54
40 34 51
38 34 53
38 34 52
38 34 54
36 33 53
36 35 53
38 35 53
38 35 53
39 35 52
37 36 51
36 32 53
37 34 52
36 35 52
37 34 53
36 35 52
37 34 53
37 33 52
37 34 53
38 31 49
36 34 54
37 34 54
37 34 52
36 34 52
37 36 52
38 34 54
37 34 54
38 34 52
36 36 53
37 35 53
36 34 51
37 35 53
36 35 53
37 34 54
37 35 53
36 35 54
37 34 53
36 35 53
38 34 52
36 36 53
38 34 52
37 35 53
38 35 52
37 35 53
38 35 51
36 34 52
37 34 53
38 35 54
38 33 52
37 34 53
37 36 53
37 35 52
38 34 49
38 32 53
38 33 52
36 35 54
36 36 54
39 33 52
37 33 53
36 34 50
38 36 55
38 32 55
41 29 52
41 27 59
40 27 51
40 25 52
35 28 52
35 27 52
36 26 49
34 24 45
32 22 44
26 19 43
23 20 40
21 25 39
18 25 47
16 26 45
12 25 43
9 28 41
10 31 46
13 33 45
17 32 43
17 39 44
12 36 42
15 36 40
18 37 40
16 40 37
8 42 41
16 40 40
16 43 37
15 41 36
18 44 36
13 44 36
12 44 39
10 44 33
7 43 38
12 38 41
10 32 33
6 31 30
7 31 34
10 35 37
14 33 39
12 42 44
16 37 39
18 37 41
23 32 40
25 39 41
21 50 40
25 33 48
24 45 51
16 38 41
11 24 63
19 31 43
17 33 49
18 28 45
17 32 47
14 34 49
16 34 48
17 37 47
17 35 47
18 36 47
18 37 48
18 35 46
19 37 47
17 36 49
18 37 47
18 38 50
21 37 48
18 37 47
21 37 48
21 38 47
19 36 48
20 36 47
19 34 48
19 36 47
18 35 48
15 34 47
16 35 45
19 35 45
18 34 44
17 35 46
16 32 46
17 33 50
20 36 50
16 46 48
20 50 42
24 42 38
22 41 39
20 39 38
13 42 46
19 15 49
19 34 48
22 41 46
26 43 50
23 43 48
22 39 48
24 39 48
22 41 48
22 41 49
22 42 49
23 42 48
22 42 48
22 42 48
23 43 48
23 42 48
22 41 47
22 42 48
23 41 48
22 42 48
22 41 49
22 41 48
21 42 47
22 42 48
23 41 47
23 44 49
22 42 47
21 43 46
22 41 48
21 43 48
24 41 47
24 42 48
22 43 47
27 45 48
23 43 47
19 41 47
20 42 46
18 40 44
16 42 43
17 41 42
16 42 41
12 40 39
8 42 41
5 39 36
5 31 36
13 32 36
15 33 36
16 37 38
16 34 36
17 32 34
18 35 34
16 36 36
14 39 37
12 37 37
13 35 38
12 34 39
14 35 38
12 34 39
13 35 38
13 36 38
13 35 39
11 35 40
10 36 38
11 35 38
12 35 38
13 36 38
14 34 37
14 35 38
14 36 37
14 37 39
14 37 39
13 38 41
12 37 40
11 36 41
13 32 41
13 34 39
14 34 38
13 35 37
11 36 38
12 36 37
13 36 37
13 35 37
14 35 37
14 34 38
12 35 39
13 36 40
13 39 40
14 37 39
14 34 40
14 37 38
13 40 41
12 38 39
13 35 39
12 37 38
13 37 38
11 34 35
12 38 38
16 37 35
15 37 38
15 34 37
13 35 37
12 36 38
13 38 39
13 37 39
13 35 38
12 36 38
13 37 38
11 39 36
13 38 36
14 39 37
12 40 39
