28 33 52
29 35 52
28 37 53
30 35 54
31 35 52
28 35 52
29 36 52
29 35 52
28 39 51
28 37 49
25 41 47
23 45 50
28 36 52
26 32 52
21 33 48
17 36 55
21 34 51
23 34 50
23 33 48
22 32 50
21 33 49
22 32 49
22 33 50
22 33 50
23 32 51
22 33 49
22 33 50
22 33 50
21 33 50
22 35 50
22 31 50
22 33 51
22 34 49
21 34 51
22 34 51
21 32 51
21 35 50
22 32 49
21 33 49
23 33 50
21 31 51
22 33 50
22 34 50
21 33 50
22 33 51
22 32 50
18 34 53
16 35 52
14 34 47
15 32 44
19 28 46
22 29 45
25 28 42
26 26 49
23 32 48
24 37 47
17 28 53
13 21 56
19 32 45
19 30 42
16 23 46
17 28 47
16 28 45
15 27 43
13 30 45
18 30 47
23 31 49
19 25 49
19 25 52
23 21 50
21 29 40
11 40 34
17 29 44
15 38 39
15 38 41
17 41 44
13 40 47
16 41 47
16 42 44
16 42 43
18 43 45
19 44 45
19 43 43
18 43 44
21 46 46
20 47 45
19 44 41
18 45 43
20 43 43
19 44 40
16 48 43
17 46 45
15 47 43
23 40 44
14 45 44
17 35 37
20 39 38
21 47 44
16 42 33
13 41 35
8 41 34
12 43 36
15 39 35
13 40 34
14 42 35
11 43 37
14 41 36
14 41 36
14 40 39
12 42 38
14 37 41
13 33 36
14 32 39
14 27 38
13 25 38
14 24 38
14 28 41
15 24 42
15 30 40
16 28 41
14 28 40
13 30 41
15 31 42
15 30 43
14 31 41
11 32 40
12 33 37
14 36 38
12 37 40
9 41 37
11 40 38
12 38 37
11 37 33
12 36 34
15 39 34
15 40 35
10 48 35
10 37 34
8 38 30
12 33 31
15 35 32
13 36 31
13 34 34
13 34 34
17 35 35
13 34 34
12 35 34
11 35 33
9 36 34
11 34 30
12 35 30
12 34 31
12 34 30
11 34 30
11 34 32
12 33 32
12 35 30
10 33 30
12 33 30
12 33 31
12 31 30
11 32 30
11 32 31
12 33 32
13 32 31
11 32 30
11 31 31
11 33 32
12 32 32
12 30 31
12 31 32
11 31 31
10 30 32
12 28 30
11 30 32
11 31 32
12 28 30
11 29 31
12 32 31
13 30 32
12 30 31
12 28 32
12 29 30
11 28 31
12 31 31
13 30 30
12 30 32
11 32 33
