22 36 40
35 37 52
34 37 53
34 38 52
34 37 53
33 37 52
35 36 52
34 38 53
34 36 53
34 38 52
35 38 52
33 37 52
35 37 52
35 36 53
35 39 53
34 38 52
33 37 52
34 36 53
33 36 54
31 35 55
29 37 53
30 37 53
27 35 54
25 26 50
31 28 48
37 30 48
27 36 50
31 29 50
30 41 53
22 41 56
29 45 52
28 48 50
27 46 46
25 47 46
27 44 47
29 42 47
28 45 52
28 40 53
28 38 50
27 41 48
28 40 48
27 39 51
28 41 52
28 42 52
28 43 49
28 44 49
29 42 50
30 39 54
32 44 53
32 41 52
31 39 53
34 37 51
34 40 49
30 39 53
32 39 51
32 35 54
32 39 51
30 40 52
31 37 54
30 37 55
28 33 51
23 38 54
22 37 50
19 43 48
18 40 43
23 35 37
20 36 42
19 44 48
21 47 50
24 46 50
25 40 53
24 41 52
21 49 52
15 47 58
21 42 51
31 43 49
42 38 50
43 46 52
34 50 51
31 47 56
19 47 52
12 45 42
14 36 36
15 33 34
11 29 36
7 28 38
5 27 43
11 27 37
16 34 39
19 30 40
22 28 34
26 21 27
30 18 38
36 60 47
24 59 63
29 43 59
25 43 48
8 53 41
6 38 35
11 20 31
13 17 30
16 18 31
20 19 40
16 19 40
17 18 42
8 11 30
0 16 31
7 22 31
21 27 35
29 41 56
8 59 59
18 57 55
23 26 61
24 19 59
26 20 50
25 19 50
29 18 48
29 16 43
29 18 45
24 20 46
24 19 43
24 17 44
20 15 43
23 19 44
29 19 48
29 18 47
31 18 49
31 20 49
31 20 47
32 21 49
32 22 49
32 23 51
34 20 50
36 22 50
36 21 51
35 22 52
36 23 52
34 24 51
29 22 50
27 19 50
28 18 48
35 17 46
32 19 47
30 21 47
27 22 46
29 24 46
29 27 48
33 27 50
34 29 52
36 33 56
36 36 56
38 38 53
39 39 54
37 42 52
37 42 53
34 44 53
33 43 52
34 40 51
34 41 51
36 40 53
35 38 52
37 39 50
36 38 51
33 38 54
35 36 55
39 37 51
40 37 50
39 39 51
40 40 51
39 41 49
38 40 50
36 41 53
38 38 51
39 39 49
39 39 50
39 42 52
40 40 54
37 40 53
35 40 51
37 39 49
38 37 48
40 37 48
42 36 47
37 40 45
29 39 49
25 44 49
8 60 63
34 49 39
27 46 63
19 38 45
22 49 38
18 54 35
21 48 35
23 49 35
24 55 36
22 50 38
17 51 36
19 49 31
24 55 35
21 47 36
16 47 34
17 48 32
11 50 36
5 49 34
12 39 28
16 41 33
16 41 32
15 41 32
14 39 30
12 40 31
15 42 30
17 42 32
15 42 33
14 41 34
10 40 34
14 38 34
14 39 35
18 39 37
20 39 35
12 40 38
11 41 37
13 40 39
14 43 37
8 40 39
12 39 34
14 42 28
15 42 31
12 40 28
14 40 29
17 41 31
6 41 30
15 39 35
12 39 34
