34 38 53
34 33 53
34 38 52
35 38 53
35 38 52
34 38 54
34 39 52
36 37 53
35 37 52
35 38 53
34 38 53
34 38 53
36 37 53
34 38 52
35 37 53
34 37 52
35 38 53
34 37 52
34 38 53
34 38 52
34 38 53
35 37 51
35 38 52
36 37 53
35 37 52
33 38 52
35 37 53
35 38 52
35 37 53
35 38 53
34 38 52
35 37 52
35 36 53
35 39 52
35 38 53
34 37 53
34 38 53
34 38 53
34 37 52
35 38 53
34 37 52
34 39 52
33 38 52
35 37 52
35 38 51
34 37 53
34 37 52
35 36 53
35 37 53
35 38 52
34 38 52
34 37 52
35 37 53
36 38 52
35 37 52
33 37 53
35 38 53
34 37 52
34 37 53
33 38 52
35 38 53
35 38 52
35 38 53
35 38 53
35 37 52
34 37 53
34 37 52
34 38 54
35 37 52
35 38 53
35 38 53
34 38 53
36 38 52
35 38 52
33 38 52
35 38 52
35 37 52
35 38 52
35 35 52
36 37 51
34 39 52
34 40 54
34 39 52
34 39 52
35 40 52
35 40 51
32 40 50
30 45 45
40 62 47
37 50 42
32 51 45
31 45 39
47 49 43
47 49 41
38 46 51
40 44 38
39 41 51
36 47 50
35 44 48
24 43 49
36 42 62
28 39 45
25 50 43
24 51 39
0 33 60
22 37 28
15 35 35
10 39 38
2 37 34
2 34 32
8 24 28
9 28 24
13 30 25
16 29 25
16 28 27
16 33 29
18 35 29
18 32 29
16 33 31
12 32 30
10 33 31
10 35 34
12 35 35
15 33 34
13 36 33
12 35 33
12 36 34
12 37 35
12 36 36
12 35 34
7 34 33
12 35 35
15 35 35
13 34 38
11 33 36
12 34 38
15 34 38
13 34 37
13 34 37
11 33 36
11 35 36
12 35 35
11 35 35
12 36 36
13 35 37
13 35 37
11 37 37
11 35 37
11 35 37
13 35 37
12 37 36
12 36 35
11 34 35
13 34 35
13 34 36
13 36 36
12 36 37
12 36 37
12 35 35
12 35 36
12 35 37
12 35 37
12 35 36
12 36 36
12 37 35
11 36 35
12 34 36
12 35 36
12 35 36
12 35 36
12 35 36
13 35 36
12 34 36
13 35 36
12 36 36
12 35 36
13 37 36
11 37 36
12 36 37
12 36 35
12 36 36
12 35 35
12 35 37
13 35 36
12 34 36
11 35 37
13 35 37
12 36 36
12 35 36
13 35 37
12 35 37
12 35 37
13 34 37
13 34 37
11 36 36
12 35 37
12 36 35
11 36 37
13 35 36
13 35 37
12 35 37
12 36 36
12 36 35
13 36 37
12 35 37
12 35 35
13 36 36
12 35 36
13 36 36
12 35 36
12 36 36
13 35 36
12 35 36
13 37 36
12 36 36
12 36 36
12 35 35
13 36 36
12 35 37
13 35 35
12 35 36
13 35 35
12 37 37
12 34 36
