30 29 53
31 30 54
32 30 53
30 30 53
31 30 53
30 30 53
30 31 54
30 30 53
32 29 52
31 30 52
30 29 54
30 30 52
30 30 53
31 30 53
31 29 53
30 31 53
30 29 53
31 30 53
30 31 53
30 30 53
31 29 54
31 29 53
30 30 53
30 30 52
29 30 52
31 30 53
30 31 53
31 30 54
29 29 53
29 31 53
31 29 53
30 31 53
30 30 53
31 29 52
31 29 53
30 29 53
29 29 53
30 29 53
30 29 52
30 30 53
31 30 53
31 31 53
31 29 53
30 29 52
30 30 52
29 30 53
31 29 53
31 30 53
29 30 53
30 29 53
31 30 53
30 30 53
30 30 52
31 30 53
30 29 53
30 30 53
31 29 54
31 29 53
30 30 53
30 29 53
30 30 53
29 29 52
29 29 53
31 30 53
32 30 53
31 29 53
31 31 53
30 30 53
29 31 53
31 29 52
31 30 53
30 31 53
30 30 52
29 30 53
29 30 52
30 29 54
29 31 54
28 30 50
27 29 53
26 28 52
29 28 53
30 28 53
31 31 48
32 35 52
28 43 55
32 33 52
32 29 51
36 27 48
30 39 54
34 33 52
28 42 58
26 35 51
9 19 51
20 33 53
25 31 53
18 32 48
43 36 47
61 35 30
38 45 45
33 43 47
35 31 52
23 49 57
25 36 50
26 38 52
23 37 55
24 33 51
22 31 53
23 29 49
18 33 48
18 27 49
21 28 48
20 27 44
15 25 45
19 25 44
15 24 41
16 26 40
16 24 39
12 24 39
13 26 37
14 25 39
13 26 38
12 27 39
12 28 38
12 28 39
14 29 38
11 28 38
12 30 38
11 30 37
11 32 37
12 30 38
11 32 40
7 32 42
15 30 42
15 28 46
15 23 52
15 31 44
15 33 45
15 32 44
16 33 42
20 30 43
21 31 43
20 27 48
20 30 47
17 31 46
15 30 47
17 28 46
18 29 47
18 29 47
19 28 49
18 29 47
20 28 48
20 29 48
18 28 47
16 28 47
15 28 46
16 28 47
13 30 45
14 29 44
16 32 44
15 31 43
15 32 44
17 32 45
16 33 46
18 32 47
20 33 46
21 33 46
18 32 45
19 31 45
15 35 46
13 33 46
16 34 47
15 35 45
17 37 47
19 38 45
19 39 46
19 39 47
19 39 47
21 41 45
20 38 46
16 35 47
18 36 45
18 40 46
17 40 45
19 41 45
18 40 47
19 36 47
18 33 47
19 34 48
18 35 48
19 36 46
18 38 45
20 36 45
18 36 45
14 40 48
15 36 44
19 40 43
17 39 45
17 41 44
18 40 43
17 40 44
15 39 44
16 41 44
16 39 44
16 38 45
16 38 43
17 39 43
16 40 42
16 39 43
15 40 41
17 39 42
16 39 44
16 40 43
16 39 43
17 39 43
16 39 43
17 39 43
17 40 43
16 40 43
17 40 43
15 38 42
14 39 43
15 38 43
15 38 43
15 39 43
16 39 41
16 39 41
16 40 43
16 39 43
15 38 43
16 38 43
16 38 43
17 38 41
16 39 43
15 40 42
15 41 42
15 38 42
15 39 42
15 39 42
15 39 42
15 40 41
15 39 40
15 39 41
14 41 42
16 40 41
15 40 41
16 40 41
15 39 41
16 40 41
15 39 41
16 40 41
15 39 41
15 39 42
