35 44 50
35 43 50
36 43 50
36 42 50
37 42 51
34 42 51
35 41 50
36 42 51
35 43 51
35 43 51
36 42 50
36 42 51
35 41 50
35 42 50
34 43 51
35 43 51
35 42 51
35 41 51
35 43 51
36 42 51
35 43 50
35 42 51
35 41 51
36 42 51
36 42 51
35 43 51
35 43 50
35 42 51
35 43 50
36 42 50
36 41 50
36 43 51
35 41 50
36 42 49
36 42 50
34 42 51
35 43 51
35 42 50
36 42 50
37 42 51
35 42 50
35 41 51
36 42 50
35 42 50
36 42 50
36 43 51
36 43 51
35 42 51
36 42 51
35 42 50
35 43 51
35 43 50
35 42 50
35 43 50
35 42 51
35 42 51
36 43 51
36 41 50
36 43 50
36 42 51
35 42 50
36 43 51
35 43 51
36 43 50
36 41 51
36 42 49
35 42 50
35 42 50
36 42 50
35 44 50
35 42 50
36 42 51
35 43 49
35 41 49
35 44 50
37 44 50
33 42 51
36 32 53
33 30 55
21 38 56
15 34 51
12 33 47
14 25 46
48 33 42
62 9 56
33 36 59
34 32 52
33 34 55
32 41 52
28 46 54
30 38 55
31 35 52
35 35 52
35 35 49
32 37 48
37 38 50
39 31 57
36 37 55
38 35 50
35 34 54
27 44 54
28 37 52
23 40 51
24 41 49
21 45 48
19 40 48
20 42 44
16 41 46
17 38 43
15 39 44
13 41 40
14 37 35
12 36 34
17 31 35
13 36 29
11 34 27
7 35 24
8 31 21
9 28 20
8 30 17
13 27 21
17 33 25
18 31 27
20 38 25
22 33 31
20 34 32
15 34 32
13 35 31
11 36 35
9 37 37
10 29 36
14 33 34
14 36 35
12 39 35
11 38 35
11 39 36
11 38 35
12 38 35
14 37 35
12 38 33
13 36 33
11 37 32
12 38 32
12 39 32
12 38 31
13 40 33
13 39 33
12 41 33
13 40 34
13 41 36
13 39 35
13 36 35
11 37 35
10 34 38
15 34 38
14 37 37
13 38 36
11 38 39
16 38 37
14 37 35
12 35 35
13 35 35
13 36 35
13 35 35
12 37 35
12 36 36
12 37 37
12 36 37
14 37 36
13 36 37
12 36 36
12 37 35
13 36 36
12 37 36
12 37 36
12 37 36
13 37 36
12 36 36
13 37 37
14 37 37
12 37 38
13 38 37
14 38 37
13 37 36
12 37 36
14 37 36
12 38 37
12 38 37
14 38 38
14 39 37
10 39 36
12 38 37
13 37 37
13 36 37
13 38 37
13 38 37
13 39 37
13 37 35
13 38 37
13 38 36
13 37 36
12 38 36
13 38 36
13 38 36
12 37 35
13 38 36
13 38 36
12 38 37
12 38 37
13 39 37
13 38 36
12 37 36
14 37 36
12 38 36
13 37 37
12 37 37
13 38 36
12 38 36
12 38 36
13 38 36
12 38 37
11 37 36
12 36 36
13 36 35
13 37 34
14 37 36
13 38 36
13 39 37
13 38 38
13 39 38
14 38 38
13 39 38
13 39 38
13 38 37
13 39 37
13 38 37
12 38 36
