37 47 47
37 47 47
37 47 47
37 46 48
36 46 47
37 48 48
36 47 48
38 45 48
38 46 48
37 45 47
38 46 47
36 46 48
37 47 47
38 48 47
37 47 49
36 45 49
37 45 47
37 46 49
36 47 47
38 48 48
36 49 47
36 46 48
36 44 47
36 45 48
37 46 48
36 46 48
37 45 48
35 46 48
37 45 47
36 46 48
37 46 47
38 45 47
36 47 48
37 45 48
38 46 48
37 46 48
36 47 49
37 47 49
37 45 48
38 45 48
37 46 48
36 46 49
36 45 47
36 46 47
37 46 48
36 46 48
37 46 48
37 45 47
38 47 48
37 46 47
35 46 47
36 46 47
36 46 48
36 44 47
36 46 47
35 46 47
37 46 48
36 45 48
37 46 48
36 45 49
37 46 48
35 46 48
35 46 47
36 46 48
36 46 47
37 45 48
37 44 48
36 46 48
35 45 47
38 45 48
37 46 49
37 45 46
35 45 48
33 43 49
33 43 49
33 43 54
38 41 52
34 42 52
33 41 52
33 42 53
28 47 55
25 39 51
18 38 52
15 32 51
17 33 52
22 32 42
29 38 37
29 29 46
32 34 50
24 45 57
20 48 55
13 25 44
15 25 44
18 31 45
16 30 47
21 31 44
13 30 46
11 29 44
15 33 46
14 32 45
16 30 45
19 32 44
14 33 43
13 35 44
16 35 43
15 36 45
13 37 48
13 38 46
15 40 48
12 38 49
11 35 52
9 28 52
11 32 39
15 38 38
19 39 39
21 40 39
24 51 40
23 52 42
27 56 47
28 50 51
25 48 51
22 53 61
22 29 39
15 46 48
11 32 42
19 33 41
12 33 45
12 31 41
12 30 43
12 30 42
13 29 40
13 27 41
15 28 40
14 27 38
16 26 38
17 29 40
15 27 42
14 29 42
14 28 40
13 27 41
15 29 41
14 29 41
12 30 40
13 30 39
13 30 39
14 31 40
12 30 39
12 31 38
13 31 39
12 31 37
11 34 36
10 32 37
9 34 38
10 35 37
11 34 37
8 32 37
11 35 34
15 35 38
13 33 38
11 34 35
9 32 34
12 35 37
13 35 36
15 37 34
16 38 35
18 38 35
15 37 34
14 37 36
11 37 36
11 37 37
12 37 39
11 37 39
14 36 41
13 34 41
11 31 39
12 31 39
12 37 37
12 37 38
12 37 37
12 34 36
14 35 36
13 34 37
14 36 36
14 36 36
13 34 37
12 35 38
12 36 38
13 36 38
13 35 38
12 35 39
12 36 38
12 36 37
12 36 38
12 35 38
13 36 37
13 34 36
13 36 36
11 35 36
13 37 38
14 37 37
12 33 36
10 36 39
14 36 37
13 35 37
13 38 38
13 36 38
11 35 37
11 35 38
13 37 38
13 35 36
13 35 35
13 37 35
14 38 38
13 36 37
11 34 38
13 36 40
13 34 41
12 37 40
12 35 38
13 36 39
13 35 38
12 35 36
13 35 37
13 34 37
12 35 37
13 34 38
12 34 38
12 35 38
14 35 38
13 34 38
13 34 38
12 34 38
