41 37 51
40 39 51
39 38 50
40 38 52
40 38 51
40 37 51
40 38 51
40 37 51
40 39 51
40 38 51
39 38 51
39 37 52
40 39 51
39 39 51
39 38 51
39 38 51
41 39 50
40 38 52
40 39 50
41 38 51
40 38 50
40 37 51
40 38 52
40 39 52
39 38 51
40 37 51
41 38 51
39 39 51
40 38 51
41 38 51
39 38 51
39 39 51
41 37 52
39 38 50
40 39 51
40 39 51
39 38 52
39 38 51
40 38 51
40 39 51
40 37 51
40 38 50
39 38 51
40 39 49
41 38 52
40 39 51
39 37 50
40 38 52
40 38 52
39 38 52
41 39 51
40 38 52
39 38 50
39 39 50
37 38 52
42 35 52
41 36 52
40 35 52
41 34 52
44 33 51
42 32 49
41 36 47
40 37 44
35 43 47
37 47 54
40 40 53
40 37 54
41 39 52
37 33 47
28 35 58
11 45 63
15 29 49
28 35 44
49 59 47
58 23 34
8 53 63
26 32 43
18 35 48
20 37 51
27 32 41
17 40 52
15 39 51
19 35 44
17 37 46
16 39 48
19 39 48
19 36 47
13 40 42
12 40 36
10 42 36
9 36 39
12 37 36
7 43 41
12 34 36
7 30 23
6 31 25
10 31 31
10 34 32
12 32 32
12 34 34
13 35 37
16 35 37
22 38 43
24 37 44
28 38 47
31 36 47
30 40 52
32 39 52
31 39 49
33 41 50
32 43 51
31 43 49
30 42 50
30 42 50
29 42 50
30 41 51
30 42 50
30 43 50
30 43 49
31 42 50
31 41 51
29 43 50
31 43 50
30 41 51
30 43 49
31 41 48
27 44 51
27 44 51
29 42 50
28 42 50
30 40 48
30 38 42
27 36 42
18 46 43
15 37 42
11 40 43
8 39 42
7 40 40
8 43 39
10 38 39
13 38 38
13 37 37
14 37 37
12 38 36
13 37 37
13 36 36
14 37 37
12 36 36
13 38 36
13 38 36
12 37 36
13 36 37
12 37 36
12 36 36
12 37 37
13 37 38
11 36 37
13 37 36
13 37 35
13 38 35
12 36 36
12 37 37
13 36 37
11 38 36
12 37 36
12 38 37
14 37 37
13 36 36
13 38 36
13 37 35
13 36 34
12 37 36
12 38 36
13 37 37
11 37 37
12 38 36
12 36 36
13 35 36
12 37 36
14 38 36
12 37 37
12 37 36
14 37 37
12 38 37
12 37 36
12 37 36
12 37 36
13 36 36
13 37 37
12 35 36
13 36 37
12 37 36
12 36 36
13 36 37
13 35 36
12 35 37
12 36 36
13 36 37
12 36 38
12 37 37
13 37 37
13 37 37
12 37 37
13 36 37
12 37 37
12 36 37
13 35 36
12 36 36
14 36 36
12 37 38
13 37 36
13 36 37
12 37 36
