17 29 45
17 29 45
17 29 45
17 30 45
15 29 46
17 30 45
17 29 46
16 30 46
16 29 46
17 30 44
17 28 46
16 30 46
17 29 44
17 30 46
16 29 44
16 30 45
18 29 46
16 30 45
18 29 45
17 30 46
17 29 44
16 28 48
17 30 48
15 28 50
20 27 47
21 25 46
21 22 46
20 21 46
20 18 44
21 19 43
24 17 42
25 16 41
26 15 41
27 12 41
27 12 41
28 12 41
29 12 41
32 16 41
36 16 41
40 19 41
44 23 38
43 23 38
45 24 41
44 21 44
41 18 45
40 20 46
37 17 47
35 13 49
33 12 46
32 12 45
31 12 50
33 17 50
36 16 47
37 21 43
39 21 41
38 22 44
37 23 45
36 25 43
34 26 49
30 26 54
28 25 53
27 28 51
30 24 48
28 27 50
30 25 52
31 25 51
30 27 55
29 28 55
24 31 52
23 31 52
21 30 50
21 30 50
24 29 52
23 25 56
25 32 51
25 34 51
22 32 51
21 33 52
21 34 52
23 32 49
25 34 49
28 33 49
26 32 51
26 35 54
28 32 53
26 35 51
24 33 51
25 33 51
24 33 51
23 33 51
25 33 51
25 32 51
25 33 52
25 34 51
26 35 51
25 36 51
25 32 51
24 35 51
24 35 51
24 36 50
23 35 50
22 35 51
22 33 50
22 35 50
24 36 50
22 34 49
20 34 50
21 34 48
22 34 50
21 35 51
18 34 46
18 37 46
16 36 44
13 35 41
14 33 41
13 36 38
13 34 35
12 34 33
13 32 32
11 34 31
11 35 29
11 36 28
12 34 29
13 33 27
12 35 26
7 30 28
4 28 24
7 27 21
12 27 23
14 31 25
11 25 26
13 30 27
15 30 29
16 32 31
15 32 31
14 33 32
14 34 33
12 35 35
12 36 35
13 34 32
12 38 33
14 38 32
11 37 34
12 38 33
14 38 34
14 39 34
13 38 33
13 38 32
12 39 35
14 40 35
11 39 36
11 39 36
11 39 35
11 38 36
12 37 35
11 37 35
12 37 36
12 37 34
14 38 35
13 39 35
14 39 35
13 39 34
13 39 35
13 39 35
12 38 34
11 39 34
12 38 35
13 37 35
12 39 35
12 38 35
13 38 36
13 40 35
12 40 35
12 37 34
12 39 34
12 38 34
12 39 35
13 39 35
12 37 34
14 38 35
12 38 34
12 38 34
