37 33 53
39 33 53
40 34 51
39 34 53
39 34 51
38 33 52
38 33 53
39 34 52
38 32 52
39 33 52
39 34 53
38 34 52
39 35 53
38 34 53
38 33 53
39 33 53
39 34 52
39 33 51
39 34 53
39 34 52
38 34 53
39 34 52
38 35 52
39 33 51
38 34 52
39 34 53
39 34 53
39 34 52
39 33 52
38 34 53
38 33 53
39 32 53
38 35 52
39 33 52
39 33 51
39 33 53
39 33 53
39 34 53
39 34 53
40 34 52
39 34 51
39 34 53
38 33 53
39 33 53
39 35 51
38 34 51
39 34 52
39 34 52
39 34 53
38 34 52
39 34 51
39 34 52
38 34 53
39 33 52
38 33 52
38 35 53
38 34 52
38 34 52
39 34 53
38 34 52
40 34 52
39 33 53
39 33 52
38 34 53
40 33 52
38 33 51
38 33 53
37 34 52
41 35 53
42 35 53
42 35 52
44 37 54
39 32 54
40 32 53
36 30 50
34 28 48
29 25 45
25 21 44
23 23 46
19 23 45
15 28 44
14 25 43
10 22 46
14 26 44
15 23 38
14 26 43
16 25 41
19 28 38
20 29 41
13 29 43
16 28 41
11 32 39
13 38 47
14 37 40
14 35 39
11 37 41
10 39 40
10 34 45
9 36 40
12 42 41
28 36 26
10 29 41
0 30 34
7 32 53
19 26 48
21 26 47
21 33 45
23 34 41
28 39 35
31 42 39
27 51 52
26 46 53
23 44 59
17 28 61
23 36 53
23 35 52
25 37 52
25 36 51
24 34 50
22 33 46
16 36 43
15 35 49
22 41 52
20 36 50
19 36 49
18 36 47
18 35 45
17 37 45
17 35 46
15 35 45
12 34 44
12 36 42
13 35 42
12 35 40
11 36 39
13 35 39
15 37 45
12 39 43
10 35 41
9 33 32
8 31 33
14 35 35
12 37 35
15 37 34
17 38 35
18 36 34
15 37 35
14 37 36
12 37 36
10 37 37
11 38 39
11 38 41
12 39 41
13 37 41
13 36 40
12 36 39
12 35 38
12 35 38
12 34 36
13 34 36
14 36 37
15 34 37
14 35 37
16 35 36
13 34 39
11 33 39
13 36 41
10 38 40
10 36 39
6 41 37
9 47 38
20 45 34
23 45 37
21 44 36
20 48 35
19 49 35
19 45 36
20 47 34
21 47 34
21 46 37
19 48 36
16 51 37
14 52 34
17 45 34
16 45 35
17 45 32
19 47 32
17 47 32
17 46 30
17 45 29
19 45 30
17 43 29
17 40 27
16 44 29
20 39 34
16 43 32
10 53 28
13 38 29
11 39 33
15 43 30
15 45 30
17 46 31
17 43 30
16 45 32
16 43 33
13 46 33
19 49 29
26 41 27
23 42 29
15 56 30
9 40 36
14 51 35
19 43 36
18 45 35
17 45 36
18 44 35
17 42 36
15 43 36
14 42 38
12 40 37
10 40 38
9 38 38
11 34 37
13 34 37
13 36 37
16 34 37
14 37 39
12 36 39
12 33 40
13 38 41
14 36 38
12 34 38
12 32 38
12 34 39
12 36 37
13 34 37
13 36 38
12 33 38
13 34 38
13 34 38
