49 30 43
50 30 43
51 28 44
50 29 43
50 29 44
50 30 43
51 29 43
50 30 43
51 30 44
50 29 44
50 30 44
50 29 43
50 28 44
50 29 44
50 30 43
51 29 43
50 29 44
50 29 43
50 29 43
51 30 43
50 30 43
50 28 44
50 29 42
50 30 44
50 29 44
50 29 42
51 31 43
50 30 43
50 28 43
51 30 44
51 29 42
49 30 43
50 29 42
51 30 43
50 29 44
51 30 43
49 30 44
50 30 42
50 29 43
50 29 42
51 29 43
50 30 45
50 26 44
50 28 43
50 28 42
53 28 37
48 30 37
51 33 35
53 34 33
55 42 33
57 42 31
53 40 31
56 36 32
51 37 31
54 39 34
50 39 35
49 42 36
55 41 36
51 41 34
52 42 33
52 41 32
54 41 30
52 42 29
51 43 32
52 45 34
50 42 34
50 44 32
47 47 33
46 48 33
45 50 36
46 49 35
45 51 37
41 49 37
39 49 39
39 51 38
36 51 39
34 50 41
30 54 46
27 52 44
25 50 43
22 50 45
19 51 44
18 48 43
17 49 46
18 44 43
16 43 43
17 40 42
17 42 43
20 38 42
23 38 44
23 37 45
22 38 49
22 36 49
18 36 47
17 37 47
17 36 48
17 37 46
18 36 44
17 36 45
17 34 44
14 35 45
16 35 45
16 34 43
16 36 45
15 34 45
15 33 44
13 31 42
15 31 41
15 31 42
15 31 41
15 31 42
15 31 41
16 31 43
15 32 43
15 31 44
14 32 42
16 32 44
15 31 43
15 33 44
15 33 44
15 34 45
15 33 44
15 33 45
16 34 44
15 35 44
16 34 45
16 34 45
16 35 44
15 34 43
15 34 45
16 34 45
14 34 45
15 35 45
16 34 45
15 34 44
16 34 44
16 33 44
15 34 44
17 34 44
18 33 38
8 34 41
6 33 41
8 32 39
11 32 36
12 32 35
10 30 32
11 29 29
10 28 30
10 30 31
11 29 30
14 32 31
15 36 32
16 35 31
14 35 30
15 37 30
12 37 30
11 35 32
11 35 32
12 35 33
13 34 34
11 35 35
13 36 36
13 38 36
14 37 35
14 39 34
14 37 35
11 39 35
12 37 33
12 37 33
12 38 33
11 38 32
12 38 32
13 39 32
13 38 30
14 40 30
13 41 31
13 40 32
14 40 34
14 41 34
13 40 36
12 41 35
11 40 37
13 39 36
13 37 37
12 38 35
11 39 35
13 39 33
13 40 34
14 39 33
14 40 33
13 38 33
14 38 34
13 39 34
13 39 34
13 39 34
13 38 35
12 40 34
14 40 33
11 38 34
13 39 33
12 40 35
12 40 34
13 39 35
13 39 34
12 40 33
12 38 35
14 40 34
12 39 34
13 38 35
14 39 35
13 39 34
13 38 35
14 39 34
12 39 34
13 39 34
13 38 34
13 39 34
12 39 34
13 39 33
12 38 35
13 39 32
13 39 33
14 40 34
13 39 35
12 39 34
