35 44 50
42 35 44
35 44 50
35 44 50
35 43 50
34 44 49
34 45 49
36 44 49
34 44 50
35 43 50
35 44 50
35 44 50
34 44 49
35 43 50
34 44 50
35 43 49
35 43 50
34 44 50
35 43 50
35 43 50
35 45 49
36 44 51
34 44 50
34 45 49
35 44 49
34 44 49
35 43 50
34 44 49
35 44 49
35 44 50
35 44 49
35 44 50
34 43 51
34 46 50
34 43 50
33 44 49
34 44 50
34 45 50
35 43 49
34 44 50
35 44 50
36 44 51
34 45 51
34 43 49
34 44 50
36 44 50
34 44 51
35 43 49
35 44 49
35 44 51
35 45 50
34 44 51
34 44 50
34 43 49
35 42 50
35 45 50
35 42 50
36 44 50
35 44 50
35 44 50
33 44 49
34 44 50
36 43 50
35 44 50
34 44 49
35 44 50
33 45 49
35 44 48
35 43 51
34 44 50
35 43 50
35 44 50
35 44 49
34 44 50
34 44 50
34 45 49
35 45 50
35 44 50
35 44 50
34 42 49
35 45 50
35 43 50
35 44 48
35 45 49
35 44 50
35 43 50
34 44 50
35 44 50
34 43 50
34 44 50
34 43 51
34 43 49
35 43 47
36 43 50
30 39 57
30 30 51
30 38 55
30 41 56
39 35 46
34 38 48
33 34 56
35 35 57
32 36 53
33 41 52
30 40 54
25 38 54
16 38 53
26 30 51
36 35 46
44 34 50
62 37 52
16 35 61
21 38 55
29 37 53
32 39 52
35 42 49
37 37 53
38 39 52
41 39 48
39 38 46
32 48 53
31 41 53
31 39 55
27 39 55
24 39 52
23 41 49
23 40 51
22 39 49
20 39 47
17 39 49
19 39 47
18 38 43
16 36 42
17 35 39
15 35 36
15 33 32
10 35 30
9 34 32
5 31 31
10 28 27
11 31 28
11 30 24
3 31 12
4 23 17
14 27 23
15 28 27
20 30 32
22 30 32
23 34 30
18 36 31
13 34 33
11 34 34
9 29 36
12 32 35
11 34 34
12 34 35
13 37 35
13 40 37
13 38 37
10 37 38
13 35 37
14 35 35
12 36 36
13 36 34
11 33 36
12 32 34
11 33 35
12 35 35
11 36 35
12 36 36
12 36 35
13 36 35
13 36 36
12 35 35
13 36 36
13 37 35
12 34 35
11 35 35
11 35 35
12 36 35
13 36 36
13 35 35
13 36 35
12 36 36
11 35 35
13 36 35
12 35 35
12 36 34
12 34 36
13 35 35
13 34 34
13 36 35
13 35 35
13 36 36
13 36 35
13 36 35
12 35 34
11 36 36
12 36 36
11 35 34
12 35 34
12 35 35
13 34 35
12 35 35
12 36 34
12 34 35
12 36 34
12 35 35
13 34 35
13 35 36
13 35 35
12 36 36
13 36 35
11 37 36
12 37 35
12 35 37
12 35 35
11 35 36
12 34 37
13 35 35
13 35 36
13 35 35
12 34 35
13 37 35
12 36 35
13 36 36
12 35 35
12 35 36
12 35 35
13 35 36
11 34 35
11 35 35
12 35 35
12 34 36
11 35 36
12 35 34
11 35 35
13 35 34
12 34 34
12 36 35
11 35 35
12 35 34
11 35 35
12 35 36
12 34 35
12 35 35
13 35 35
11 35 35
12 36 36
12 34 35
12 34 34
