19 38 47
19 39 47
20 38 47
19 37 47
19 38 48
19 38 47
19 37 47
19 38 48
21 36 47
20 36 48
19 33 49
20 31 47
20 29 46
20 23 48
20 27 47
19 30 47
19 30 48
18 30 49
19 27 46
17 24 47
17 27 50
15 25 49
15 26 47
15 23 48
17 21 46
19 22 44
20 19 42
22 20 44
25 15 43
26 16 44
29 16 42
32 14 42
37 17 42
38 14 42
41 17 41
45 19 41
46 23 37
48 26 37
51 31 37
48 36 38
50 38 38
48 41 38
48 40 38
45 45 39
42 47 41
38 50 42
36 54 41
36 60 40
37 60 38
35 60 37
35 57 37
36 59 37
37 57 39
40 51 43
42 51 42
47 47 41
45 41 47
43 47 57
44 34 57
37 22 48
40 23 28
51 21 5
47 24 15
49 37 1
53 47 12
52 49 23
49 46 29
48 44 34
46 37 36
44 25 38
42 24 45
38 28 47
27 23 51
22 43 62
33 52 60
38 55 56
38 52 48
32 39 53
30 21 55
28 17 56
28 21 50
35 41 49
33 35 43
31 40 56
32 32 57
32 31 57
32 31 56
33 31 54
34 31 52
34 33 52
41 29 51
44 24 49
44 27 50
43 30 50
42 31 49
44 33 49
38 30 49
39 32 52
41 32 54
37 29 56
38 31 55
37 31 52
40 30 51
36 25 50
36 25 51
34 22 51
35 24 50
33 23 50
33 20 50
32 22 53
30 23 49
29 25 51
26 27 52
26 31 55
29 35 52
28 36 52
31 37 52
29 40 55
29 41 53
26 39 54
23 32 52
23 35 44
25 34 46
27 38 52
28 36 55
29 36 51
27 41 51
25 40 49
23 43 48
22 44 47
26 43 45
29 44 47
28 47 47
29 48 42
31 50 43
19 45 41
13 46 44
13 44 47
14 33 54
19 40 47
26 40 44
20 43 44
13 41 44
13 35 44
14 35 43
16 35 44
14 35 45
16 34 45
18 33 45
14 34 46
15 34 45
16 32 44
16 33 43
15 34 42
15 33 46
16 32 46
17 32 45
14 33 45
15 32 47
22 34 46
25 35 47
20 37 49
18 36 49
15 34 48
15 33 45
16 32 44
16 32 45
17 31 44
18 32 45
17 32 48
18 34 46
14 32 45
18 34 48
17 33 45
22 33 47
19 33 50
17 33 50
17 31 49
22 33 49
23 33 50
26 37 49
27 38 49
28 39 50
30 37 49
29 37 51
28 43 53
27 39 52
27 39 51
25 39 49
23 39 53
25 37 51
24 38 51
24 38 51
25 38 50
27 40 49
26 39 49
26 38 51
25 40 52
25 40 49
24 38 50
24 39 50
22 40 49
21 39 47
23 42 48
20 42 46
18 43 45
16 40 45
18 41 45
18 42 44
17 41 42
16 41 42
17 41 41
15 41 42
13 40 40
12 41 38
13 39 36
12 38 34
13 39 32
13 38 31
11 37 31
12 35 29
9 35 29
10 35 26
12 36 26
12 34 27
12 35 28
15 34 29
15 35 28
12 37 29
12 37 30
14 37 30
14 36 31
14 37 31
15 37 32
14 39 32
13 39 33
11 39 36
12 37 37
13 37 36
14 37 36
13 38 36
13 38 35
12 38 35
12 38 35
11 39 35
11 38 35
12 39 35
11 38 36
13 37 35
13 37 35
13 37 35
13 36 36
12 37 35
12 37 35
13 37 34
12 36 35
13 36 35
13 35 35
13 35 34
12 36 35
12 36 36
12 37 34
12 35 35
13 36 34
12 35 36
13 36 35
13 35 34
12 36 35
13 35 35
11 35 36
12 36 33
13 36 35
12 35 35
12 35 34
12 36 34
13 36 34
11 35 35
12 35 33
13 36 35
11 35 35
13 35 35
12 35 33
11 36 35
