37 37 52
35 38 52
37 39 53
36 40 53
38 38 52
37 40 51
37 38 51
37 38 52
37 39 51
38 38 52
37 39 52
36 38 50
36 38 52
36 38 51
36 38 52
37 39 52
36 39 52
36 39 53
37 39 52
37 38 52
37 39 52
36 39 52
36 39 52
36 39 52
37 38 51
36 39 52
37 38 52
36 40 52
36 39 53
35 39 52
35 38 52
35 39 52
36 38 52
35 39 52
37 38 52
35 39 52
36 38 52
36 39 52
36 39 52
36 40 51
37 38 53
37 39 53
37 39 52
37 39 52
36 39 52
37 39 53
37 39 52
36 40 51
35 39 51
36 40 51
36 39 52
35 39 51
36 39 52
37 39 51
35 40 53
36 39 52
37 39 52
37 39 53
37 39 52
37 39 53
36 39 52
35 39 52
35 38 53
36 39 53
36 38 52
37 38 52
36 38 52
37 39 52
36 38 52
34 39 52
36 38 52
36 37 53
35 38 52
36 40 53
36 40 52
37 38 52
37 39 52
36 40 53
35 39 53
35 39 52
36 39 52
36 39 52
36 40 52
37 39 52
36 40 52
35 39 52
36 39 52
36 39 52
36 37 51
37 38 52
37 41 53
35 38 52
36 40 52
38 39 52
37 40 51
36 39 53
34 36 54
35 43 51
35 46 46
37 49 48
36 46 49
34 44 50
36 41 49
36 40 47
33 39 42
44 48 61
35 45 50
34 53 46
34 53 51
26 42 50
14 47 47
26 38 43
44 35 51
37 40 58
13 35 49
16 46 44
19 40 47
15 44 45
17 43 46
17 44 44
16 43 43
16 42 43
12 39 42
11 41 43
12 39 38
17 37 37
17 31 25
12 39 34
10 29 26
10 32 32
15 31 26
21 29 28
24 37 35
15 38 54
5 39 54
10 34 43
17 41 51
17 42 52
26 47 45
30 46 45
23 42 38
23 38 40
22 43 45
25 43 44
25 44 44
23 44 44
19 52 50
15 54 44
14 49 37
14 45 33
11 44 32
9 38 31
0 40 32
8 40 31
14 35 32
19 38 32
24 36 33
26 38 34
21 37 32
12 40 34
14 40 31
13 40 33
9 36 35
12 34 42
15 39 39
13 37 33
8 46 40
13 39 36
14 41 35
12 38 33
14 41 37
14 38 37
13 40 36
14 40 36
14 39 35
13 39 35
13 39 36
14 39 35
13 40 34
14 40 35
12 40 36
14 41 35
13 40 35
12 40 36
14 40 36
14 41 36
14 39 36
13 40 37
13 41 35
13 40 35
13 39 34
12 39 35
14 39 35
13 39 35
14 38 35
13 40 36
14 40 36
13 40 36
13 40 36
13 40 36
13 40 37
13 38 37
12 39 35
13 41 34
13 40 36
12 38 36
15 37 34
15 38 36
13 39 35
12 40 36
11 40 36
12 38 36
13 39 35
12 39 35
13 39 35
12 39 35
13 39 36
13 39 36
13 40 36
14 39 35
14 40 35
12 39 36
14 39 36
12 39 37
12 39 37
13 39 36
12 39 37
