21 30 49
21 30 49
22 33 48
19 32 49
17 34 48
19 34 47
20 32 47
17 33 47
18 33 47
18 33 47
17 32 47
18 33 48
18 35 47
17 34 47
18 34 47
18 33 47
18 33 49
17 32 48
19 33 47
16 32 47
17 33 45
18 32 47
18 33 47
19 33 47
19 33 48
17 33 47
18 33 47
15 34 48
15 35 48
16 35 43
17 29 43
19 29 44
19 27 43
21 32 45
13 31 45
11 36 43
17 32 41
17 35 40
12 34 40
15 34 39
13 37 40
10 38 39
14 38 40
12 42 40
14 38 39
14 39 38
14 39 39
15 42 42
16 40 40
15 42 41
17 41 43
17 41 42
15 40 42
19 42 43
19 42 42
15 41 42
16 40 40
14 44 44
14 42 40
12 42 39
6 43 42
21 44 29
26 46 33
33 32 43
15 30 60
7 39 34
16 45 33
10 37 35
14 41 33
12 39 32
13 43 31
10 41 31
12 44 33
16 39 30
17 42 32
17 42 34
13 44 31
13 46 28
13 44 30
18 44 34
15 47 32
16 47 33
15 46 33
15 44 35
17 45 35
14 44 33
16 40 37
10 40 34
10 37 34
11 37 32
8 35 34
10 38 30
15 33 33
14 30 33
12 34 39
13 34 42
11 36 38
11 37 39
12 34 42
16 40 38
20 39 46
19 45 42
17 47 35
17 45 33
19 44 33
21 43 33
18 45 38
15 42 35
10 44 38
9 44 36
12 42 33
11 42 31
12 38 30
15 38 32
16 39 30
12 38 29
12 40 30
11 37 30
10 38 29
10 38 32
12 34 32
13 36 32
10 39 31
13 34 33
12 34 35
14 36 34
11 38 34
12 38 33
14 37 31
12 36 31
12 36 34
11 37 32
12 38 32
12 37 31
13 38 31
12 38 31
11 36 30
13 37 32
11 38 31
12 38 30
12 37 30
12 37 31
12 38 30
13 36 30
12 36 30
12 36 30
11 36 31
11 37 30
13 36 30
11 37 30
13 35 30
11 33 32
12 35 31
12 35 32
11 36 31
12 36 29
11 32 30
11 33 30
10 33 31
11 35 30
12 33 31
11 33 30
10 33 29
13 35 30
12 34 29
12 32 30
12 35 29
12 33 30
12 33 30
12 34 30
12 33 30
12 34 29
12 33 30
