33 28 53
34 30 52
34 29 51
33 33 53
33 33 54
34 34 53
34 36 53
35 34 52
34 33 51
32 27 57
36 30 53
36 33 52
34 33 52
34 30 52
33 26 53
35 29 52
35 27 52
34 27 53
34 30 54
34 30 53
35 30 52
34 30 53
35 29 55
34 29 53
35 30 52
35 31 53
34 32 53
34 29 53
34 31 53
34 31 52
33 32 53
35 31 52
35 30 52
34 30 54
34 30 53
35 30 53
34 29 53
35 30 55
34 29 53
34 31 52
35 30 53
34 32 53
34 30 53
35 30 53
34 29 53
34 28 53
35 30 53
34 30 53
35 31 52
34 30 52
34 30 53
34 28 53
35 30 52
33 28 54
34 30 53
34 29 53
35 30 53
34 31 53
34 31 53
35 32 52
35 35 50
29 32 50
31 38 46
29 52 49
37 51 53
39 49 53
39 40 46
44 50 47
39 40 47
39 43 47
37 38 44
35 47 52
37 43 54
33 38 42
31 49 59
38 38 50
32 40 48
19 46 50
17 39 45
17 48 50
16 41 34
17 47 34
14 43 25
7 48 34
1 36 38
0 29 17
8 18 21
13 28 27
17 33 28
17 37 30
19 31 29
20 31 28
16 29 31
14 30 32
13 32 32
14 33 36
14 32 38
13 34 38
12 34 37
13 35 37
13 37 38
13 38 40
11 38 40
13 37 39
13 35 36
10 33 36
11 33 35
11 34 33
12 33 33
13 36 34
13 35 35
11 33 34
10 37 36
13 35 37
13 34 37
13 37 38
12 37 38
12 34 38
11 35 37
12 35 37
11 34 36
13 35 36
13 33 36
12 34 36
12 33 36
12 32 37
13 34 35
13 32 35
12 32 36
12 34 37
14 35 37
12 34 37
13 35 37
13 33 37
13 35 37
12 35 36
13 35 37
12 35 37
12 36 38
12 35 37
13 35 37
13 36 36
13 35 37
13 35 37
12 37 37
13 35 37
12 35 38
11 34 37
13 34 36
12 35 37
12 36 37
13 36 37
12 35 36
13 34 37
12 34 38
12 35 37
13 34 37
12 35 36
13 36 37
13 36 38
12 35 38
12 36 37
12 35 38
13 35 38
13 35 37
13 34 37
12 34 38
11 34 38
13 35 38
12 36 37
12 37 38
13 36 38
13 36 37
12 37 38
11 35 37
12 35 37
13 35 38
13 34 38
12 35 38
12 35 37
13 35 38
12 34 38
12 34 38
12 36 37
13 36 39
12 34 37
14 35 37
12 34 37
13 37 36
13 35 38
12 35 37
13 35 38
12 36 38
12 35 37
12 35 39
12 36 38
11 34 37
13 33 38
12 36 37
12 34 37
13 34 38
12 34 38
12 35 37
11 34 37
13 35 37
13 34 38
13 36 37
12 35 37
13 36 37
13 35 38
13 35 38
12 37 38
14 35 37
12 35 37
13 36 37
13 35 38
13 36 37
13 37 38
