40 44 44
40 45 15
40 44 16
40 45 16
39 43 16
39 44 15
41 44 16
41 46 18
40 43 16
41 45 16
40 45 17
40 44 17
40 43 16
40 44 16
40 45 16
40 43 16
41 44 16
41 45 16
40 44 15
40 44 15
40 44 15
40 44 16
40 43 16
40 44 16
39 44 16
41 45 16
39 45 16
40 44 16
41 45 17
41 44 16
39 44 16
40 45 17
40 44 16
41 44 16
40 44 16
40 44 16
39 45 16
41 45 15
41 45 17
40 45 16
39 46 16
41 45 16
40 45 16
40 46 16
41 44 16
39 46 16
41 44 16
42 46 17
40 43 17
39 45 15
40 45 16
40 43 16
40 44 15
42 44 17
40 47 19
42 47 20
41 47 22
40 45 22
41 51 20
40 55 21
40 54 24
37 55 27
44 51 25
42 47 27
43 47 33
47 48 38
38 47 42
42 48 46
43 44 50
44 41 45
36 41 45
31 54 45
38 52 45
39 52 39
40 49 40
43 49 35
44 46 35
44 43 36
45 44 33
43 50 41
34 62 52
41 59 33
44 46 30
31 63 35
38 48 28
30 58 33
35 55 36
33 53 37
23 54 35
24 48 39
23 50 39
23 52 39
21 49 39
18 42 39
14 43 41
17 44 42
22 39 42
22 36 46
23 37 45
16 35 55
10 50 40
15 44 45
10 37 37
6 40 30
5 36 30
8 34 31
14 33 34
17 35 36
18 34 36
18 35 35
18 35 35
14 37 34
14 38 35
12 36 34
10 37 34
12 36 34
13 38 34
12 37 34
13 38 34
12 37 33
12 38 35
12 37 35
11 38 36
12 36 35
12 34 36
11 37 35
11 35 35
13 36 34
13 38 34
11 35 33
12 36 33
12 35 34
12 38 34
11 36 35
12 37 35
12 36 34
14 37 34
11 36 34
12 36 34
12 36 34
13 36 34
12 37 35
13 37 35
13 37 34
11 37 34
12 37 35
11 37 34
12 37 33
12 37 34
12 36 34
12 36 34
12 36 34
12 36 35
11 36 35
13 37 34
12 37 34
12 36 34
14 36 34
12 37 34
12 37 35
12 36 34
11 37 35
12 37 35
11 36 34
14 36 33
11 36 35
12 36 34
13 36 34
11 37 33
12 37 33
12 37 35
12 36 34
12 36 34
12 37 34
13 37 34
13 36 35
12 37 34
11 37 34
13 38 33
12 37 35
12 36 34
12 38 34
13 36 34
13 36 35
12 37 35
12 37 34
13 35 34
12 37 35
12 36 34
13 36 34
12 37 34
