31 32 52
32 33 52
41 33 32
33 32 53
32 33 53
31 34 53
32 33 52
31 33 53
31 35 53
30 32 53
32 33 52
31 34 53
32 33 53
31 33 54
31 33 53
31 32 53
32 33 53
31 32 53
32 33 53
31 33 53
31 34 53
32 33 54
32 33 53
30 30 52
32 31 53
33 33 53
32 34 52
31 32 53
32 34 53
30 33 53
30 32 53
32 34 52
32 33 52
30 32 54
30 33 52
31 32 53
32 33 52
31 33 53
32 33 52
31 31 53
33 33 52
32 32 52
32 34 53
32 33 53
32 33 53
32 32 53
32 33 54
32 32 53
31 32 53
31 33 53
32 33 53
31 32 52
34 34 53
31 33 53
31 33 52
32 32 53
32 32 54
31 33 53
32 33 53
31 32 53
30 33 53
32 32 53
33 31 52
33 33 53
32 31 52
32 32 53
32 32 53
32 32 53
32 32 53
34 34 53
32 33 53
31 31 53
29 31 53
31 27 54
33 30 55
35 33 54
32 33 53
29 29 50
28 36 50
26 34 49
27 29 49
23 33 49
20 30 47
14 36 49
17 32 49
20 32 49
21 34 45
14 28 47
17 37 49
21 33 48
18 31 48
18 32 48
20 35 52
15 36 46
14 35 43
16 35 41
16 37 42
15 36 42
14 36 43
14 36 42
14 37 40
14 37 39
13 38 39
11 37 41
14 41 35
11 44 39
16 43 35
16 45 37
16 45 35
13 44 40
16 46 36
17 49 37
17 46 40
19 46 37
17 47 38
17 48 41
18 43 39
17 44 40
18 45 39
17 46 40
15 45 41
16 45 41
19 45 39
16 44 40
13 45 43
10 40 44
7 39 45
10 45 41
15 45 37
21 47 39
24 50 37
30 53 47
31 49 42
32 43 44
31 48 47
30 36 46
28 30 45
15 34 55
15 40 57
17 35 46
19 35 49
18 39 46
17 35 44
16 38 45
18 45 46
16 39 44
18 41 43
15 40 43
15 38 42
15 36 40
15 35 40
16 34 36
11 36 37
13 35 39
9 38 38
9 34 34
14 34 36
10 35 35
11 32 32
10 32 34
12 33 35
13 33 32
10 32 32
10 34 32
12 36 33
14 34 32
9 37 35
11 38 35
11 35 35
15 35 37
15 34 39
13 37 43
14 36 40
19 30 46
25 46 48
28 33 47
28 35 48
21 32 43
19 39 53
16 38 51
16 37 52
19 38 51
23 39 48
23 39 47
21 41 49
21 41 46
21 42 46
25 37 48
16 43 39
16 46 44
16 45 41
16 45 40
15 44 40
13 42 36
12 39 34
16 39 31
14 40 29
11 37 31
10 40 30
12 36 26
13 33 28
11 31 26
10 30 27
12 30 30
13 34 30
13 32 30
13 34 30
13 34 30
14 37 31
11 35 29
11 38 30
13 36 31
15 36 31
13 39 34
12 36 34
12 37 33
12 38 33
12 37 33
12 37 33
13 38 33
12 35 35
12 37 35
12 37 34
11 39 35
13 38 34
12 38 35
12 38 35
12 37 34
12 36 33
12 35 34
12 35 34
11 36 35
12 34 35
12 33 34
11 33 34
11 33 35
12 32 33
11 30 34
12 31 33
12 32 33
10 30 32
11 27 32
12 30 32
13 30 34
11 28 32
11 29 32
11 28 32
11 28 32
11 28 34
12 28 32
10 28 33
12 28 33
11 30 32
11 29 32
12 30 32
12 29 34
13 29 33
11 30 34
11 31 34
12 31 34
11 30 34
12 30 34
12 33 33
10 32 35
11 33 35
11 33 35
11 32 34
13 32 34
11 32 33
11 34 34
13 34 33
12 33 34
12 33 34
10 33 35
12 33 34
11 32 34
11 32 34
12 32 34
12 33 34
12 32 34
12 30 34
10 29 34
11 31 33
11 30 33
12 31 33
10 30 34
12 28 35
12 30 33
12 30 33
12 31 35
12 31 35
11 30 34
11 30 33
12 29 34
11 31 34
11 29 36
12 31 34
11 31 35
12 31 35
11 31 35
11 32 35
11 32 35
11 31 35
11 30 35
13 33 34
11 32 34
10 31 34
10 31 33
11 30 33
11 30 34
12 30 33
11 29 33
11 28 33
12 28 33
11 28 33
12 28 34
12 29 34
11 29 34
12 29 35
12 28 34
11 29 34
11 29 34
12 28 34
10 29 33
11 28 33
11 29 33
11 28 34
11 27 34
12 28 32
11 29 34
12 30 34
10 30 33
11 28 33
11 28 33
11 28 34
11 28 33
12 29 33
11 30 33
11 29 34
11 29 33
12 29 34
11 29 33
10 29 34
11 27 34
12 29 33
12 29 33
10 29 33
12 28 33
10 29 34
11 30 33
