25 39 50
26 39 51
25 39 50
25 39 51
26 38 50
27 38 51
26 39 52
29 35 52
29 32 50
26 36 50
22 39 48
21 37 47
18 36 46
15 34 47
16 34 47
17 34 47
21 34 48
18 30 54
20 33 48
19 30 47
20 29 47
20 29 47
16 26 49
17 29 47
20 36 48
23 37 47
20 30 47
15 29 41
13 28 43
10 34 48
12 22 41
13 15 36
15 13 34
18 19 32
21 13 29
24 14 30
25 11 29
30 7 28
31 10 30
37 17 35
43 20 34
46 18 36
46 25 38
45 23 39
44 24 39
40 22 44
38 19 50
38 19 51
39 21 52
39 19 51
37 30 56
40 34 55
40 35 55
41 31 56
43 32 51
42 36 50
41 34 47
39 27 46
35 24 46
35 17 51
35 20 53
36 15 52
35 20 52
35 22 51
35 25 50
38 23 50
40 27 51
40 28 53
40 28 51
42 29 50
44 25 50
48 26 49
51 26 46
52 25 44
54 27 46
46 38 47
42 32 51
41 35 50
40 34 51
33 33 50
34 33 52
35 35 54
36 30 51
33 27 49
28 16 48
28 19 49
25 17 46
24 15 45
23 16 43
26 16 44
25 19 43
25 21 46
23 23 48
22 24 48
21 22 45
20 23 46
20 23 48
21 25 46
20 26 45
20 27 44
16 28 45
15 32 46
17 34 47
16 34 47
20 37 46
19 36 47
20 38 47
19 38 47
18 40 45
18 40 48
15 37 46
16 33 47
15 32 44
19 36 44
21 36 43
18 41 48
18 40 46
18 41 46
19 40 46
19 41 47
21 41 46
19 43 46
21 45 47
19 43 45
19 44 45
19 44 45
19 43 43
17 42 43
17 40 43
18 39 44
17 42 43
18 39 44
18 37 43
16 39 43
17 36 43
16 38 41
16 42 40
11 37 41
12 36 39
15 38 39
12 36 39
12 35 36
11 32 35
12 35 36
13 36 37
12 35 35
11 35 34
12 34 32
13 34 34
12 32 33
14 32 30
11 33 29
11 33 28
10 32 28
11 31 25
8 26 21
9 28 25
10 27 26
12 27 25
13 29 24
14 29 23
13 31 24
13 31 25
13 32 25
14 33 26
14 33 27
14 35 29
14 36 31
13 37 30
11 35 31
12 34 33
11 35 34
13 38 35
13 38 33
12 38 33
14 37 34
13 37 35
12 36 35
11 37 35
12 36 34
12 36 34
11 35 33
13 36 33
12 36 34
12 36 34
12 36 34
12 37 35
12 36 34
12 36 33
11 36 34
12 37 33
12 36 34
12 36 34
12 35 34
11 36 34
11 35 33
12 36 34
12 35 34
12 36 33
11 34 34
12 35 34
11 36 32
11 35 33
11 36 33
13 35 34
11 34 34
12 35 34
10 36 34
12 35 34
12 36 34
11 36 34
12 35 33
12 36 34
13 35 34
11 34 35
12 35 35
12 34 34
12 35 33
12 34 34
12 35 34
12 36 33
13 35 34
12 35 33
