36 34 54
34 34 53
35 34 53
34 34 53
33 33 53
34 31 53
35 35 52
35 34 54
35 34 53
35 32 53
35 34 53
35 33 54
34 32 53
34 34 53
35 34 54
35 34 54
35 34 53
34 34 53
35 33 53
35 34 52
34 34 53
35 34 51
34 34 53
36 34 53
35 34 53
35 33 54
35 34 54
35 34 53
35 33 52
35 34 52
34 33 53
35 34 54
35 33 53
35 34 53
34 33 52
35 33 53
34 34 53
35 32 53
35 34 53
34 33 53
35 34 53
34 33 54
35 34 54
34 33 52
35 34 54
34 33 53
34 33 54
34 34 53
36 34 53
34 33 53
35 34 54
35 33 52
35 33 53
35 34 53
35 32 53
35 34 53
35 33 54
36 34 52
35 32 53
34 33 53
34 34 53
34 33 53
33 35 53
34 33 53
34 33 53
34 34 53
34 33 53
36 34 53
35 33 53
34 34 53
35 33 53
34 34 53
36 34 54
35 33 52
35 33 54
34 33 53
33 32 53
35 33 53
35 34 52
35 33 53
34 31 53
32 34 52
32 36 53
32 30 55
28 29 51
36 21 50
42 30 48
39 35 47
29 39 60
31 30 57
32 26 52
31 36 56
32 36 49
34 38 53
34 33 51
35 42 41
29 53 43
31 58 62
45 34 47
38 34 52
40 51 56
31 35 47
36 45 47
34 46 53
27 48 51
29 42 46
25 37 55
26 35 51
32 31 52
24 39 46
18 36 51
17 43 49
11 44 47
11 44 37
20 40 31
11 39 41
9 40 51
4 40 34
8 32 32
9 32 32
13 33 33
16 32 32
14 33 32
16 35 33
15 36 35
17 36 33
13 37 33
10 38 34
11 37 35
15 39 36
15 37 37
14 36 36
11 35 36
7 36 35
16 36 38
14 37 39
13 32 36
12 35 37
12 37 38
15 37 37
14 36 38
13 36 38
15 35 38
13 35 40
12 35 38
11 34 37
13 33 38
13 35 36
12 36 38
13 35 38
13 35 38
12 37 38
12 36 38
11 37 38
13 36 38
12 35 36
12 35 37
13 34 37
12 35 38
14 33 38
13 35 38
13 36 38
12 35 38
13 36 38
13 36 38
13 36 39
13 37 38
11 37 38
13 35 39
13 36 39
13 35 39
12 36 39
13 36 39
13 35 39
14 35 38
13 36 38
13 36 38
14 36 39
13 36 38
15 36 39
13 35 38
12 35 38
13 36 38
14 35 39
13 36 37
12 36 37
13 37 36
13 36 36
13 35 36
13 35 37
13 35 35
12 33 36
11 37 36
14 36 36
12 36 37
11 35 36
11 35 37
12 36 36
14 34 37
12 35 36
11 35 36
13 36 37
13 35 38
11 37 37
12 36 37
12 35 36
13 36 38
12 37 37
13 36 37
13 37 37
12 36 37
13 36 37
12 36 37
13 36 36
13 35 37
11 35 36
13 36 36
12 36 37
