26 24 49
25 26 51
25 26 51
26 26 50
25 26 51
25 25 50
26 24 50
25 27 51
26 27 49
26 27 48
25 28 51
22 25 50
24 26 50
25 25 50
25 27 49
24 27 50
24 25 50
25 26 50
23 26 51
25 26 50
24 26 50
23 26 49
25 26 49
23 24 49
23 25 50
24 25 50
23 25 50
24 27 49
24 26 49
23 25 50
25 25 49
25 26 51
25 25 50
24 26 50
23 26 50
24 25 49
25 25 50
23 24 49
25 24 49
23 25 49
24 25 50
24 24 49
24 25 49
24 25 49
24 25 50
24 24 49
24 25 49
23 25 50
24 24 50
24 25 49
22 25 50
25 25 49
24 25 49
24 26 50
25 25 49
24 25 49
23 26 50
24 23 49
23 26 50
23 26 50
23 25 50
24 24 49
23 24 50
25 24 49
23 26 49
24 26 48
24 24 50
24 25 49
25 25 51
23 27 50
24 28 50
22 30 52
20 29 49
21 28 48
23 29 52
23 30 50
24 31 49
25 24 52
24 27 54
20 27 51
20 27 48
22 21 46
25 24 46
26 24 45
24 26 52
24 27 50
26 24 49
26 21 49
26 23 48
26 21 48
25 21 47
21 24 41
16 17 42
20 18 42
25 14 43
28 17 48
23 23 53
18 28 46
16 26 47
22 24 43
18 35 50
15 32 51
17 35 44
21 38 44
19 36 45
15 40 46
17 41 46
18 42 42
17 41 45
19 39 44
13 47 42
12 43 43
16 45 45
25 35 37
21 45 50
17 40 51
11 41 45
17 41 47
17 36 45
15 36 44
19 35 43
28 27 44
14 36 45
16 34 43
16 36 44
8 38 33
11 44 42
20 45 39
15 40 40
15 42 39
16 39 41
14 41 42
9 42 41
10 43 38
13 38 45
13 37 39
11 33 36
14 32 35
14 37 39
15 40 38
13 42 42
10 40 38
9 40 36
8 39 33
12 39 33
16 37 29
13 44 29
11 44 27
14 43 31
20 45 29
21 43 28
19 42 28
15 36 30
12 33 32
6 32 29
0 39 27
4 40 29
31 36 29
37 34 26
34 34 32
22 36 34
1 33 29
0 37 27
1 43 39
13 21 62
11 37 39
13 38 31
14 36 35
14 37 34
11 36 34
13 34 33
11 32 38
10 39 37
12 36 34
13 36 32
12 36 31
12 36 31
11 37 31
12 37 30
12 35 31
7 38 30
12 36 32
13 35 33
11 32 33
12 33 32
12 35 30
11 35 31
13 35 32
12 33 30
12 32 32
12 33 32
10 32 31
11 33 31
12 31 30
11 30 30
11 29 30
12 30 30
11 30 30
12 29 31
12 30 30
12 29 30
12 29 31
12 28 30
11 28 29
11 28 30
13 29 30
12 28 30
12 27 31
11 29 33
