29 35 52
29 36 52
29 35 52
29 35 52
28 36 53
28 35 53
29 37 53
28 36 53
28 37 52
28 35 53
29 36 52
29 36 53
30 35 53
28 37 52
27 35 52
29 35 52
27 36 53
28 36 52
29 35 53
29 36 52
29 36 53
29 37 53
28 36 51
28 36 52
29 37 53
28 37 53
28 36 51
28 37 52
27 35 52
28 36 52
29 36 53
27 35 53
29 36 53
28 36 53
27 36 52
28 36 53
29 36 51
29 35 52
28 36 53
28 36 52
27 36 53
28 36 53
28 37 53
27 36 52
28 35 52
28 36 53
28 35 52
29 35 52
28 36 52
28 35 53
28 35 53
28 36 53
28 36 52
27 35 52
30 36 52
28 36 52
28 36 53
28 35 51
28 36 52
28 36 52
28 36 52
28 36 53
28 36 53
28 37 52
30 35 52
27 36 52
28 36 52
28 36 53
28 36 52
28 36 52
29 35 51
28 35 53
27 37 53
28 35 53
29 35 53
28 36 52
28 35 53
29 35 52
29 35 52
27 36 52
29 36 52
28 35 53
28 36 52
28 35 52
27 36 52
30 35 53
27 36 52
29 36 52
28 35 53
29 35 52
28 35 52
30 36 52
29 35 52
29 35 52
26 36 52
29 36 53
27 37 52
29 35 53
29 34 53
28 35 52
28 37 52
29 35 52
29 35 52
29 35 52
29 35 53
28 36 52
29 36 53
29 36 52
28 36 53
28 35 52
27 36 53
20 37 53
19 42 48
22 35 52
33 31 51
33 38 54
39 31 45
33 30 57
20 33 52
21 32 53
29 28 52
24 28 53
23 29 52
22 31 51
24 30 50
21 29 51
22 29 51
22 28 49
19 28 47
20 26 48
16 25 46
17 27 44
16 24 43
16 24 42
14 26 39
15 25 38
14 27 38
12 29 37
13 26 37
13 28 37
11 29 38
11 28 37
13 29 37
12 30 37
13 30 35
11 33 36
12 32 33
11 31 33
11 33 34
13 32 32
12 35 32
12 33 31
11 34 31
13 34 30
11 36 29
13 35 28
12 38 27
13 38 27
13 38 25
11 38 27
11 37 24
10 34 26
13 35 24
12 33 31
13 31 29
14 31 29
11 32 27
10 33 30
12 31 28
11 33 30
14 30 30
14 30 31
15 29 34
12 28 36
13 27 36
14 27 36
12 26 37
13 27 37
11 31 38
11 31 39
12 34 36
10 34 38
12 33 36
14 34 38
14 34 39
12 35 38
11 34 38
11 34 36
13 34 36
12 35 36
11 36 36
13 34 36
13 33 37
12 32 37
11 34 35
12 38 34
12 33 34
12 37 35
12 34 36
12 34 35
12 37 36
12 36 35
12 36 37
13 37 36
12 36 36
11 36 35
12 36 35
10 36 36
13 36 35
12 36 35
12 35 35
14 36 35
11 36 36
12 37 36
12 36 36
14 36 36
13 36 35
13 36 35
12 37 35
13 37 35
12 37 36
12 36 35
13 35 36
13 36 35
12 37 35
12 35 35
12 36 34
13 36 34
12 36 35
12 36 34
12 35 34
11 37 34
13 37 35
13 37 35
12 36 36
11 36 36
12 37 35
13 35 36
12 35 36
12 36 36
13 36 35
13 35 34
12 36 35
11 36 35
13 36 35
11 35 36
12 36 35
13 36 35
13 37 35
12 36 35
12 35 35
12 36 35
11 35 35
13 35 36
11 37 36
12 37 35
12 36 35
12 36 35
11 35 35
13 36 36
12 36 35
12 35 35
12 35 35
12 36 35
11 35 35
11 35 35
12 36 35
12 37 35
12 36 36
13 35 35
14 36 35
12 35 35
13 36 36
12 35 36
11 35 36
13 36 35
13 35 36
12 38 35
13 36 35
11 35 35
12 36 36
12 37 35
12 36 36
12 36 35
12 35 35
12 36 35
13 36 35
