20 24 47
20 26 47
20 25 46
20 25 47
21 25 47
24 25 49
22 28 48
22 26 47
21 28 46
19 27 47
20 25 46
15 22 44
15 22 42
14 22 45
15 24 50
17 28 50
23 29 49
25 29 48
26 28 49
26 28 49
28 29 50
27 29 51
26 29 55
29 30 53
27 33 51
28 30 51
28 26 52
27 28 50
28 23 46
28 15 47
26 17 38
22 10 42
24 17 42
26 21 42
24 18 43
22 14 41
18 16 42
19 20 40
18 23 38
18 20 40
19 18 41
19 18 44
17 18 42
19 19 41
20 21 42
18 16 41
21 8 35
23 11 34
25 12 29
24 17 28
23 12 28
25 8 29
22 6 27
25 9 26
24 11 26
28 11 24
29 10 27
36 16 30
41 18 33
45 27 33
46 36 36
28 42 43
35 46 54
35 45 59
34 43 62
31 41 62
35 37 56
33 38 50
35 31 45
39 28 44
37 23 44
29 18 47
27 10 43
22 12 46
27 7 45
26 12 45
29 9 41
28 10 44
27 7 41
29 12 39
31 12 39
32 10 37
35 15 39
36 18 41
36 22 42
36 24 46
33 24 53
34 30 57
36 38 53
35 45 52
38 39 55
37 38 57
34 34 54
33 27 54
32 22 53
33 24 50
34 18 45
34 15 40
34 18 38
31 13 37
28 14 34
26 15 40
25 9 43
22 14 45
24 11 46
25 18 44
27 17 47
26 19 49
28 17 48
29 16 46
29 16 46
29 16 47
28 18 46
30 19 46
31 17 45
34 15 43
34 19 44
33 17 45
31 18 47
28 17 49
26 19 50
27 23 50
28 24 49
25 23 47
23 25 47
18 28 47
15 31 51
16 34 49
15 33 46
17 31 46
18 32 45
16 30 47
16 31 45
19 31 44
18 33 44
19 34 45
16 32 41
15 35 45
17 35 48
21 37 49
20 40 46
21 43 45
19 44 43
19 44 43
19 46 44
18 46 45
21 45 46
23 45 48
24 47 47
24 45 47
23 44 45
24 45 46
25 46 46
24 42 45
28 42 43
28 43 43
23 48 49
25 45 53
26 47 48
30 47 49
29 45 48
29 46 47
28 47 47
29 48 46
28 49 47
28 46 47
29 47 47
27 48 44
29 48 45
28 48 44
29 47 45
28 48 46
27 48 45
26 48 45
26 48 45
25 48 43
26 48 45
25 48 45
25 49 44
26 48 44
27 49 44
26 49 45
26 48 45
26 48 44
27 49 44
27 49 44
27 49 43
27 50 44
28 49 44
28 50 45
27 50 44
27 49 44
27 48 44
26 50 44
27 49 44
27 48 44
26 49 44
26 49 43
25 50 44
26 49 44
26 49 44
25 49 44
25 48 45
20 46 46
15 50 49
23 41 47
25 48 43
27 46 44
27 37 46
26 39 45
25 39 45
20 38 44
17 39 44
8 38 59
16 37 42
19 31 43
18 27 46
11 34 43
9 34 40
12 35 40
12 33 39
13 33 40
12 31 36
12 33 34
11 31 33
10 30 32
8 28 29
10 28 30
11 27 29
13 27 28
12 24 25
13 28 22
13 27 24
14 29 26
14 28 27
14 29 26
13 30 27
13 31 28
13 33 28
14 32 30
13 34 30
13 33 31
13 34 33
12 34 33
11 35 34
14 34 35
14 35 34
13 37 33
13 37 35
12 36 36
13 37 36
12 36 36
12 36 37
11 36 37
12 36 36
13 37 35
11 38 36
12 37 35
12 38 34
12 38 36
12 36 36
13 37 37
14 36 36
14 37 36
13 36 35
13 37 36
11 36 36
14 36 36
12 35 35
13 35 36
13 35 36
12 36 35
12 35 37
11 35 36
13 36 36
13 35 36
12 34 35
13 36 35
12 33 35
13 35 36
12 34 36
12 33 36
11 35 35
12 34 35
12 34 36
13 36 36
13 35 35
12 34 36
13 35 35
12 33 36
12 33 36
13 34 36
12 33 35
13 34 35
12 33 36
12 34 36
14 35 35
13 34 37
11 33 36
12 34 36
12 35 35
14 34 36
