35 23 50
35 23 51
35 24 51
34 24 52
35 24 50
35 23 51
35 25 51
37 25 51
35 24 50
35 26 51
35 23 52
34 24 51
35 24 52
36 25 52
35 23 51
34 24 51
35 24 52
36 24 52
35 24 52
35 24 51
36 24 51
36 25 51
34 26 51
34 26 52
35 23 51
35 23 51
34 24 51
35 25 52
35 25 51
35 24 51
35 25 52
36 24 51
35 24 51
35 26 51
35 23 51
35 24 51
35 24 52
36 25 51
36 25 51
35 23 51
35 23 52
36 25 51
34 23 51
35 24 51
35 24 51
35 26 51
35 24 51
35 25 52
35 24 52
36 25 50
35 22 52
35 24 51
35 23 51
35 24 51
35 24 51
35 23 52
35 23 51
34 24 51
36 24 51
35 25 52
35 24 51
35 24 51
35 24 51
35 24 51
36 24 51
35 25 51
35 24 51
35 25 52
36 24 52
35 25 50
35 25 52
35 25 51
35 25 51
35 24 51
34 24 52
36 24 51
35 24 52
35 25 51
36 24 52
36 26 52
35 25 52
35 25 52
36 25 52
37 27 53
37 25 53
40 23 53
41 28 53
42 29 52
44 24 47
43 25 47
42 23 51
43 24 54
42 27 54
41 25 50
40 24 44
44 22 36
47 23 35
42 25 32
51 26 38
57 24 43
47 27 48
42 31 48
46 25 52
41 23 56
39 22 52
41 27 51
42 32 52
41 30 53
43 28 52
42 27 48
45 26 47
47 30 45
45 30 46
38 26 50
47 21 51
51 21 47
59 32 47
63 29 46
60 37 50
29 29 50
27 25 45
26 28 44
32 23 42
36 19 43
34 21 49
33 20 53
33 21 53
32 25 51
30 24 50
32 25 49
30 24 49
29 22 51
26 22 50
24 23 50
28 23 51
28 23 52
27 24 50
26 25 50
25 24 49
26 23 48
21 21 48
21 21 47
24 21 46
24 23 49
24 28 54
25 29 54
27 31 51
26 29 51
29 29 54
28 31 54
24 33 54
22 30 54
21 25 51
22 22 48
24 22 46
22 21 45
19 22 44
22 24 45
23 23 47
25 23 48
26 27 52
25 29 54
22 30 52
18 32 52
22 32 51
26 27 50
27 27 49
27 32 51
28 32 52
29 31 51
27 31 52
28 34 53
28 35 53
29 35 52
28 34 52
26 36 52
27 37 51
28 38 52
29 36 53
29 36 52
28 38 52
30 38 52
30 39 52
29 40 52
31 39 52
31 39 52
31 41 52
31 42 52
32 39 52
31 39 52
34 41 51
30 43 53
30 40 53
30 41 52
28 43 53
31 42 51
29 42 51
31 43 50
29 42 52
29 42 50
29 43 49
28 42 49
29 43 49
29 41 47
27 40 46
25 40 46
23 40 48
19 42 49
19 44 49
20 40 47
17 39 47
17 43 47
19 42 46
19 40 45
20 41 44
15 41 44
15 42 43
16 41 41
19 40 41
18 43 44
18 45 45
15 44 45
20 41 43
19 43 42
16 43 42
15 42 41
16 41 44
18 39 45
20 43 45
19 41 43
21 46 40
18 41 41
27 47 40
20 48 43
19 49 44
22 45 41
21 43 42
13 45 37
16 43 44
23 56 46
25 48 41
20 48 38
19 50 40
23 49 40
23 46 38
23 46 38
19 50 43
18 41 41
17 49 46
19 44 42
20 40 41
22 49 44
19 43 44
18 41 37
18 48 40
17 45 39
11 46 39
14 46 36
15 47 38
15 47 36
18 43 33
22 40 34
18 44 37
19 41 37
16 45 36
14 46 39
17 45 36
19 46 35
17 44 40
14 42 38
15 36 41
9 39 43
11 37 42
11 39 43
14 36 41
16 36 42
15 36 42
14 38 42
15 36 41
13 37 42
14 34 42
14 36 42
15 38 42
15 39 41
14 37 42
15 37 42
15 37 42
16 36 42
16 36 42
16 39 41
13 39 41
15 39 41
16 38 41
17 37 41
13 38 43
15 39 42
15 38 42
15 39 43
15 39 42
15 38 41
15 39 42
15 38 42
16 38 43
15 39 40
16 38 41
15 39 41
15 40 41
14 39 42
15 38 42
16 39 41
15 38 41
15 38 41
15 38 43
14 38 43
15 38 42
15 38 41
15 38 41
15 40 41
