38 26 52
36 26 51
36 24 52
37 26 52
38 25 50
37 25 52
38 23 52
37 25 50
36 24 51
37 25 51
37 26 50
37 25 51
37 25 52
37 25 51
36 24 51
38 24 51
37 25 51
37 26 51
37 26 51
36 25 51
37 24 51
36 24 51
36 24 51
38 25 52
37 23 51
37 24 50
38 24 51
37 26 52
36 25 51
37 25 51
37 24 51
37 25 50
37 26 51
37 23 51
37 25 51
37 25 51
37 24 51
36 24 52
35 24 51
36 25 50
37 26 51
37 24 51
37 25 52
38 25 52
36 25 51
36 25 52
35 25 52
38 26 52
37 24 52
36 26 51
38 26 51
39 28 55
42 29 53
42 32 55
46 34 50
44 24 47
41 20 45
38 20 42
37 28 47
40 24 50
41 22 51
45 25 50
42 25 50
39 23 49
48 24 46
49 21 43
44 15 41
42 21 37
40 21 33
42 24 40
54 24 56
45 24 57
40 21 50
43 22 50
43 27 48
43 26 50
43 28 50
40 30 53
44 29 54
43 29 49
42 27 48
41 27 47
40 25 48
37 27 54
43 34 54
45 26 49
44 30 49
49 40 48
42 38 49
46 45 54
50 45 57
50 40 56
47 43 52
33 34 47
29 36 47
30 27 45
29 29 47
26 27 46
25 23 48
22 22 50
25 20 49
33 23 50
37 29 52
27 33 57
23 34 57
30 31 52
30 29 51
25 27 52
25 25 52
22 19 55
23 18 52
25 18 48
25 17 41
26 19 40
25 20 40
24 24 44
31 25 47
34 27 53
35 32 58
28 26 57
29 28 54
28 26 52
27 27 55
28 33 56
27 33 53
30 34 48
30 33 48
32 33 50
34 35 55
34 33 55
32 36 56
29 36 54
27 39 54
27 39 52
28 38 51
29 36 49
28 36 50
28 37 50
26 39 51
24 40 52
24 39 51
24 39 49
24 40 50
26 40 49
24 43 50
25 44 51
26 49 54
26 53 55
27 48 57
29 41 54
34 37 50
36 34 48
39 30 47
39 32 46
40 30 45
40 31 49
42 29 47
43 34 47
42 34 52
39 39 58
37 40 58
39 40 53
36 39 53
34 38 51
30 39 52
25 43 52
25 44 49
26 41 48
21 40 49
20 42 50
21 42 48
22 42 47
22 41 48
22 42 49
24 42 49
22 40 50
21 40 47
23 42 46
25 41 44
23 43 43
20 42 45
19 43 45
20 42 44
17 41 44
15 43 46
13 42 44
17 42 43
16 40 42
17 40 43
17 39 44
17 36 45
18 37 45
17 38 45
15 40 43
15 38 44
14 39 43
16 38 41
17 39 41
16 41 42
17 39 43
16 40 42
16 41 43
17 41 43
15 40 43
16 41 43
16 41 42
16 41 43
15 41 42
16 40 42
17 40 43
15 39 42
15 39 43
17 38 42
16 39 42
16 39 42
15 40 42
16 42 41
16 40 42
16 40 42
15 39 43
15 39 42
15 39 43
16 38 43
15 40 42
15 40 41
15 41 42
15 39 42
16 39 42
15 39 43
15 40 41
15 40 41
15 40 41
15 39 41
16 41 42
16 40 42
16 41 42
14 39 42
15 40 42
15 40 42
15 40 41
15 41 42
15 41 42
17 40 41
16 40 43
16 41 41
15 39 42
16 40 41
16 40 41
16 40 42
16 39 41
16 40 42
15 39 42
17 39 43
16 40 42
16 40 42
16 41 41
16 40 41
15 40 42
15 40 42
16 42 42
17 40 42
16 40 41
16 40 41
16 41 42
