18 23 32
40 18 33
40 18 23
40 33 23
19 23 45
19 24 46
20 24 45
20 24 45
20 24 46
19 24 45
18 23 45
18 22 45
19 21 45
19 21 44
20 21 46
21 23 47
19 25 48
22 24 49
22 24 48
22 21 51
27 25 43
27 15 38
27 13 41
30 17 41
30 18 40
30 16 41
26 13 40
23 13 38
24 13 41
22 16 36
21 16 39
22 16 38
23 18 41
21 18 43
21 16 44
20 16 44
21 17 41
22 19 41
24 15 41
24 13 43
22 12 43
25 13 45
27 17 45
32 17 45
36 21 45
37 26 46
37 30 45
36 25 48
32 19 50
31 17 46
30 21 42
31 8 41
24 11 37
19 10 33
16 8 34
18 15 33
22 13 32
24 19 34
25 15 30
26 13 30
27 13 30
24 8 30
24 9 34
25 6 29
26 9 35
31 11 31
35 11 34
38 14 32
41 16 32
45 22 34
47 17 36
46 18 40
49 21 38
46 24 39
46 21 42
44 29 41
45 30 40
46 33 39
44 38 37
41 41 39
38 45 43
35 42 53
28 37 63
27 28 63
26 24 62
29 28 58
33 28 54
37 23 52
40 32 49
42 39 49
43 35 47
44 34 46
44 33 46
45 33 48
46 27 49
45 26 50
45 23 50
43 23 51
43 24 49
41 25 46
38 27 42
37 23 46
36 22 49
33 17 51
36 20 54
34 23 56
34 27 56
36 22 53
35 21 51
34 22 50
35 21 47
37 20 48
37 19 48
38 22 45
38 21 46
39 22 49
38 22 52
38 25 54
38 26 52
36 22 51
35 22 51
36 20 51
36 20 50
36 18 47
35 17 47
32 16 45
31 17 46
27 18 46
28 18 47
29 17 46
28 18 46
28 17 49
28 23 51
28 25 50
29 30 52
31 32 55
29 34 55
33 29 51
33 26 51
31 30 52
29 28 52
27 29 50
26 32 51
28 32 54
28 33 53
30 31 53
29 29 52
29 30 51
29 31 49
26 31 48
25 31 49
22 32 49
20 31 49
18 29 49
17 28 48
18 30 46
14 31 48
15 31 48
20 34 45
18 36 48
17 33 50
19 33 47
18 34 47
20 38 47
18 37 48
19 37 50
20 37 47
18 40 48
21 37 48
22 38 48
20 39 48
22 40 49
20 39 49
21 37 48
23 38 49
22 36 50
23 37 50
22 36 49
18 37 47
19 36 48
20 36 45
17 35 46
17 34 46
18 35 46
17 34 46
17 36 46
17 35 44
18 35 45
17 36 46
17 36 46
17 35 46
17 36 46
18 35 46
18 36 47
19 37 47
18 36 47
18 36 47
18 37 46
18 38 47
19 37 46
17 37 47
17 37 47
17 36 48
19 38 46
17 36 51
20 38 48
20 37 45
19 37 46
17 37 44
19 36 45
18 34 46
16 35 46
16 34 46
17 32 44
19 35 45
19 35 47
15 33 42
14 34 42
14 34 41
17 35 39
12 34 41
13 35 37
12 35 37
11 35 35
11 36 33
12 36 33
13 36 31
12 35 29
12 36 28
11 37 26
15 34 26
11 36 25
14 35 23
13 36 21
16 36 21
14 36 20
12 33 20
13 34 20
15 36 21
15 35 21
16 34 20
14 33 21
16 35 23
14 33 23
14 32 25
12 32 26
13 32 27
13 33 29
15 34 28
13 35 31
13 37 31
12 37 33
12 38 34
15 37 35
14 36 35
14 38 35
13 37 36
13 38 36
12 36 35
12 38 37
12 38 36
13 38 36
12 38 36
12 37 37
14 36 35
11 36 36
13 35 35
12 36 35
13 36 37
12 36 36
12 36 36
12 36 37
13 36 37
13 36 36
12 36 37
11 36 37
12 35 36
12 35 37
12 36 36
12 37 36
13 35 37
12 36 36
13 36 37
12 35 37
12 34 38
12 34 37
13 34 36
12 35 35
12 35 35
13 34 36
12 34 38
13 34 37
12 35 36
12 34 37
12 34 36
12 35 36
13 33 36
12 33 37
13 34 36
11 33 35
13 35 36
13 34 37
11 34 36
12 34 36
12 34 36
11 36 36
12 33 36
13 33 36
12 34 36
12 33 36
12 35 36
11 35 36
11 33 37
13 32 36
12 33 37
12 33 36
11 33 36
13 34 36
12 33 35
12 33 36
13 33 36
12 33 36
13 34 37
11 33 36
