34 27 51
34 25 52
35 26 54
34 25 52
34 26 51
35 26 52
35 25 51
35 26 52
35 25 52
34 26 52
34 26 51
33 26 52
34 26 53
34 25 51
34 26 53
34 25 51
35 26 51
35 26 52
36 26 51
34 25 53
34 27 52
35 25 53
34 26 51
35 25 51
34 27 52
35 27 52
34 25 51
34 26 51
35 27 51
34 26 52
35 25 52
33 26 51
34 26 52
35 26 52
34 26 52
33 25 51
34 26 52
35 24 52
33 26 52
34 25 53
34 26 51
35 28 52
35 27 53
36 29 54
36 27 54
33 28 56
35 30 57
35 32 51
32 34 42
29 47 36
30 57 20
44 55 30
41 54 30
35 51 30
41 60 29
36 51 30
39 52 39
35 50 43
35 48 43
31 49 46
32 53 52
26 51 55
23 44 51
18 39 45
24 45 52
28 47 45
30 47 49
42 30 32
24 40 60
8 27 43
17 40 31
12 44 50
8 41 29
18 34 19
2 40 33
2 33 29
3 32 20
15 30 22
13 29 23
13 26 24
15 26 30
19 23 28
15 27 32
18 29 31
18 27 31
15 30 34
13 31 36
13 31 37
7 30 35
11 32 37
12 34 35
10 35 34
14 39 36
13 38 36
15 37 35
14 38 36
14 36 37
13 34 36
5 34 34
7 37 33
14 37 36
16 34 34
15 36 36
15 36 37
13 36 37
12 35 37
11 37 37
11 37 37
11 38 37
11 37 37
14 35 37
13 35 37
13 35 36
13 37 36
13 37 36
13 36 37
12 38 37
12 36 38
12 36 37
12 36 37
13 36 37
12 36 38
13 36 37
14 36 38
13 35 38
14 37 37
13 36 37
13 38 37
13 36 38
13 37 37
12 37 37
13 36 36
12 36 38
12 37 37
13 36 37
14 36 38
12 36 38
12 37 37
12 37 38
12 36 37
13 36 37
12 37 37
13 36 37
12 36 37
12 36 37
12 37 36
12 35 37
12 34 37
13 36 37
14 37 38
14 36 36
13 37 36
13 36 38
13 35 37
14 37 38
13 37 38
14 36 38
12 36 38
13 36 38
12 36 36
13 37 37
13 37 37
12 37 37
12 36 37
13 36 37
14 37 37
11 35 37
13 37 37
11 36 38
12 36 36
13 35 36
12 36 36
13 36 37
13 35 37
13 36 37
12 35 36
13 36 37
13 35 37
12 35 37
12 36 37
12 36 37
12 36 37
13 35 37
14 36 37
13 36 36
