28 31 53
28 30 52
28 30 52
28 30 52
28 30 53
28 31 51
29 29 52
28 30 52
28 30 53
28 30 52
28 31 52
27 30 52
27 30 52
27 31 52
28 29 53
29 31 52
28 32 53
29 33 54
30 30 53
31 30 53
31 31 53
32 31 53
33 32 53
31 34 52
32 33 51
30 32 53
33 32 53
32 30 51
33 27 49
35 23 44
34 24 48
32 34 56
30 35 58
27 33 59
25 30 56
28 30 53
27 29 52
26 29 50
29 28 49
27 30 49
29 31 50
27 36 50
25 37 52
27 37 51
25 37 48
22 37 50
24 40 49
25 40 50
26 39 50
25 39 51
20 39 54
19 34 54
22 33 50
23 35 50
24 37 48
25 36 47
22 35 47
21 32 49
20 29 50
19 30 51
19 30 50
20 32 50
21 31 50
21 32 48
21 32 50
22 32 51
22 32 50
23 33 50
23 34 53
23 33 52
24 32 52
23 32 50
22 32 49
22 33 48
21 34 50
20 31 50
21 29 51
23 32 50
24 33 51
23 33 51
23 34 51
24 33 51
24 33 51
23 34 50
25 33 51
22 35 51
20 35 50
20 34 48
18 34 46
17 36 45
17 36 47
17 34 48
16 38 45
17 37 45
18 31 46
18 30 48
19 35 48
18 33 47
18 33 47
18 34 47
16 37 47
17 36 46
17 34 44
15 35 45
16 32 38
14 34 44
15 32 42
13 44 43
13 37 40
14 40 37
16 37 31
11 46 32
13 42 30
17 37 28
18 39 25
13 43 23
16 41 22
9 35 23
10 38 21
10 37 25
4 35 23
8 29 21
10 29 20
10 31 22
15 31 26
15 33 26
15 33 27
14 34 28
15 33 30
18 33 30
14 34 31
13 37 33
13 37 34
11 37 34
14 37 34
15 37 34
13 38 35
11 40 35
12 38 35
13 38 35
12 37 36
13 38 36
14 36 36
13 37 36
12 40 37
13 38 37
13 38 36
11 39 36
13 39 37
13 40 37
13 38 37
12 38 36
11 39 35
13 38 36
12 38 36
13 36 36
13 37 35
14 36 36
13 38 36
13 38 36
12 38 35
12 38 36
12 39 35
12 38 36
11 38 35
12 37 36
13 37 36
