27 31 53
28 31 53
28 31 53
28 33 53
28 33 53
28 32 52
29 32 53
28 31 51
28 31 52
28 32 53
28 31 52
28 32 52
28 32 52
29 31 52
27 33 52
28 32 53
29 31 52
28 31 54
28 30 53
27 32 52
27 32 52
29 32 52
29 31 52
29 31 53
28 32 52
28 31 52
28 32 53
28 30 53
28 32 52
28 31 52
28 33 52
28 31 53
28 28 52
28 31 52
28 32 53
28 31 53
28 31 53
27 34 53
28 34 53
29 33 51
27 27 51
27 30 52
27 30 51
27 30 52
26 29 53
28 30 51
29 29 51
29 27 52
29 32 50
25 35 51
29 28 54
31 29 51
32 35 51
31 32 50
29 38 53
26 36 52
26 41 49
22 36 53
17 42 50
21 42 45
19 41 44
16 40 42
14 41 44
13 41 43
17 39 39
14 39 39
12 41 39
9 38 39
11 38 37
13 36 35
16 35 33
17 31 35
18 29 40
14 25 40
11 31 36
13 27 36
15 26 37
11 27 39
13 29 39
13 28 38
13 29 41
13 32 41
9 33 37
12 31 39
14 29 39
13 29 41
14 28 42
14 28 41
12 28 40
15 29 40
14 28 40
14 27 40
14 28 40
14 28 40
14 27 41
13 28 43
14 28 42
13 28 40
13 29 38
13 29 43
14 29 43
14 28 44
14 30 42
14 28 40
14 31 40
15 33 44
16 32 45
15 32 46
16 32 44
16 30 44
15 30 43
14 31 43
13 30 44
13 33 39
14 32 40
13 36 36
12 35 30
10 34 33
11 38 33
13 36 30
12 41 30
13 39 24
14 38 24
14 40 26
14 41 22
13 41 21
10 40 26
10 37 21
8 31 20
9 29 23
9 30 17
13 35 18
13 33 22
14 33 26
14 33 27
16 34 26
14 36 28
13 35 31
14 35 29
15 36 31
15 39 33
14 36 35
12 39 36
13 37 36
12 36 36
14 38 36
13 38 36
13 37 35
12 38 35
13 37 35
13 39 35
12 39 35
11 38 35
13 38 35
12 39 36
12 39 35
12 38 36
12 38 37
13 39 35
13 38 35
13 40 35
13 39 36
12 40 35
13 39 35
12 39 36
13 38 36
12 40 36
12 38 36
13 39 36
13 40 35
13 37 36
12 39 35
11 39 35
