30 35 54
29 34 52
28 34 52
29 34 53
28 34 52
29 35 53
29 35 53
30 35 53
29 34 53
30 33 53
29 35 52
29 35 52
29 36 52
29 34 52
28 35 53
30 35 54
29 33 53
29 34 52
30 35 53
28 35 52
30 35 52
29 35 54
29 35 53
29 33 53
29 35 52
29 35 52
29 35 53
29 34 53
29 35 52
29 35 54
29 35 53
29 35 53
29 34 53
29 34 53
29 36 52
29 35 53
29 33 54
22 34 55
17 40 48
21 33 48
28 28 52
30 35 53
36 31 52
45 13 52
22 36 56
24 32 50
24 31 55
25 28 51
22 30 52
24 29 51
25 27 52
23 28 51
22 25 52
21 27 50
19 25 49
20 25 46
18 22 45
16 23 41
16 21 39
14 20 38
14 26 33
15 22 36
15 26 31
13 25 30
12 24 31
12 31 29
13 28 29
11 26 27
12 32 29
8 31 29
10 25 24
10 32 27
16 34 28
13 34 28
15 33 28
12 34 27
12 34 29
13 30 30
11 29 33
11 28 34
11 25 37
14 25 37
14 23 36
13 25 36
16 23 35
15 25 36
16 25 38
16 26 37
15 25 39
16 25 39
17 27 40
13 27 41
13 26 42
14 28 38
15 26 41
13 29 40
13 29 40
14 30 41
15 30 40
15 31 40
13 30 40
13 30 39
13 32 39
11 34 40
12 32 41
13 32 40
16 32 40
14 32 38
13 33 39
15 33 39
14 35 41
14 34 40
13 34 40
15 35 39
14 34 39
14 36 41
15 35 40
15 34 41
13 36 41
14 37 40
13 36 40
14 36 40
13 36 39
13 35 40
12 37 39
14 36 41
14 38 41
15 36 40
14 37 40
14 36 40
13 37 40
14 36 40
13 36 39
14 37 40
14 37 40
14 36 40
13 35 40
14 35 39
14 35 41
13 35 41
13 36 39
13 36 39
14 35 39
14 36 39
14 35 40
14 34 39
14 36 40
13 35 41
13 36 40
13 36 40
13 35 39
13 35 40
13 37 41
14 36 41
15 36 41
14 35 39
14 36 39
14 36 40
13 36 40
14 35 40
13 36 40
14 35 41
12 36 40
14 34 40
14 36 40
14 36 39
13 36 40
14 36 41
13 37 40
14 36 40
14 36 40
14 36 39
13 35 40
13 37 39
15 37 39
14 36 40
14 37 41
14 36 39
13 36 39
14 35 40
14 36 39
14 37 40
13 37 39
14 35 39
14 36 39
13 36 40
15 36 39
15 36 40
15 36 39
13 36 40
15 36 39
13 36 39
15 36 40
13 38 39
13 35 40
13 36 40
13 35 39
13 37 38
14 37 39
13 39 38
14 38 38
13 37 38
14 37 38
14 36 37
12 38 36
13 40 36
13 39 36
12 39 37
13 39 36
14 39 36
12 40 35
13 39 36
12 39 37
13 39 35
13 40 36
14 39 36
13 38 36
13 38 36
13 39 36
13 38 35
