39 53 30
36 52 31
39 53 31
38 52 31
37 54 31
37 53 31
36 53 31
37 53 30
38 53 31
38 53 31
38 52 31
37 52 32
38 52 31
38 52 31
38 54 31
38 53 31
38 52 32
35 52 31
38 52 31
38 53 31
37 53 31
36 52 32
37 53 33
38 52 32
38 52 31
37 52 32
38 52 32
37 53 32
38 53 32
38 53 31
37 53 32
37 52 32
36 53 31
35 52 30
37 52 29
36 52 29
37 53 28
36 53 29
37 51 29
36 54 29
36 53 28
37 52 30
37 53 29
38 52 29
37 53 28
37 52 29
38 53 29
37 52 30
39 53 29
37 52 28
38 52 29
37 53 29
37 52 29
39 53 28
37 53 28
37 56 29
36 52 30
36 53 37
37 52 38
37 50 41
37 52 42
50 49 45
36 47 50
33 47 48
33 44 49
33 48 49
34 46 46
35 42 47
36 45 48
33 45 49
31 43 52
36 41 52
33 45 49
31 43 49
30 44 48
28 43 51
26 40 54
26 36 53
26 39 50
25 41 50
23 39 49
7 42 46
21 39 49
21 39 47
21 38 45
16 40 47
16 37 47
20 38 47
17 35 44
16 36 45
15 37 45
16 34 44
16 33 45
16 33 45
15 33 46
14 31 46
12 28 45
12 24 45
15 24 40
19 25 38
21 29 40
20 31 42
21 30 52
16 24 45
15 27 44
15 27 42
16 30 41
15 32 42
17 27 42
12 31 41
11 32 38
12 32 36
10 30 36
12 30 39
11 30 36
14 30 32
14 31 33
11 30 34
9 31 33
6 31 35
8 30 36
9 29 35
11 32 35
10 30 32
11 28 31
11 29 32
11 27 28
5 28 28
13 28 29
13 28 29
13 28 31
14 30 32
13 31 33
13 32 33
11 32 34
10 33 31
12 32 32
15 33 33
9 33 30
11 37 32
14 34 35
14 34 36
13 34 35
12 34 37
10 31 34
10 33 37
11 31 35
13 32 35
12 32 36
11 31 36
12 33 34
12 31 35
11 31 34
11 31 36
12 31 36
11 32 35
11 32 34
11 31 35
11 31 34
12 32 35
11 31 34
12 32 33
12 30 33
11 32 34
12 33 35
11 32 34
12 31 35
12 31 34
