31 37 33
33 33 37
30 36 52
32 36 53
32 36 52
32 35 53
30 36 53
31 37 52
32 36 52
32 37 53
30 36 52
31 35 53
30 36 52
30 35 52
31 34 52
31 37 53
30 35 52
31 37 53
31 35 54
31 36 53
30 37 54
31 37 52
30 37 52
31 36 52
31 36 54
32 36 52
31 36 51
31 35 52
31 36 53
30 35 52
29 35 53
30 37 53
31 37 52
29 37 53
30 36 53
31 35 53
32 35 52
30 37 52
33 35 53
31 35 52
31 35 53
31 36 53
31 36 52
30 34 53
30 36 52
32 34 53
30 36 53
31 36 52
30 35 52
30 37 53
31 36 54
30 36 54
31 37 53
31 36 53
30 37 53
31 35 52
30 35 52
32 37 53
30 37 52
31 36 52
31 36 53
32 35 53
30 36 53
31 35 54
30 35 53
31 34 54
31 36 53
32 36 53
30 36 54
33 35 53
29 35 51
29 36 52
25 36 52
29 37 52
28 39 53
30 38 54
33 37 52
34 40 50
34 48 53
36 43 49
37 42 50
35 42 47
39 43 48
38 41 51
38 42 48
37 45 50
37 46 50
36 42 48
36 44 49
38 44 47
38 44 48
36 45 47
37 43 47
34 46 46
31 48 48
24 52 50
25 50 48
24 48 44
22 48 42
20 46 44
17 46 43
17 45 43
15 43 41
17 44 41
16 42 41
16 42 41
17 40 40
17 41 41
16 40 41
14 41 41
14 39 41
15 39 43
17 36 43
20 36 42
18 38 44
18 36 45
15 37 44
15 36 43
17 37 44
15 35 44
15 35 43
15 36 43
16 36 42
14 35 43
15 36 43
14 36 42
15 36 43
16 36 42
16 35 43
14 38 43
15 37 42
15 37 43
16 37 42
15 38 41
17 37 42
16 38 40
16 38 40
14 37 40
13 39 38
11 38 36
9 39 35
2 37 31
7 36 32
10 33 32
12 33 32
12 34 31
12 34 29
12 34 31
11 34 29
12 34 30
12 34 30
12 34 30
12 34 30
13 34 31
13 33 31
15 34 31
14 34 32
13 31 32
13 32 34
13 34 33
12 36 34
13 36 33
14 36 34
14 36 33
11 39 33
11 37 33
10 38 32
12 37 32
14 35 32
10 36 30
12 35 30
13 38 31
14 36 30
13 36 32
11 38 31
14 38 32
12 37 31
12 36 33
13 37 32
11 35 32
12 36 34
11 36 33
11 36 33
12 36 34
13 35 34
11 35 34
11 35 33
13 35 33
12 35 34
13 35 32
13 35 33
12 34 33
12 36 34
11 36 33
12 35 34
12 35 33
13 36 33
11 35 33
12 34 32
12 35 32
13 34 32
12 35 32
12 36 33
12 34 33
11 35 33
13 35 33
12 34 33
12 35 32
12 35 33
11 35 33
12 34 33
11 35 33
12 35 33
12 35 33
11 34 32
12 34 33
13 35 33
11 35 33
13 34 33
11 33 32
11 34 33
11 35 34
12 34 33
13 34 32
13 35 33
11 35 32
12 35 33
11 36 32
12 36 33
12 34 33
11 35 34
12 35 33
11 34 34
12 34 33
12 36 33
12 36 33
12 35 32
12 35 33
12 36 33
11 36 33
11 36 32
