13 30 39
13 28 40
14 28 39
13 29 39
13 29 40
13 28 40
13 27 41
12 27 39
12 25 38
13 23 38
13 23 38
16 22 38
15 22 39
17 18 36
20 17 37
20 17 36
17 18 37
18 22 36
19 11 47
14 8 42
19 8 36
24 12 36
26 9 35
31 12 35
34 15 35
36 17 38
36 21 41
39 27 43
41 34 45
44 37 47
44 44 52
47 36 51
46 39 51
47 40 50
43 36 51
41 30 50
38 27 50
36 26 46
35 17 47
34 18 45
27 15 44
28 11 43
30 12 43
27 18 44
23 13 43
20 18 40
22 17 39
21 17 41
24 17 38
23 19 38
20 18 39
16 19 40
15 21 41
7 24 46
15 27 44
19 28 36
15 35 36
6 39 43
11 43 28
12 32 38
14 43 39
15 42 37
12 41 36
15 42 38
16 48 37
15 43 37
16 42 36
15 46 39
17 45 41
16 44 41
17 44 40
17 44 40
18 45 40
16 42 41
18 44 41
17 44 40
17 45 41
16 46 42
18 43 40
16 43 43
15 44 43
16 39 42
17 43 43
19 43 42
20 40 44
22 40 46
22 40 47
24 42 48
25 43 49
28 42 49
31 43 50
29 44 49
31 45 50
32 41 51
32 42 52
31 42 50
28 41 50
26 41 50
27 42 50
27 42 49
25 43 48
24 41 49
24 42 49
25 42 48
23 41 49
24 42 48
25 42 50
24 42 49
23 43 49
25 44 48
25 43 48
25 42 49
26 43 48
25 42 49
25 42 49
25 43 49
25 44 48
25 44 50
23 43 48
22 43 48
24 43 48
24 43 48
24 42 47
23 43 47
22 43 47
22 42 47
22 41 47
22 43 46
22 42 48
21 44 46
20 42 46
19 43 44
17 42 43
17 42 42
16 43 42
17 41 41
15 43 40
14 44 38
16 45 36
15 42 36
15 42 35
13 41 32
13 41 31
11 43 29
9 38 29
10 36 28
12 38 33
13 39 32
14 39 32
15 38 33
14 38 34
14 38 34
14 38 35
12 37 33
13 38 35
14 39 34
14 39 35
13 39 36
15 38 37
15 38 37
13 39 37
12 38 37
12 38 38
12 38 38
14 37 37
14 36 37
14 37 37
13 37 37
13 38 38
13 37 38
13 38 37
12 39 37
13 37 37
13 36 36
13 39 36
13 38 37
13 37 37
12 38 36
12 38 37
13 37 36
13 37 37
13 37 37
13 37 37
12 38 38
13 36 36
14 36 37
13 37 38
13 35 35
12 37 36
11 37 36
12 35 37
12 36 36
14 36 35
13 34 36
13 35 36
13 36 36
13 36 36
13 36 35
12 35 36
12 35 36
12 34 36
13 34 36
12 36 36
12 35 35
11 34 35
12 36 35
12 35 35
11 34 36
13 35 36
12 34 36
12 35 35
12 34 35
11 34 35
12 34 36
13 35 34
12 34 36
13 34 35
11 34 36
13 35 36
11 35 35
12 35 36
11 35 35
12 34 35
