38 45 17
38 45 17
38 46 33
38 46 17
38 47 17
37 46 16
37 46 17
37 46 16
37 46 17
37 47 16
37 46 18
37 45 17
37 45 17
38 47 17
38 47 17
38 47 17
38 45 16
38 47 16
37 46 17
38 46 17
38 47 16
37 47 18
39 47 17
38 46 17
38 46 17
36 46 17
38 46 17
40 44 19
33 47 16
39 50 15
38 50 16
40 51 21
39 50 24
37 46 24
44 48 30
40 50 36
43 48 42
44 47 44
44 44 43
38 45 46
39 45 49
42 48 47
39 47 44
43 45 45
42 43 45
37 49 46
41 50 42
38 48 45
37 50 42
44 55 34
45 46 35
45 48 40
46 49 35
47 45 39
42 49 42
47 45 42
45 48 37
43 48 41
32 62 62
35 53 44
26 55 45
30 51 42
32 43 43
27 46 42
19 43 48
14 35 48
25 46 50
16 47 39
9 39 34
13 38 37
8 40 34
2 41 33
6 33 30
15 31 33
20 38 35
21 34 38
15 37 35
13 35 34
14 35 32
16 37 33
16 38 31
12 36 32
11 39 35
10 39 36
12 37 37
13 38 37
15 36 38
15 37 37
13 36 36
11 35 37
10 37 39
13 37 36
13 36 34
11 35 33
13 37 33
12 36 33
12 36 33
13 36 34
13 37 33
11 36 34
12 37 35
13 36 34
13 36 34
13 37 35
13 36 35
11 37 35
12 36 33
13 37 35
12 36 34
12 35 34
12 36 34
13 36 34
12 36 33
12 36 35
12 36 34
12 36 34
11 37 34
12 37 34
12 36 33
12 36 35
12 37 35
12 37 34
13 36 34
13 35 34
11 37 34
12 36 35
12 36 34
12 36 34
12 36 33
12 36 34
12 36 34
11 37 34
13 37 33
13 36 34
11 37 34
12 37 35
11 36 33
11 36 35
12 37 34
12 37 34
13 37 34
12 36 34
12 36 34
12 36 33
12 36 35
12 37 34
13 36 34
13 37 34
13 36 34
11 37 33
13 36 33
12 36 34
13 36 34
12 36 34
11 35 34
13 35 35
13 36 34
13 36 35
13 36 35
12 36 36
13 37 35
12 37 34
11 36 34
12 37 33
12 37 33
12 36 33
12 35 34
12 35 34
12 36 33
11 35 33
12 36 34
12 37 34
11 36 35
12 36 34
12 37 34
12 36 33
13 36 34
12 35 34
12 37 34
11 36 35
11 37 34
12 37 34
12 36 34
13 37 34
13 35 34
12 36 34
12 37 34
12 35 34
11 37 34
