21 31 49
21 31 49
21 31 49
21 30 49
21 31 50
22 31 49
21 32 48
19 29 47
17 28 47
18 26 45
18 24 46
18 23 48
18 24 49
20 25 49
20 24 48
23 26 48
26 25 47
27 26 46
24 26 47
20 25 52
21 28 52
20 31 54
23 31 49
21 31 52
23 30 53
25 32 53
28 33 54
31 32 50
34 29 49
34 31 48
35 28 46
31 20 49
32 18 48
30 21 49
28 12 43
25 4 38
21 15 35
22 15 34
23 10 34
22 10 33
22 12 31
23 8 29
28 10 29
30 12 29
30 9 27
31 9 29
33 11 29
36 17 31
40 18 32
44 24 35
44 23 35
46 22 43
41 27 48
37 21 57
36 27 54
39 27 54
40 22 50
34 20 46
30 6 48
32 16 45
33 13 43
32 14 42
30 5 43
28 15 47
30 18 51
35 20 49
32 14 56
35 16 52
35 19 46
39 20 41
42 23 41
42 26 38
40 34 38
40 50 35
43 63 35
39 63 43
31 57 62
24 43 63
24 26 63
27 27 51
34 9 37
33 23 28
38 17 29
37 18 34
34 12 33
26 8 36
15 17 38
13 19 41
12 19 45
16 22 49
14 23 51
22 21 49
29 24 47
36 20 46
44 19 47
49 20 48
48 16 47
43 19 46
40 19 47
36 19 47
34 20 46
33 17 46
32 18 46
32 18 45
32 16 46
32 17 46
33 18 47
35 20 49
35 22 51
37 21 49
38 21 49
38 21 49
41 19 49
40 21 46
38 20 47
38 22 50
38 22 51
37 22 51
40 23 52
41 23 50
39 22 51
38 21 51
39 22 50
37 22 50
39 20 49
37 23 48
34 22 50
31 24 52
28 24 52
26 23 52
25 21 50
25 24 48
26 20 49
28 20 50
30 22 49
29 23 50
30 24 49
28 24 48
26 26 51
28 25 50
27 26 52
27 25 50
28 26 51
28 25 50
28 26 50
27 30 54
27 25 50
26 26 50
27 26 50
25 27 51
27 28 51
27 29 52
27 31 52
27 33 52
28 33 53
31 34 51
31 36 52
32 37 52
31 38 51
28 42 56
31 42 54
29 43 51
28 41 50
27 43 50
28 42 50
29 45 50
30 46 49
30 44 49
28 45 48
29 45 49
29 45 49
28 44 50
29 44 49
27 43 50
25 41 51
25 39 49
26 44 49
26 45 46
27 46 47
27 44 51
23 39 48
23 37 49
24 39 50
24 40 50
22 40 52
24 37 50
23 37 47
19 36 45
18 37 46
18 37 48
20 37 49
20 37 49
18 38 47
17 36 46
19 36 47
18 36 46
18 35 45
17 34 44
16 36 44
15 36 45
16 36 45
15 36 44
15 36 44
15 35 43
16 34 43
14 36 43
16 34 44
14 35 44
14 34 41
15 33 42
12 32 39
11 33 39
10 32 38
11 32 37
9 30 36
9 31 31
11 30 31
11 30 32
13 29 29
11 30 30
13 30 31
12 33 31
14 33 31
13 32 31
12 35 33
13 34 33
12 36 34
12 33 34
13 33 34
14 34 34
13 35 35
15 34 34
12 37 35
12 37 36
13 37 37
14 37 37
13 36 35
12 37 37
12 35 37
12 36 35
11 35 35
12 35 36
11 36 34
13 36 36
12 36 35
11 35 35
12 34 35
12 34 35
11 33 34
11 34 35
12 34 36
11 34 37
11 34 36
13 33 34
14 34 36
13 33 37
14 33 36
13 33 36
12 34 36
11 33 37
12 32 36
13 33 36
11 33 36
13 33 34
13 32 36
12 33 36
11 32 36
12 32 36
13 31 35
12 32 36
12 32 36
13 33 35
12 32 34
13 33 37
12 30 35
13 33 37
12 32 36
12 31 35
