22 24 48
22 24 48
23 24 49
23 25 49
23 25 49
23 26 50
23 24 49
23 25 49
22 24 49
23 25 49
24 25 49
23 24 49
22 24 49
22 24 49
23 25 49
23 25 49
24 24 49
22 24 49
24 25 49
24 25 49
22 24 49
22 25 50
23 25 49
22 25 49
22 24 48
22 25 49
25 25 49
23 25 49
23 25 49
22 25 49
23 23 49
25 24 48
24 25 49
23 24 49
23 24 49
22 24 49
25 24 49
24 24 49
23 25 50
23 24 48
23 25 48
23 24 48
23 24 49
23 25 49
23 23 49
23 24 49
23 25 49
23 24 49
23 24 48
23 24 49
23 23 50
24 26 51
25 27 49
25 25 48
22 23 48
21 24 48
22 25 48
21 24 48
21 25 49
20 26 48
21 25 48
21 23 48
21 25 48
22 26 46
21 29 47
19 28 48
17 28 46
18 27 47
20 28 50
22 33 48
18 33 51
18 32 50
19 31 48
20 31 46
21 29 48
18 29 50
17 32 47
16 31 46
17 30 44
18 29 43
16 32 44
13 28 46
15 34 43
17 34 41
16 32 41
17 32 45
16 33 47
16 34 45
15 33 42
12 39 43
13 42 42
16 40 41
12 41 39
14 41 42
15 43 38
15 41 38
14 41 42
15 44 39
15 44 38
16 42 41
16 44 42
15 42 38
15 43 39
15 44 41
14 41 38
14 43 41
15 41 39
17 45 37
13 42 41
15 44 40
15 41 40
12 42 38
18 47 38
18 44 39
22 47 38
24 50 37
18 52 36
23 50 36
20 50 36
18 50 38
16 51 37
14 47 38
14 47 42
16 44 34
20 36 33
20 41 38
16 35 39
14 34 42
12 35 42
13 34 44
15 41 45
15 38 46
17 35 45
16 35 46
20 39 44
22 43 49
23 39 48
22 39 50
19 38 51
18 35 50
16 34 48
19 32 42
19 48 48
25 44 50
28 50 49
34 42 46
31 39 46
25 43 48
22 43 51
25 44 49
27 39 46
29 38 48
22 48 52
17 35 50
17 40 46
18 40 47
20 40 47
20 40 48
19 40 48
20 38 47
21 39 47
20 39 48
20 39 47
21 40 47
21 40 47
19 39 47
20 40 47
20 40 47
19 40 47
21 39 45
19 41 47
18 39 50
17 39 45
18 37 44
19 39 44
13 42 42
13 39 40
16 41 39
11 39 38
11 38 37
12 35 34
11 36 31
15 39 30
10 38 30
11 35 27
13 36 28
13 34 27
14 32 23
11 31 25
12 33 25
10 30 27
9 36 28
11 30 33
10 33 29
11 26 25
13 35 28
16 33 27
12 36 29
11 32 29
14 36 31
12 37 31
13 35 31
12 37 31
12 38 33
11 37 33
12 38 33
12 36 34
11 38 35
12 38 36
13 39 34
13 38 35
12 38 35
13 37 35
11 36 34
12 37 34
11 37 34
12 37 33
11 36 34
12 37 33
13 36 34
11 35 33
11 35 34
11 34 34
12 33 35
12 34 33
12 32 34
11 32 33
10 32 34
12 28 35
13 30 34
11 30 32
12 30 34
12 29 33
10 30 34
12 30 34
11 31 33
11 29 33
13 29 34
12 30 33
12 31 34
11 29 33
12 29 33
12 28 33
13 31 34
12 29 33
11 29 33
13 29 33
12 31 33
10 30 35
12 30 33
11 30 33
