39 23 33
40 24 51
40 21 49
40 23 50
39 25 51
40 23 49
42 22 50
40 25 49
40 27 52
40 26 51
41 26 50
41 25 51
41 26 50
39 24 51
39 23 50
39 24 50
41 24 51
40 23 50
40 23 50
40 24 50
40 23 50
40 23 50
40 22 49
40 23 49
40 24 50
41 22 50
42 22 50
39 23 49
41 23 50
40 24 48
40 23 50
39 24 50
40 22 49
40 23 49
40 23 49
42 23 49
40 22 49
41 23 49
41 23 49
40 21 50
39 24 49
40 22 50
38 21 50
40 24 49
40 23 49
40 23 50
40 23 50
39 23 49
41 23 49
41 23 50
40 23 49
40 24 50
39 23 49
41 24 50
41 24 50
42 25 50
41 24 50
41 24 50
39 24 50
42 24 49
41 25 49
41 25 50
43 24 49
43 24 49
43 23 50
41 24 52
41 25 52
43 26 50
45 25 50
43 26 50
44 26 49
47 24 50
47 25 47
46 25 46
43 22 45
43 23 46
42 22 48
39 29 52
37 30 54
36 35 56
33 37 55
32 36 53
27 32 51
30 30 51
29 30 48
25 31 49
23 27 52
25 24 52
25 21 50
22 23 49
20 23 51
23 23 52
31 25 50
36 24 48
37 23 48
34 24 50
34 22 53
34 24 55
35 24 53
34 27 51
36 25 49
36 24 48
39 25 51
34 24 50
31 26 51
31 24 51
34 24 52
34 28 51
33 29 51
33 30 51
32 31 54
32 32 52
32 32 51
30 33 51
28 34 53
31 34 54
31 36 53
31 35 54
34 35 56
34 35 53
35 35 51
33 39 55
31 39 55
30 40 55
29 39 52
29 40 52
27 39 53
29 38 51
28 39 51
28 38 50
28 34 53
26 35 52
25 37 53
26 36 51
26 36 50
25 38 53
26 36 52
24 37 52
25 38 49
25 40 51
25 39 51
24 39 51
24 39 50
25 39 50
24 38 52
25 38 51
26 39 53
23 39 50
24 36 51
24 37 49
26 39 50
25 38 51
25 37 50
24 39 51
25 39 50
24 39 51
25 39 50
25 38 50
24 37 51
23 38 50
23 40 52
25 39 50
24 37 49
24 38 49
23 37 49
24 38 50
22 37 50
22 36 49
21 37 49
24 38 50
24 38 51
24 38 51
23 39 50
23 39 49
22 37 47
22 39 49
20 38 50
16 36 49
9 38 44
9 40 44
15 39 42
15 38 43
16 40 41
16 38 40
18 38 40
17 39 41
18 39 43
20 38 44
22 37 44
22 38 44
22 39 47
23 40 48
24 39 50
22 39 52
26 40 51
23 38 51
25 39 50
25 37 50
23 38 50
25 39 51
24 37 49
24 37 49
23 37 49
23 38 50
22 38 50
22 38 50
23 38 50
23 39 50
24 37 49
23 39 50
22 37 50
22 38 50
23 37 49
22 39 50
23 38 50
23 38 51
23 39 50
24 39 50
23 39 50
23 40 50
24 38 49
23 39 51
23 39 50
23 40 49
24 38 50
24 39 51
24 39 49
24 39 50
23 39 49
23 39 50
24 40 50
22 38 50
23 38 50
23 38 50
24 38 50
24 38 50
23 38 49
25 39 50
24 39 50
24 39 50
24 38 50
24 39 51
22 39 50
24 38 50
