22 39 48
25 38 45
21 35 53
21 35 48
21 36 46
20 36 50
22 36 49
21 36 49
22 37 48
20 36 49
22 37 49
23 38 49
21 37 49
21 38 49
21 35 50
21 36 50
23 35 49
22 37 48
21 37 50
21 36 48
20 36 49
22 37 49
21 36 50
21 36 50
21 37 50
20 38 49
18 38 51
15 38 48
16 38 46
17 39 46
18 35 43
18 32 45
18 32 46
18 34 45
21 34 46
24 34 51
15 30 41
9 43 38
13 35 42
17 39 39
16 44 34
15 50 31
12 47 33
18 46 36
19 49 39
19 50 37
22 52 35
22 53 38
23 57 38
23 49 31
22 49 33
26 49 38
22 53 39
21 51 35
21 50 35
22 50 39
21 51 37
21 48 36
19 49 39
19 49 38
22 49 37
19 45 37
18 46 37
16 44 37
18 50 39
14 42 36
16 42 32
13 39 36
15 38 33
11 40 28
14 41 30
12 37 26
12 38 25
10 37 32
15 40 29
12 37 24
13 38 24
12 37 30
8 41 31
13 40 30
12 44 28
13 39 29
14 40 31
15 41 31
15 41 33
11 40 33
12 41 36
10 38 38
11 39 35
15 37 37
16 38 37
13 38 37
12 39 35
13 40 36
14 40 41
15 39 40
16 42 38
14 44 38
13 45 37
13 44 36
16 42 32
17 43 35
16 44 34
18 42 34
17 49 40
18 45 41
17 45 33
13 43 29
12 38 30
13 42 32
13 42 29
12 42 30
10 44 32
10 42 32
15 43 32
15 40 31
13 38 30
14 38 30
16 41 31
15 40 33
14 40 33
12 40 35
11 38 40
13 38 29
13 36 24
14 37 28
11 37 28
12 36 31
13 37 29
13 36 28
12 37 29
12 34 29
12 35 29
12 36 28
12 35 29
13 36 28
12 35 29
12 35 29
12 35 28
11 37 28
11 35 29
13 35 29
13 35 29
12 34 28
14 33 28
12 34 29
11 34 30
12 34 29
11 34 28
13 36 29
13 36 28
12 34 28
11 34 29
13 37 30
14 41 30
12 48 32
15 49 32
20 51 31
26 47 31
