29 34 52
29 34 52
31 32 53
31 33 53
30 33 52
30 32 53
31 32 53
30 33 53
30 33 53
30 33 53
30 33 52
32 32 52
30 33 53
31 32 53
30 33 54
31 32 54
30 31 57
23 37 59
22 32 55
23 31 53
24 32 48
26 29 41
24 28 45
24 26 44
22 35 51
18 32 56
20 29 42
14 27 46
11 35 42
9 37 43
10 22 41
9 26 41
7 17 36
11 20 36
15 23 33
24 16 31
25 21 30
22 11 24
24 11 25
25 10 26
24 14 23
35 21 22
41 15 29
42 12 28
39 13 26
37 13 28
38 11 27
38 14 31
41 8 36
43 10 36
42 9 37
38 8 30
39 17 24
41 17 21
43 23 19
42 18 28
36 18 38
36 12 48
35 13 47
33 4 41
38 8 43
41 4 36
39 12 30
35 8 30
31 12 29
33 10 29
36 11 30
35 11 30
35 11 34
36 15 37
37 13 33
37 13 37
34 12 37
30 11 35
31 9 34
32 8 32
35 11 32
38 13 32
36 13 32
36 14 30
36 13 28
32 11 30
31 6 26
32 11 30
35 10 30
35 15 33
37 9 33
33 12 38
34 12 36
37 14 34
44 20 35
42 23 37
48 22 38
43 16 43
37 11 42
33 8 45
30 8 45
28 10 44
29 14 42
33 12 40
36 14 41
38 15 39
40 16 37
45 14 38
42 17 38
40 17 40
39 14 39
38 13 42
37 15 40
38 16 41
41 16 39
43 14 40
41 11 41
41 15 42
40 16 43
40 16 41
41 15 41
40 15 42
40 15 42
40 17 41
42 16 41
42 14 43
41 11 41
42 13 42
43 17 40
43 14 40
41 14 40
42 15 39
44 18 38
44 19 38
46 19 38
46 17 38
46 17 38
45 17 38
43 18 37
44 18 36
45 14 37
46 13 38
46 19 39
44 19 43
41 16 39
42 16 39
47 14 39
45 17 39
44 17 37
44 15 38
44 13 37
45 18 38
47 16 40
43 16 40
42 17 41
43 18 39
46 16 39
47 17 40
44 18 42
46 18 41
46 18 42
47 21 44
47 19 44
45 25 43
42 23 42
47 21 40
45 20 41
42 20 43
35 23 47
40 13 47
40 20 39
37 10 41
34 13 42
20 0 31
24 2 33
15 2 36
22 5 36
21 15 38
26 27 42
28 23 45
28 32 50
27 30 52
23 31 55
23 33 56
22 36 50
20 25 47
20 37 57
18 34 48
20 34 50
19 33 53
18 37 50
23 24 33
18 25 56
12 33 37
12 25 40
15 26 38
13 26 34
16 30 39
5 24 36
6 30 33
8 28 31
11 23 31
10 30 31
13 30 32
17 36 30
18 29 32
16 33 31
11 35 34
10 29 29
18 23 30
10 29 33
13 29 31
12 35 32
12 37 33
13 33 38
12 35 36
9 37 36
10 36 35
11 35 35
12 34 34
11 35 33
11 34 34
12 34 32
13 34 33
12 35 33
12 34 33
11 35 34
11 36 33
12 35 33
11 35 33
11 35 34
13 36 34
12 36 33
12 36 34
12 35 33
12 36 34
12 37 32
11 36 34
11 35 33
12 35 33
13 36 33
12 37 34
13 36 34
