38 50 20
38 51 20
37 49 20
37 49 20
37 48 20
37 49 21
37 49 21
38 49 20
38 49 20
37 50 21
38 50 20
37 48 20
37 50 20
38 48 20
37 49 20
37 50 21
38 49 20
37 49 21
37 48 21
38 49 19
38 48 20
37 50 20
36 49 20
37 49 20
37 48 20
38 49 20
37 50 20
38 49 20
37 48 20
37 50 20
37 49 20
39 50 20
37 49 20
37 49 20
37 49 20
38 48 19
38 49 19
38 48 19
37 48 19
38 49 20
37 49 20
38 48 20
37 48 21
37 51 19
37 51 19
36 47 21
38 48 22
37 50 20
38 53 19
37 54 21
33 51 22
38 49 24
39 54 25
38 56 26
39 55 24
40 50 30
41 51 31
41 49 32
39 44 37
40 43 45
35 35 49
52 25 63
46 33 46
42 25 47
41 36 49
34 42 40
30 63 45
38 42 41
37 53 42
38 56 38
43 42 40
43 43 45
38 52 50
37 52 39
40 51 38
41 50 36
42 48 36
42 54 34
36 52 41
32 61 40
31 49 37
23 56 40
24 55 42
25 49 43
26 46 42
26 45 45
21 44 45
18 45 46
22 46 43
22 38 48
22 30 47
24 32 46
26 38 44
19 36 47
11 41 43
15 42 43
13 42 38
8 42 34
3 42 28
10 35 32
16 32 35
22 34 39
20 38 35
16 39 34
13 40 31
12 37 30
12 37 32
14 36 32
13 38 32
9 37 33
12 38 33
12 37 33
12 38 33
11 36 35
12 36 35
13 36 33
12 37 35
13 37 34
12 37 33
11 37 34
11 36 33
12 37 34
12 36 34
13 37 34
13 37 33
13 37 34
11 36 35
12 37 35
12 36 35
11 37 35
12 36 34
13 37 34
13 37 32
12 35 33
14 37 33
12 36 32
12 36 33
13 36 34
12 36 33
12 36 34
13 37 34
12 37 35
12 38 34
12 37 33
14 36 34
11 37 34
12 37 34
13 38 34
12 37 34
12 37 34
11 37 34
13 37 34
14 37 35
13 36 34
12 37 34
11 37 35
13 37 34
12 36 34
13 35 33
12 37 34
12 36 34
12 37 35
12 37 34
13 36 34
13 36 34
13 37 35
12 37 34
12 36 34
12 36 34
13 36 34
12 37 34
13 36 34
12 36 34
12 36 35
12 36 34
11 36 34
12 38 34
12 37 34
12 37 35
13 36 34
13 36 34
13 37 32
