29 19 48
30 19 48
28 19 48
28 19 48
29 20 48
30 18 48
28 19 47
28 19 48
27 20 47
29 19 48
28 18 46
29 19 47
29 19 48
30 20 48
29 19 48
31 19 49
31 19 48
30 21 48
31 21 49
33 21 49
31 19 49
31 19 50
32 19 49
31 20 50
32 24 51
34 21 50
34 22 49
34 18 47
35 18 47
37 18 44
35 19 46
33 18 45
32 15 48
33 15 48
33 17 46
34 20 46
36 20 47
37 20 49
38 19 47
46 19 44
46 20 45
41 21 47
39 20 49
41 21 47
42 22 51
37 22 48
37 23 50
35 22 49
41 21 49
39 22 50
33 21 51
30 19 50
30 21 50
29 22 47
30 20 48
28 20 48
29 18 47
27 18 48
28 19 49
28 19 48
27 21 49
30 20 49
29 21 50
31 23 49
28 25 50
26 23 52
28 21 50
28 23 50
29 25 50
29 25 50
30 26 50
30 27 51
29 27 51
32 28 51
31 29 55
29 27 53
30 29 50
32 34 54
33 32 55
34 31 54
36 31 52
37 32 54
36 29 54
34 31 55
34 27 52
34 31 52
37 28 51
38 32 51
38 33 51
36 33 51
35 36 54
34 35 55
32 32 54
32 37 52
30 34 50
28 36 51
26 35 50
24 35 50
24 35 51
24 37 51
25 36 49
23 39 49
15 32 54
17 35 53
17 34 49
17 37 48
18 35 48
17 35 49
19 35 47
18 36 46
18 34 45
19 35 43
18 33 48
17 38 48
17 35 46
14 36 46
15 35 45
17 35 43
14 35 42
15 34 42
12 37 38
13 36 39
10 35 38
9 36 36
10 33 36
8 34 34
9 31 31
11 33 26
12 30 27
14 31 29
15 34 28
13 35 28
14 36 28
13 34 30
14 35 28
12 37 29
10 37 31
14 37 32
15 38 32
15 36 33
15 38 33
12 37 35
12 39 35
12 38 35
13 37 36
14 38 36
13 38 37
13 38 37
13 38 37
13 38 36
12 38 36
13 37 35
10 38 35
13 36 36
11 36 35
12 35 35
12 36 35
12 36 36
12 36 35
12 36 36
12 34 36
11 35 35
13 35 36
12 35 36
12 34 35
13 35 35
13 35 36
13 34 35
12 34 34
12 34 35
13 33 35
13 34 34
12 33 35
12 33 35
12 34 34
12 32 35
11 34 35
12 34 36
12 33 35
12 33 35
12 32 35
13 33 35
12 34 36
13 32 35
12 34 35
12 34 35
11 33 35
13 33 35
12 33 35
12 33 35
12 34 34
13 33 34
11 33 35
11 33 35
12 34 36
12 33 35
12 33 34
11 33 35
12 34 35
12 33 34
12 34 34
13 34 35
12 33 34
11 34 35
12 32 34
12 33 34
