21 37 49
22 37 50
22 37 50
22 36 50
22 36 51
21 37 51
21 39 47
19 38 49
22 38 48
26 36 45
24 37 54
21 35 50
22 39 50
20 40 49
22 40 47
22 39 50
23 39 49
22 40 49
23 39 48
22 40 49
23 40 48
21 39 47
23 40 49
21 39 48
21 40 49
21 40 48
22 39 48
21 40 49
23 39 49
22 40 49
22 39 48
20 39 49
22 39 48
20 40 51
17 41 53
15 42 48
15 41 46
18 38 43
22 36 40
20 36 47
22 36 48
22 38 48
22 35 53
15 32 47
21 32 45
13 37 44
16 46 44
19 40 35
18 34 53
18 41 50
24 33 50
25 32 46
12 38 46
14 35 45
21 36 40
15 36 44
14 41 45
15 39 41
16 44 39
18 37 39
19 42 49
13 44 37
18 49 38
21 49 37
16 50 39
19 46 35
17 47 32
21 50 35
20 53 35
21 52 33
19 48 32
21 50 36
21 51 34
19 49 31
21 50 33
17 52 33
16 52 32
13 49 38
20 51 28
36 41 32
28 46 42
17 47 34
7 41 27
17 46 33
12 44 35
13 40 31
19 38 29
12 35 24
11 42 33
11 38 24
17 39 23
10 39 30
16 34 26
8 39 23
15 39 24
13 40 26
9 41 24
18 38 24
14 39 25
14 39 25
13 40 26
15 37 26
11 40 32
7 39 32
10 36 30
12 36 35
12 33 33
12 32 35
15 30 36
13 36 37
11 34 40
14 34 39
16 35 41
13 35 41
12 34 37
14 34 35
10 34 42
16 36 39
14 39 37
13 38 38
12 40 37
10 39 36
14 40 37
13 41 37
11 40 36
9 41 36
10 42 34
12 40 35
11 40 32
14 42 32
17 43 31
18 46 33
18 48 34
17 49 33
16 48 34
16 45 32
13 43 32
15 41 31
12 36 33
10 37 29
13 35 29
13 37 29
9 34 31
10 41 33
13 40 31
15 38 30
12 36 30
14 36 33
11 36 32
14 34 32
12 34 32
11 36 32
11 34 32
12 35 33
11 35 31
12 34 33
11 35 32
11 32 32
12 34 32
11 34 31
12 33 31
12 33 31
11 32 31
13 35 32
11 38 31
12 42 33
12 48 34
15 46 34
21 50 33
27 47 31
26 50 29
27 46 30
