36 32 53
35 31 53
35 31 53
35 32 52
36 32 53
36 32 53
36 32 53
35 32 53
36 32 54
36 33 53
37 32 53
36 32 53
36 31 53
35 32 54
36 31 52
36 32 52
37 32 53
35 31 54
36 33 53
37 32 53
36 33 53
36 32 54
38 33 53
36 32 53
35 32 52
35 32 53
36 33 53
36 32 53
36 32 54
36 32 53
35 32 53
36 33 53
36 33 55
36 31 53
36 33 53
36 33 53
36 32 52
37 33 54
35 33 53
35 30 53
36 32 55
37 30 55
37 27 51
38 28 52
37 28 53
35 27 52
31 31 52
30 33 54
28 33 53
30 35 52
32 33 54
36 36 53
40 34 54
40 34 52
38 35 52
35 33 51
34 30 52
30 32 53
30 33 52
27 39 51
24 41 47
26 41 51
29 37 50
30 39 51
30 37 48
29 40 48
26 42 50
25 40 51
25 42 51
22 42 50
21 42 49
20 41 45
20 41 46
20 43 45
16 44 45
18 44 45
17 43 43
19 43 44
19 43 44
21 46 43
20 45 43
20 46 43
20 47 44
21 48 44
19 47 42
21 48 42
21 47 40
19 48 40
18 46 41
16 46 39
16 47 39
19 46 40
22 47 40
20 47 42
21 46 41
21 47 42
20 45 42
19 45 42
18 44 40
17 43 40
15 45 39
13 45 40
16 44 41
18 45 41
17 43 41
20 45 41
19 43 43
19 42 43
20 44 43
19 42 43
19 43 44
20 42 43
19 44 42
18 43 41
17 44 41
14 41 40
12 45 37
9 42 37
13 41 39
15 38 35
12 37 34
12 38 35
10 37 33
12 36 33
10 35 32
11 37 31
12 36 29
13 36 31
12 35 31
11 33 30
12 35 31
14 33 29
13 34 31
14 33 31
14 32 32
13 32 33
11 34 32
12 35 34
14 35 33
15 36 33
10 39 33
8 36 32
10 38 31
12 36 31
13 37 31
11 38 29
11 36 30
12 37 29
12 39 29
13 39 30
13 39 30
12 39 30
13 40 32
12 39 34
14 40 35
14 39 35
12 39 37
14 38 36
15 39 36
12 40 36
12 39 35
13 41 34
14 41 34
13 42 34
13 40 33
12 40 32
13 42 34
14 39 33
13 40 34
13 39 34
12 39 34
13 39 34
13 40 35
12 41 34
13 40 33
12 41 34
12 39 33
12 40 33
13 39 34
14 39 33
13 39 34
13 39 33
13 38 33
13 39 32
12 40 34
13 40 34
12 40 33
13 40 33
13 39 34
13 39 34
12 40 34
12 39 34
13 38 33
12 39 33
12 40 34
13 40 34
12 39 33
12 40 33
12 39 33
13 39 33
13 39 33
12 39 34
12 40 34
12 40 33
13 39 33
13 37 33
12 38 34
13 39 33
13 38 33
13 38 33
13 39 33
13 39 34
12 39 33
12 40 33
12 39 33
12 39 33
12 38 33
13 39 33
13 39 33
13 38 32
13 39 34
12 40 33
