45 25 48
45 24 47
44 26 48
45 25 48
45 25 47
44 26 48
44 26 48
44 24 48
44 26 48
45 25 48
45 25 48
46 25 48
44 25 48
45 25 47
45 25 48
44 26 47
44 25 47
44 25 47
45 26 48
44 26 48
45 26 48
45 27 48
45 26 48
45 25 47
44 25 48
46 26 48
45 25 48
45 26 48
44 26 49
46 26 48
44 24 48
45 26 48
45 25 48
45 25 48
46 25 48
45 26 47
43 25 47
44 27 48
44 25 47
44 26 48
45 26 48
44 26 48
44 24 48
44 25 48
45 26 48
46 25 49
45 24 48
45 24 48
46 25 47
44 25 48
45 25 47
45 24 47
46 26 47
46 25 46
46 26 46
46 27 48
46 25 48
48 26 47
47 25 47
43 23 47
43 25 48
42 24 49
42 24 51
46 28 54
45 27 53
45 26 49
42 27 45
36 25 40
45 22 38
51 16 41
47 19 40
43 23 42
43 21 37
61 24 43
48 25 45
44 24 45
50 27 49
48 33 50
49 32 48
47 35 48
51 32 48
48 31 43
43 26 48
43 28 50
38 29 46
50 28 48
56 27 44
48 28 46
54 33 43
60 40 41
59 38 44
59 39 47
51 44 45
33 39 45
28 34 46
29 34 46
27 33 50
31 31 50
30 31 53
30 30 53
31 32 54
30 32 53
32 31 53
31 33 53
29 32 53
32 34 54
29 34 55
22 32 52
25 30 50
26 30 50
30 33 50
32 38 50
28 41 54
31 47 55
31 44 55
29 38 53
35 36 50
30 38 50
21 36 53
19 32 54
21 28 53
28 26 52
30 30 50
23 29 48
25 26 48
24 27 50
26 30 51
27 32 49
31 30 52
27 32 53
23 35 52
20 37 52
25 39 55
27 38 54
29 40 52
27 43 49
29 43 45
28 41 46
29 44 49
29 44 51
28 44 48
26 47 47
25 48 48
27 46 47
27 46 46
26 49 45
27 48 44
25 49 46
26 48 46
27 50 47
28 49 45
28 49 42
29 51 42
28 52 44
28 49 45
27 50 44
27 52 44
26 50 43
28 49 42
28 52 42
27 53 41
27 52 42
26 48 42
25 49 43
26 48 42
26 49 42
25 47 42
22 47 41
24 46 39
20 46 39
17 46 41
18 49 43
21 49 44
23 46 48
20 45 39
18 43 39
17 43 42
19 46 39
22 46 39
20 47 40
22 49 36
18 49 34
20 49 35
21 52 34
21 51 31
20 52 32
23 49 30
25 48 31
20 51 29
18 50 34
20 52 33
23 48 32
20 49 33
20 49 33
20 49 34
22 49 35
19 49 36
21 46 38
19 48 40
20 48 39
22 47 40
21 45 39
21 47 39
16 46 41
15 47 42
14 45 43
16 43 42
18 42 42
18 44 42
18 44 41
19 43 41
19 42 41
18 44 43
18 44 42
18 43 41
19 43 42
18 46 40
17 46 41
18 45 40
18 45 40
18 45 40
18 45 40
19 45 40
17 44 39
17 43 40
17 44 40
17 45 40
17 45 40
18 45 39
18 45 41
19 45 40
17 46 41
16 44 41
16 44 41
17 43 40
18 43 41
17 44 41
16 43 40
18 44 41
17 44 40
16 43 40
17 43 40
16 42 41
16 43 41
16 43 41
17 43 40
16 45 41
16 43 40
16 43 40
17 43 40
16 44 40
17 43 41
16 44 41
17 44 41
18 43 40
16 43 40
18 44 41
17 44 41
17 43 41
17 45 40
17 44 40
17 44 40
18 42 41
17 42 40
17 44 40
18 45 40
18 44 41
18 44 41
17 43 40
