18 32 47
18 32 47
17 33 47
19 32 46
19 32 47
18 32 47
17 33 47
18 32 46
18 33 46
18 33 49
15 30 47
16 31 47
19 28 46
20 27 44
20 25 45
18 25 45
17 28 47
18 28 47
15 30 47
18 28 46
18 29 46
18 28 46
19 28 46
18 29 47
17 28 47
18 28 46
18 29 46
17 27 49
19 24 52
25 36 55
24 34 51
22 33 46
18 29 39
8 25 35
13 30 47
19 34 50
21 37 44
17 31 45
13 35 45
16 37 46
17 39 45
17 42 47
19 43 46
20 42 45
21 44 46
21 46 46
20 46 43
22 46 44
21 46 45
22 47 45
23 47 43
23 46 44
21 48 44
19 48 43
26 47 46
25 50 44
25 47 42
23 48 42
21 48 43
20 48 43
20 50 41
19 49 38
18 46 42
20 46 37
23 41 35
17 43 32
12 42 35
11 46 31
13 47 32
13 45 31
10 47 27
13 43 28
16 44 32
14 41 34
22 51 27
23 50 30
19 45 29
17 49 25
13 42 27
12 42 31
15 37 31
14 43 31
13 39 32
12 39 31
13 40 33
12 41 33
15 39 33
14 38 32
14 38 32
13 38 32
12 39 32
15 37 33
16 39 33
11 36 33
11 37 34
13 38 34
13 38 35
10 38 34
12 39 34
12 39 33
12 38 35
12 40 33
12 39 33
13 39 32
11 39 34
13 38 35
13 37 33
13 38 34
13 38 34
12 39 34
12 38 34
13 38 34
13 39 35
12 39 34
11 37 34
11 39 35
13 39 34
12 41 34
14 39 34
14 38 34
12 38 34
12 38 34
13 38 36
13 38 34
12 38 34
11 38 35
13 39 35
12 39 34
