34 31 53
34 31 33
33 28 53
34 30 52
33 29 52
33 30 53
34 28 53
33 30 53
32 28 52
35 30 53
33 29 53
34 29 52
33 29 52
34 29 52
33 29 53
33 29 53
33 29 53
33 29 53
34 29 54
32 29 52
32 28 53
34 28 53
33 29 52
33 30 52
34 29 52
33 29 53
34 30 53
33 29 53
34 30 53
34 29 52
32 29 53
34 29 52
33 30 53
33 29 52
34 29 53
33 28 54
33 30 52
32 29 53
32 28 52
34 30 52
34 29 52
32 29 52
33 28 53
34 29 53
34 29 52
34 29 53
33 30 53
34 30 53
33 30 53
33 30 52
33 29 53
34 30 53
33 29 52
34 30 53
33 29 52
33 28 54
34 29 53
33 30 52
33 28 53
34 29 53
33 30 53
34 29 52
32 29 52
34 29 54
34 30 53
33 31 53
33 29 52
34 29 53
33 29 53
34 28 51
33 28 53
33 29 54
33 30 54
33 30 54
33 31 56
35 30 57
35 29 54
37 25 50
38 22 50
42 22 49
44 26 48
44 23 48
44 23 48
46 25 48
42 25 48
37 27 48
31 29 46
24 27 43
19 29 48
14 28 48
3 17 44
16 34 44
19 36 41
19 36 42
19 33 41
8 39 39
18 40 42
11 37 43
6 38 39
15 38 42
20 42 47
21 43 43
17 40 41
14 38 40
16 38 39
16 44 41
13 45 41
13 46 39
17 46 38
18 46 38
18 46 39
16 48 38
17 46 39
18 46 38
19 47 40
22 45 39
21 43 40
17 43 42
15 44 45
16 42 43
18 44 40
17 42 43
18 42 45
19 40 42
16 43 40
15 37 41
14 41 44
16 40 43
11 40 45
11 37 46
16 36 44
17 33 41
13 32 37
15 38 42
18 36 47
20 42 51
22 38 51
20 44 47
25 44 49
29 41 48
29 44 45
28 42 43
30 44 42
29 47 45
29 47 48
30 45 50
24 42 52
21 50 60
22 43 47
23 39 47
23 33 47
16 43 46
17 44 44
21 40 48
21 39 45
17 41 46
17 42 44
18 45 43
17 45 42
14 40 39
13 40 37
14 40 35
12 42 39
9 41 40
8 37 36
9 36 34
8 26 35
12 36 37
15 37 37
16 34 37
18 35 36
15 38 37
11 40 38
11 37 36
12 36 36
12 38 36
13 40 36
13 39 38
10 39 38
10 35 38
10 35 35
10 34 36
11 35 35
13 35 36
14 36 35
15 35 36
15 36 36
13 36 37
11 35 37
12 33 37
11 35 40
11 36 40
11 35 40
11 36 38
12 37 37
12 34 36
13 35 36
12 34 36
12 36 37
13 37 37
13 36 36
13 35 36
12 37 35
12 36 36
11 34 36
13 34 38
11 34 38
12 34 37
12 32 36
13 36 39
12 35 38
15 33 37
14 32 36
13 34 35
13 38 37
14 37 38
12 34 38
12 33 38
13 36 39
14 37 39
12 37 38
13 37 38
13 40 38
11 35 39
13 36 40
14 34 38
14 38 38
14 37 37
