39 36 40
35 33 32
39 35 33
36 39 53
36 38 51
35 37 53
37 40 52
37 41 50
35 41 53
37 39 51
35 40 51
36 40 52
35 41 51
36 39 52
35 40 51
36 38 51
36 40 52
36 41 53
36 39 52
36 41 51
36 40 51
36 41 51
36 40 52
36 42 52
36 39 52
36 39 51
36 40 52
35 40 52
36 39 52
37 40 52
36 40 52
36 39 53
35 40 52
35 40 52
37 39 52
36 40 52
37 39 52
37 40 52
37 40 52
37 39 51
36 39 52
36 39 51
37 40 52
36 39 52
36 40 52
36 40 52
35 41 52
36 40 51
35 41 52
36 41 51
36 39 52
36 39 51
35 40 52
36 40 51
36 39 51
37 40 52
37 40 52
36 41 52
36 41 52
37 40 52
36 40 53
36 39 52
37 40 51
37 41 52
36 41 51
35 41 52
36 40 51
36 40 51
36 40 52
35 39 51
36 40 51
36 39 53
36 40 52
36 39 52
36 39 51
37 40 52
36 40 51
36 40 51
36 40 51
36 40 52
36 40 52
37 40 50
36 40 51
36 41 54
37 38 52
35 39 52
35 40 49
34 42 52
37 42 51
34 36 55
27 36 58
28 33 51
24 32 53
35 22 52
46 35 49
35 33 43
41 39 50
41 15 47
29 35 63
34 34 52
30 31 53
25 35 49
24 35 53
19 41 50
20 37 47
22 39 48
18 40 48
20 38 48
19 35 45
16 38 45
17 37 44
15 39 42
11 39 43
13 39 39
13 39 36
14 40 33
11 42 32
6 40 31
7 36 27
8 36 28
8 39 24
13 36 24
12 36 26
13 36 27
17 33 28
20 31 34
22 36 33
15 33 31
9 33 32
9 30 34
13 28 36
14 34 35
13 34 35
10 38 38
8 39 38
13 36 36
11 37 36
12 37 36
13 37 35
13 38 35
9 38 33
11 36 32
12 36 33
13 37 33
14 38 34
12 37 32
13 39 33
13 39 35
15 38 35
12 38 34
12 36 35
11 37 36
11 36 36
13 37 38
13 38 37
13 38 37
12 38 36
13 37 37
13 37 37
13 37 36
11 36 37
12 35 36
13 35 36
14 37 36
12 36 37
12 38 37
13 36 37
11 37 37
13 37 37
13 35 36
12 36 36
13 36 36
14 35 35
13 36 35
12 35 35
14 35 36
11 38 37
11 37 37
13 35 36
14 37 36
13 36 36
13 36 36
12 36 37
14 35 36
12 36 35
11 39 37
11 37 36
14 37 35
12 36 36
13 37 36
13 36 36
11 36 36
13 37 34
13 37 35
12 38 34
11 36 37
10 34 35
12 33 35
13 36 35
13 36 36
12 38 35
13 36 37
14 36 36
13 36 37
13 37 36
12 36 38
13 38 37
12 37 38
12 36 37
12 35 36
12 36 37
11 35 36
14 36 36
13 37 36
12 37 37
12 36 37
12 35 37
11 36 37
13 37 37
13 37 38
13 37 36
12 37 36
13 36 37
13 35 36
11 36 37
13 36 36
13 35 35
12 36 36
13 35 36
13 35 35
11 35 34
12 36 34
13 34 35
11 35 35
12 36 36
12 36 35
12 36 36
13 34 36
12 36 36
