28 34 52
27 36 52
28 36 52
28 35 53
27 35 53
28 35 52
28 36 52
27 36 53
29 36 53
29 36 52
28 34 53
28 37 53
29 34 52
27 35 52
29 34 52
29 35 52
28 35 53
28 35 53
28 36 52
28 36 53
27 35 52
27 35 52
27 36 53
29 35 52
27 34 52
28 36 53
28 36 52
29 36 53
28 36 53
28 35 52
29 35 52
27 35 51
29 35 53
29 35 52
27 36 53
29 36 52
26 37 53
23 36 55
19 39 52
25 32 47
23 33 50
31 21 62
35 28 50
37 34 48
28 32 54
21 31 48
17 35 53
26 31 52
25 30 50
21 30 50
24 30 51
20 29 49
19 28 50
17 27 49
19 26 48
18 25 47
18 24 46
19 21 46
16 26 41
16 21 43
17 25 42
15 26 38
14 25 38
14 25 39
12 26 39
13 28 39
13 28 37
11 29 38
11 31 37
10 31 35
7 32 36
11 29 35
7 35 33
15 32 28
15 37 30
15 37 31
15 37 35
14 38 33
13 37 31
12 37 32
12 32 35
9 34 33
7 33 36
10 30 35
11 31 38
14 28 37
13 29 38
15 27 35
15 28 38
14 28 39
15 30 39
12 30 40
12 31 38
13 32 37
13 30 37
13 30 39
13 34 38
13 34 38
13 33 39
14 34 39
14 35 39
13 34 39
13 34 39
13 34 39
14 34 39
13 33 38
11 36 38
12 33 38
13 35 38
13 33 39
14 33 39
12 37 40
14 35 40
12 37 40
13 34 38
14 35 37
12 34 40
14 36 39
12 36 39
12 37 37
12 37 36
12 36 37
14 36 37
13 36 37
13 37 36
12 36 37
13 36 37
13 36 38
13 36 39
14 38 39
13 37 38
13 36 38
14 37 38
13 37 38
10 37 39
14 38 39
14 38 37
13 36 37
14 36 38
14 37 38
13 37 38
12 37 38
11 36 38
13 37 37
13 37 37
14 38 37
13 37 37
13 36 36
14 36 37
13 37 36
13 36 37
12 37 36
12 37 37
13 37 37
13 38 36
13 37 37
11 37 38
13 37 37
13 36 37
13 36 38
13 36 38
14 37 38
13 37 37
13 37 37
14 37 38
13 36 38
13 37 38
14 36 37
12 36 37
13 36 37
12 36 37
12 38 38
13 38 36
14 38 36
13 38 36
13 38 36
13 37 36
12 38 36
13 37 35
13 38 36
12 40 36
13 37 38
13 40 36
12 41 34
14 40 35
14 38 34
13 37 34
13 39 34
13 40 34
12 40 35
13 41 34
12 40 36
13 41 35
13 40 35
13 40 35
13 39 34
14 38 34
13 37 34
12 39 35
13 39 34
12 41 35
13 40 35
12 40 35
14 41 34
13 40 34
13 40 33
13 40 34
12 39 34
14 38 35
13 39 34
13 39 33
13 38 35
13 40 34
13 39 36
11 39 34
12 38 34
14 40 34
