44 23 47
43 25 48
43 24 49
43 25 48
44 25 49
43 25 49
43 27 49
43 25 49
43 25 48
43 25 48
44 24 48
44 24 48
44 24 48
44 24 48
44 25 49
43 25 49
42 23 48
44 25 49
43 25 49
43 25 50
43 25 48
43 26 48
43 25 49
44 24 49
45 24 49
43 25 49
44 25 49
43 25 49
44 23 49
45 23 49
45 24 47
47 25 46
45 24 47
45 25 48
46 27 47
45 27 48
46 27 49
44 27 48
46 26 49
44 25 48
44 25 48
45 26 47
45 27 49
45 25 49
43 23 48
44 22 51
43 22 52
45 25 50
45 27 47
43 31 46
38 31 46
44 32 46
47 31 47
47 30 43
47 27 42
62 27 45
48 28 42
45 28 46
50 27 49
48 31 49
47 30 47
50 32 47
50 31 47
49 30 47
47 28 46
48 29 45
49 28 45
42 29 44
42 35 52
54 36 49
51 21 43
57 35 43
60 35 37
60 32 46
58 34 44
48 39 45
35 37 49
30 40 49
27 35 49
30 32 48
33 29 48
34 30 52
33 31 57
33 33 56
29 33 53
28 33 52
29 31 53
33 31 53
31 34 53
24 34 50
26 35 49
28 35 50
32 38 55
36 41 57
33 46 57
30 46 53
34 39 48
30 36 49
24 32 50
23 30 52
24 28 53
25 27 54
23 28 53
22 30 49
25 31 47
30 34 49
30 35 51
33 36 53
31 35 56
27 37 55
25 38 54
26 39 54
28 40 52
30 39 50
30 40 46
31 40 47
30 45 47
30 43 49
30 44 51
30 44 52
30 43 52
28 44 50
26 45 50
25 45 50
26 45 48
26 46 48
26 46 49
28 45 47
30 45 48
30 44 47
31 45 49
28 46 49
27 45 49
23 43 51
24 44 51
27 45 48
30 44 47
28 46 45
27 43 46
26 44 48
26 44 48
27 43 49
29 45 48
27 48 48
28 47 46
27 47 45
28 49 46
27 51 45
26 51 45
26 52 46
25 50 46
24 46 46
26 48 43
26 50 42
25 49 43
24 49 44
24 49 44
24 47 41
24 47 40
24 48 41
24 48 42
23 48 43
24 48 42
25 48 43
24 49 43
24 49 43
21 50 40
24 48 39
23 47 38
23 48 38
22 47 37
19 48 38
14 46 41
17 46 42
19 45 42
18 44 44
18 43 44
19 42 45
19 41 43
18 40 44
18 41 43
15 42 42
14 41 42
14 40 41
16 39 40
18 41 40
16 43 40
16 42 40
16 42 41
14 43 40
15 43 41
17 42 40
14 42 41
16 41 40
15 40 40
16 40 40
14 40 40
15 40 41
15 39 42
15 41 41
15 39 42
15 40 42
15 41 42
15 40 40
16 40 40
15 40 40
16 40 40
16 41 42
15 39 40
17 41 41
16 40 41
14 40 41
16 41 40
14 41 39
16 40 40
15 41 41
15 42 40
16 41 41
16 40 41
14 41 41
16 41 40
14 41 40
15 42 40
15 40 40
16 40 41
15 41 40
16 41 41
15 40 41
15 41 41
15 39 40
15 40 41
14 42 41
14 41 40
14 41 41
15 41 40
15 40 41
15 40 41
15 41 41
16 40 41
16 41 41
15 42 42
16 40 41
15 40 40
15 40 41
16 40 41
15 41 41
16 40 41
15 40 41
