35 28 33
26 32 53
27 32 52
28 33 52
28 33 53
28 33 52
27 33 53
27 33 53
28 33 52
27 33 53
27 33 52
28 32 53
27 33 53
26 31 52
26 33 52
28 33 53
29 32 52
28 34 53
27 32 52
27 34 52
28 33 54
28 33 52
28 33 53
27 32 53
27 34 53
27 33 52
27 34 52
28 32 52
27 33 53
28 33 52
26 33 52
28 32 52
26 33 53
28 33 53
28 34 52
28 30 52
27 33 52
27 34 52
27 33 52
27 33 52
27 32 52
27 33 52
27 32 53
28 32 52
27 33 52
26 33 53
27 33 52
28 33 52
27 32 52
28 33 54
28 32 53
27 31 51
28 33 52
27 33 52
27 32 53
28 32 53
27 33 52
27 33 52
27 34 52
28 32 52
29 32 53
27 33 52
27 32 53
27 33 52
28 32 52
27 33 51
27 34 53
28 33 52
27 33 53
28 33 53
26 32 52
28 32 53
27 32 53
27 33 53
27 32 52
27 33 53
26 33 53
28 34 52
27 33 53
28 33 53
27 32 53
24 32 56
18 32 52
15 35 51
24 34 47
26 34 50
31 36 52
46 19 63
27 33 59
12 30 50
19 29 48
26 27 49
23 24 49
19 26 48
21 25 49
21 26 46
21 24 48
16 23 49
17 26 45
16 25 45
16 24 44
16 24 43
17 24 43
14 24 40
15 26 39
15 23 40
12 28 36
11 27 37
14 29 36
12 31 35
10 31 35
13 29 32
13 31 32
9 32 31
7 32 33
12 27 32
7 33 30
16 30 25
15 38 29
13 38 32
16 36 31
12 35 32
10 36 28
12 34 31
10 32 35
9 32 35
11 30 35
12 28 36
13 28 37
12 26 36
12 23 35
17 25 37
16 25 37
15 25 39
16 26 40
16 27 39
16 26 38
15 25 38
13 27 39
9 27 40
13 28 40
14 31 38
14 33 41
12 35 40
11 33 39
12 31 39
15 33 38
15 33 40
12 34 41
12 34 40
12 35 40
13 33 39
13 34 39
13 33 39
14 32 39
14 31 39
13 32 38
14 31 40
14 32 40
14 30 40
13 32 40
13 32 41
13 33 40
14 32 41
14 32 41
14 30 41
13 31 40
14 31 40
14 33 40
13 32 40
14 32 40
12 33 39
13 32 39
14 33 39
14 30 38
12 31 40
13 32 39
14 32 39
14 31 41
12 32 40
12 33 39
13 32 39
13 31 40
13 32 38
14 32 39
13 32 39
12 31 39
12 30 40
14 30 39
13 31 40
14 31 39
14 31 40
11 32 39
14 32 39
13 32 38
14 34 39
13 34 39
14 33 39
14 34 39
12 35 38
13 34 39
13 34 39
13 34 39
13 35 38
12 34 38
12 35 38
11 34 39
11 34 37
9 37 37
9 34 38
12 35 36
13 35 38
16 35 39
16 34 41
18 33 42
14 35 38
13 36 35
13 35 35
12 36 35
13 34 36
11 34 37
12 33 38
12 34 38
12 35 38
13 35 37
12 35 37
12 33 37
14 34 37
13 32 38
11 34 38
12 35 38
13 35 37
12 35 37
13 34 38
13 34 38
12 34 37
12 33 38
12 35 38
12 35 37
12 34 38
12 34 38
14 35 37
12 35 37
11 34 37
12 35 37
12 33 37
13 34 36
13 35 36
12 34 38
12 34 36
