18 37 50
20 39 48
20 35 49
22 38 49
23 39 46
19 38 46
17 40 50
20 33 47
21 38 49
19 34 46
18 36 49
19 36 50
21 38 49
20 36 47
19 37 48
18 38 47
19 38 47
19 39 47
18 38 47
19 39 47
20 38 47
20 37 48
20 38 46
18 39 47
19 38 47
19 39 47
19 38 47
19 39 48
14 41 52
10 39 47
16 35 44
20 33 43
24 38 41
25 34 50
26 42 48
25 45 49
17 42 43
12 36 48
16 42 43
17 34 42
16 39 46
18 35 45
16 37 46
13 41 47
14 39 47
18 33 48
27 30 49
33 24 46
22 37 51
15 39 51
10 36 46
18 36 44
18 33 45
19 29 47
18 46 46
14 29 47
18 35 44
17 35 45
15 33 44
16 36 43
21 38 44
21 36 49
20 37 51
21 41 49
22 40 46
22 40 47
22 46 48
23 42 49
24 45 49
25 46 47
22 51 45
21 42 50
23 44 45
19 42 42
28 43 46
23 44 50
22 46 53
22 41 47
25 42 45
22 45 44
19 40 46
15 49 47
10 55 42
15 52 43
17 54 38
24 51 35
31 47 35
37 45 36
37 39 38
33 41 45
28 30 51
35 34 56
33 35 52
26 36 49
26 46 52
25 46 53
23 47 46
22 45 55
23 41 58
22 46 53
18 47 45
20 42 37
18 51 42
21 49 41
25 46 40
25 55 42
27 52 41
28 52 35
27 48 38
26 43 36
25 46 40
27 45 40
23 51 46
19 56 56
26 59 56
32 56 49
44 49 46
51 44 41
51 47 46
39 58 53
34 44 48
30 34 26
26 37 26
17 39 47
8 39 56
10 35 58
5 19 50
10 26 46
18 53 42
17 40 42
16 39 45
13 37 40
13 44 38
15 42 41
15 41 33
12 43 31
10 40 33
15 39 26
10 36 26
14 42 35
16 37 25
14 33 26
12 39 27
9 40 28
15 43 29
11 45 23
14 47 32
15 45 29
16 45 31
17 43 34
18 40 37
14 37 33
9 43 37
12 42 39
16 37 40
13 31 41
12 30 38
15 27 43
13 29 39
15 26 40
15 29 39
15 33 40
15 31 41
14 34 40
14 33 43
16 34 43
15 32 43
15 32 41
12 31 42
10 34 42
4 34 45
6 29 39
15 29 38
13 35 37
10 40 36
16 44 35
14 45 34
17 48 35
18 49 33
19 46 33
19 46 34
16 44 36
15 44 36
10 41 34
7 35 35
12 36 34
13 38 31
15 40 30
14 37 31
11 40 34
12 38 36
13 39 31
14 39 31
13 38 30
12 39 31
13 37 32
13 38 31
11 35 30
13 37 31
14 38 31
12 39 31
13 38 30
12 37 32
13 40 32
14 37 30
11 39 31
11 38 31
12 34 31
12 36 32
12 37 32
12 37 31
12 38 30
12 36 31
11 36 31
12 35 31
11 36 31
12 36 31
12 35 31
12 36 32
12 35 31
11 36 31
12 35 32
13 37 31
12 37 32
10 37 32
11 35 31
12 36 32
13 37 32
