36 33 44
35 44 49
37 44 49
38 44 49
37 44 49
37 44 49
37 45 47
38 43 49
38 45 49
37 44 48
38 45 48
37 45 49
38 45 48
37 45 49
37 43 48
38 43 49
37 45 49
37 43 48
37 45 49
38 45 49
36 44 49
37 43 50
37 42 49
37 42 49
36 43 50
37 42 50
38 43 50
35 44 50
37 44 50
36 45 49
36 44 49
38 44 50
36 43 49
36 43 50
39 42 49
36 42 49
37 45 52
37 41 50
35 38 52
33 39 51
35 41 52
38 41 51
35 49 47
45 38 48
43 33 47
36 44 53
38 44 49
39 43 52
40 38 48
39 40 52
35 39 53
33 40 52
33 40 53
31 42 53
29 38 51
29 42 49
26 46 49
27 48 44
23 44 45
22 46 48
22 47 45
20 47 45
22 46 44
20 47 46
19 46 46
19 46 44
18 46 45
18 41 41
16 40 47
16 39 37
15 41 44
21 34 47
26 34 47
21 38 47
16 38 44
19 41 46
15 39 42
17 43 34
12 43 35
12 43 35
7 41 32
10 43 31
13 43 30
12 42 28
13 42 28
7 35 28
12 33 22
14 30 23
14 34 26
15 32 31
14 35 32
16 35 32
10 37 31
8 40 32
16 37 33
17 40 34
13 40 33
15 39 33
13 40 33
13 39 34
13 37 34
13 37 34
6 39 32
15 38 35
14 40 35
10 32 39
14 36 36
13 37 34
12 37 34
13 37 35
12 35 34
12 35 35
12 37 35
13 37 36
12 37 34
13 38 34
12 36 35
12 37 35
12 36 35
12 36 34
13 38 33
12 37 34
13 36 34
12 37 35
13 37 35
11 37 35
12 37 35
12 38 34
12 38 35
12 38 35
11 39 37
