30 27 52
30 28 52
30 27 53
30 27 52
32 26 52
30 28 52
31 27 52
29 26 51
32 28 51
31 27 53
30 27 52
30 27 52
31 26 52
29 27 51
31 26 52
30 27 52
31 28 52
32 26 51
30 27 52
29 28 52
30 27 52
31 26 52
30 26 53
31 29 53
32 28 51
30 27 52
32 28 51
31 28 52
30 26 52
30 27 52
31 27 53
31 28 52
31 29 52
31 27 52
30 29 52
29 26 52
30 28 52
30 27 52
31 27 52
30 28 53
31 28 53
31 28 52
30 27 51
31 27 53
31 29 52
31 28 53
31 30 52
31 27 53
30 28 54
30 30 51
30 27 52
30 30 54
30 31 54
30 30 54
31 30 53
31 31 53
32 32 52
34 30 51
34 28 52
33 26 52
33 26 53
30 27 52
28 26 53
26 27 50
28 28 52
30 30 52
32 30 51
30 33 53
29 32 56
30 32 58
31 27 55
36 27 52
38 29 48
37 29 47
36 26 50
36 26 51
35 27 53
32 28 53
32 29 53
30 29 52
28 26 53
26 25 52
27 30 52
25 30 51
20 30 49
23 27 51
23 29 53
22 32 52
20 30 51
19 27 51
21 29 51
24 31 49
24 32 50
23 30 50
23 31 49
23 31 51
24 33 48
24 32 50
23 31 49
23 31 50
21 31 49
21 30 49
18 32 47
17 32 48
18 31 47
19 35 45
17 38 43
16 36 41
16 35 43
15 40 44
14 41 46
15 42 45
17 42 45
20 43 44
20 44 44
21 44 45
20 46 44
21 45 45
21 45 44
23 46 45
22 47 44
24 48 45
26 49 47
24 48 47
24 47 45
26 47 44
26 47 44
27 49 44
27 48 44
27 48 46
28 49 46
26 48 45
26 49 45
26 48 45
26 47 45
26 47 45
26 47 45
27 48 44
27 47 44
28 50 45
29 48 43
28 47 44
26 49 45
25 46 47
26 42 46
23 44 44
23 45 46
23 40 47
25 41 52
23 46 50
20 44 46
21 45 46
18 46 46
17 44 42
14 44 40
13 44 39
9 47 39
11 43 38
14 41 40
17 39 40
17 40 39
17 41 38
18 39 36
17 43 40
18 42 40
18 40 43
17 41 42
19 40 43
20 40 41
20 39 42
19 41 44
19 41 45
19 39 45
17 39 45
15 41 45
13 40 46
14 39 43
16 38 43
17 37 42
16 37 43
14 38 42
15 37 42
15 37 42
14 35 43
15 36 43
14 36 43
15 37 43
15 35 42
16 37 42
15 35 42
13 36 42
14 36 42
14 35 42
14 36 42
15 37 42
15 36 42
15 36 42
15 35 41
15 37 41
15 35 43
13 36 42
16 35 43
14 38 42
16 36 41
13 35 41
14 35 41
13 35 41
15 34 40
13 36 41
15 35 41
15 36 41
14 35 42
14 35 41
15 35 41
14 36 42
15 35 42
14 35 42
13 35 41
15 36 42
15 35 41
14 36 41
14 35 41
14 34 40
13 34 41
14 34 41
13 35 42
14 34 43
15 35 41
14 35 41
14 35 41
14 35 41
14 35 41
15 35 41
14 35 41
14 33 40
14 34 40
12 35 42
12 34 41
14 35 40
14 35 42
14 35 41
13 36 41
15 35 40
14 36 42
15 36 40
