44 27 49
44 28 49
43 28 50
44 29 50
43 29 50
42 27 50
44 27 50
44 28 49
46 27 50
43 28 49
44 27 49
43 28 50
44 28 50
44 27 49
44 29 49
44 28 49
44 27 50
45 29 50
43 28 49
43 29 50
44 27 49
44 28 50
43 27 49
43 28 49
44 29 50
43 27 49
45 28 50
43 28 50
44 28 49
43 28 50
43 28 50
44 28 50
43 28 49
45 28 50
44 28 49
43 28 50
44 27 50
43 28 49
44 28 49
43 28 51
44 29 50
45 27 50
43 27 50
44 26 51
44 30 50
43 29 48
43 28 49
42 27 49
43 27 46
49 26 51
45 25 47
43 26 47
45 24 49
46 25 46
45 25 49
41 24 48
42 23 49
43 21 51
46 25 54
43 26 52
37 24 46
34 18 38
42 18 36
47 19 39
45 22 39
55 23 46
50 25 41
49 28 40
44 27 39
50 22 45
50 43 57
46 30 49
49 43 52
46 39 52
45 28 46
43 28 43
46 30 46
48 37 51
50 33 48
46 29 46
45 21 46
43 22 44
38 28 50
46 32 50
58 28 49
47 24 46
51 41 46
56 39 43
51 31 45
60 35 48
53 36 50
42 42 55
34 36 51
31 26 49
27 28 46
28 24 45
33 23 48
34 23 52
33 24 51
33 23 52
31 24 52
31 25 49
32 23 50
30 23 49
29 22 50
29 25 52
28 25 52
30 27 52
27 27 52
27 25 51
27 25 51
26 24 53
24 25 50
19 25 46
21 29 47
23 28 49
24 27 50
27 29 52
28 28 57
29 30 56
27 33 53
23 32 50
23 26 48
25 31 52
25 32 52
22 30 53
24 29 50
26 27 50
24 27 51
24 24 49
23 23 50
20 21 48
22 21 47
23 23 45
24 26 49
24 26 50
23 26 49
21 29 48
22 30 51
24 31 52
26 31 53
28 31 52
27 32 52
27 33 51
26 34 52
29 35 53
29 34 54
29 35 52
27 37 52
27 36 51
29 36 51
26 36 51
27 37 51
27 37 52
26 38 52
26 39 51
26 40 51
26 39 51
26 41 52
26 39 52
27 40 51
29 42 52
30 41 52
29 39 51
29 39 50
30 42 50
30 40 52
28 40 52
29 40 52
29 42 53
28 40 53
28 41 52
28 42 51
29 43 50
27 44 51
27 42 49
27 43 50
26 43 50
26 43 48
28 43 47
26 43 48
27 44 48
26 42 47
26 42 45
26 45 45
24 45 45
23 48 47
22 49 48
22 50 46
22 48 42
22 48 41
22 46 41
21 44 42
21 47 42
22 48 43
22 48 43
23 48 43
23 48 43
21 49 43
22 47 43
22 47 42
23 45 44
22 46 43
23 42 42
22 43 41
20 42 42
16 44 43
14 44 43
15 41 43
16 41 43
17 42 42
17 41 43
15 41 42
15 40 41
15 40 42
16 40 43
16 40 42
16 40 42
16 41 42
16 41 43
16 40 42
16 40 42
15 39 40
15 40 42
15 40 42
17 39 42
15 39 42
15 39 42
16 40 42
15 40 42
15 40 42
15 39 42
15 40 41
15 40 42
16 41 42
15 40 42
14 40 41
15 40 42
16 40 41
14 39 41
15 40 41
15 40 41
15 40 41
16 40 40
15 39 41
15 40 41
16 41 41
16 40 41
16 41 41
15 39 41
15 40 41
16 41 41
16 40 41
16 40 42
16 40 42
16 40 42
15 40 42
15 40 41
16 40 42
15 40 42
15 39 42
15 39 42
16 40 42
16 40 42
16 40 42
16 40 42
15 40 40
15 40 42
15 40 41
16 41 41
16 39 41
16 41 41
14 40 41
15 40 42
16 39 41
15 40 41
15 40 41
15 39 42
