44 29 49
46 27 50
45 26 49
45 26 50
45 27 50
44 28 50
45 28 49
44 27 50
45 28 49
44 29 50
44 28 49
45 28 50
43 28 50
44 28 50
45 29 50
44 27 50
43 28 50
44 27 50
44 28 51
43 28 49
44 29 49
44 28 49
45 28 50
45 28 50
45 27 49
44 27 49
44 26 49
44 27 49
44 29 50
44 28 48
44 28 49
44 28 49
44 28 49
45 28 49
44 27 50
44 28 49
44 26 49
44 28 49
44 27 50
45 27 50
44 28 49
44 27 49
43 28 49
44 28 49
45 28 50
43 27 49
44 28 50
42 28 50
43 28 50
43 28 50
44 27 50
45 26 50
44 28 50
43 28 49
45 28 49
44 29 50
44 28 49
44 28 50
44 28 49
44 28 50
43 28 50
44 30 50
44 28 50
45 26 49
45 28 48
45 28 49
45 28 49
45 29 48
46 29 48
47 29 48
46 30 48
47 28 48
47 28 47
46 25 50
42 26 48
40 25 51
39 28 54
43 26 55
47 27 50
44 29 45
38 22 35
48 18 35
52 21 35
46 18 34
48 24 39
50 23 46
47 22 46
45 24 44
46 26 48
47 24 49
47 27 54
46 30 49
49 28 48
48 25 47
47 27 46
46 25 46
55 25 47
49 19 46
59 18 42
56 25 40
46 29 44
29 22 43
24 23 47
27 23 49
33 23 51
36 23 51
37 28 50
38 32 51
37 32 55
38 31 54
38 31 53
36 29 53
35 29 51
32 29 53
32 27 51
38 29 50
33 34 53
32 33 53
34 33 54
33 32 53
29 32 53
29 33 53
25 34 54
28 31 54
29 31 54
26 32 53
25 35 50
28 38 50
30 43 54
34 43 54
35 44 52
35 41 52
33 38 51
28 34 48
18 35 54
18 31 55
22 28 53
29 28 54
30 30 52
27 33 51
26 32 50
27 32 50
33 34 49
32 35 51
31 37 55
29 38 53
27 37 54
28 39 55
30 40 54
29 41 52
30 39 49
30 41 47
30 40 47
32 41 47
32 42 51
28 40 51
28 41 52
25 42 50
26 42 49
25 44 48
25 44 47
23 44 45
25 45 46
23 45 47
25 46 47
25 47 47
24 47 48
24 45 49
27 45 47
25 46 46
25 47 47
26 44 47
26 46 47
25 46 46
26 46 47
26 48 47
25 49 46
26 51 46
25 52 44
25 49 47
24 45 47
24 47 46
24 46 43
24 46 41
24 45 41
21 48 43
21 47 42
21 45 41
20 44 42
20 46 42
19 48 41
21 49 42
22 47 42
21 46 44
19 44 43
19 45 40
18 46 40
18 46 40
19 47 40
20 46 39
21 46 40
20 46 41
21 48 41
20 44 41
18 43 41
18 42 41
16 43 41
14 43 42
16 44 41
16 42 41
16 42 42
16 43 40
16 42 41
17 41 41
16 42 42
17 40 41
15 41 41
17 41 41
15 41 41
17 41 42
17 41 41
17 41 40
17 41 41
16 40 42
15 42 40
16 43 41
16 41 41
16 41 41
16 40 41
15 42 40
16 43 41
17 43 41
15 42 41
16 41 41
16 42 41
16 42 42
16 41 42
16 40 41
16 41 41
17 41 42
16 40 42
16 41 41
16 40 41
17 41 41
16 41 42
16 41 41
16 40 41
15 41 42
16 41 41
16 40 41
15 39 42
15 41 42
16 41 40
15 41 41
16 41 42
16 42 41
15 40 41
16 41 41
16 41 42
16 41 41
16 42 40
17 41 41
16 41 40
16 42 41
17 41 40
15 42 41
16 41 41
16 42 41
16 42 41
15 42 41
16 42 41
15 42 42
16 40 41
16 41 41
15 42 42
16 42 41
16 41 41
16 41 41
