38 44 50
36 43 50
36 45 49
36 43 50
35 44 49
36 43 50
36 44 50
36 44 49
36 43 49
35 43 50
36 42 50
35 43 49
35 43 50
37 44 50
36 43 50
36 43 50
35 43 50
36 44 50
35 43 50
36 44 50
37 43 50
37 44 49
35 42 51
36 44 50
37 44 50
36 42 49
36 43 49
36 43 50
36 44 49
35 43 51
35 43 51
35 43 49
36 43 50
37 43 51
35 43 49
36 42 50
36 43 50
35 44 50
36 42 50
36 44 50
36 43 49
36 44 49
36 43 50
36 43 50
36 44 51
37 43 50
36 43 50
36 43 50
36 43 50
36 43 50
35 43 50
35 43 50
36 43 49
36 43 50
36 43 50
36 44 49
36 45 51
36 43 50
36 44 50
37 43 49
36 44 50
36 42 50
35 44 50
37 44 49
36 45 51
36 43 50
35 43 50
35 45 52
39 43 51
39 44 49
41 37 47
43 37 46
41 37 46
38 39 48
32 43 58
34 35 53
29 56 48
36 56 38
40 39 40
50 39 48
35 25 50
35 45 52
48 44 54
37 39 53
40 40 49
38 38 51
39 33 48
39 35 48
34 30 48
32 43 54
26 44 57
20 40 51
19 52 55
17 34 35
28 35 36
31 39 60
31 44 45
15 30 48
16 40 47
18 38 43
16 39 45
15 42 47
18 39 44
17 38 42
15 41 42
14 40 42
14 42 41
12 40 39
12 40 36
12 37 34
13 37 32
10 36 33
7 37 29
5 34 24
9 32 21
10 31 24
8 29 27
13 30 27
15 27 27
16 28 27
18 29 28
22 31 31
21 34 33
18 34 33
10 35 33
9 34 34
11 35 36
11 32 35
13 32 35
13 37 35
12 38 34
10 37 35
13 38 35
11 40 34
11 38 33
14 39 34
10 39 33
10 37 33
12 38 33
12 37 32
12 38 33
13 37 33
13 38 31
13 38 32
11 39 32
15 40 36
12 39 36
12 36 36
12 36 35
12 38 34
13 38 35
12 38 35
15 36 35
13 37 37
12 38 36
11 40 36
13 40 37
12 38 39
14 38 37
13 38 36
13 38 35
13 38 36
13 38 37
12 38 37
12 37 37
14 37 37
13 37 35
12 38 35
13 37 36
13 38 35
12 37 37
11 37 36
12 37 36
13 37 35
12 37 36
12 38 36
12 38 36
11 37 37
13 38 36
13 37 36
13 37 35
14 38 35
12 39 35
12 38 37
13 38 36
12 37 37
12 38 37
12 38 36
13 37 37
11 37 37
13 37 35
12 36 36
13 38 34
13 36 36
12 36 35
13 37 35
13 37 35
13 37 35
13 37 34
12 37 36
13 38 36
13 36 36
13 37 36
13 37 36
13 38 37
12 36 36
12 36 36
14 37 36
12 36 35
13 37 36
12 37 35
12 36 35
13 36 35
13 37 35
13 37 35
13 38 35
12 36 36
13 38 35
12 38 35
12 37 35
13 37 36
13 37 36
13 38 36
13 37 35
12 36 36
13 37 35
12 37 36
