12 37 35
12 38 34
13 37 34
12 36 35
11 37 35
12 38 34
12 37 35
12 37 35
13 38 35
12 36 35
12 37 35
11 37 35
12 37 35
12 36 35
12 37 34
12 37 35
12 38 35
12 37 35
11 37 34
13 38 34
12 38 35
13 36 36
13 36 35
12 37 35
12 37 35
13 37 34
11 38 35
11 38 34
12 37 34
13 37 35
12 37 35
11 37 34
11 37 35
13 37 34
12 36 35
12 38 35
12 37 35
11 36 35
12 36 35
13 39 36
13 36 34
12 38 35
13 38 35
12 36 35
12 37 34
12 35 35
12 37 35
12 37 34
12 37 35
12 37 35
12 36 35
12 37 36
11 38 36
12 39 37
11 41 38
11 42 38
13 43 38
14 44 38
17 46 39
20 47 40
24 46 40
24 46 39
24 45 40
23 45 39
20 45 39
19 41 42
19 42 43
17 46 44
17 45 45
17 44 44
18 45 44
17 47 41
17 52 49
15 47 41
15 47 44
18 56 39
26 56 37
31 57 36
36 55 34
39 52 37
42 47 38
45 53 38
46 46 38
46 44 38
46 40 39
43 41 39
38 41 41
38 44 43
42 46 47
45 41 44
47 30 47
48 30 38
44 24 47
48 23 43
44 25 38
48 28 46
59 24 53
61 23 45
56 27 35
52 37 36
46 44 42
40 47 43
35 48 39
39 38 49
44 38 48
47 32 40
44 27 42
45 22 40
42 21 44
45 1 52
53 7 56
61 16 57
61 25 45
53 34 36
45 37 27
35 45 39
32 43 49
32 45 52
34 46 50
41 43 42
45 24 43
48 29 44
45 19 47
46 20 38
45 22 33
40 3 40
40 6 42
50 10 58
57 13 53
58 25 38
49 36 35
38 39 37
34 40 47
30 36 52
28 36 55
34 36 56
38 42 50
38 40 49
39 22 45
47 27 41
44 23 40
45 19 33
44 18 31
39 0 46
42 11 43
56 21 39
59 26 33
60 40 32
58 46 33
58 54 33
52 49 34
49 43 36
47 55 35
44 41 32
36 40 36
42 45 40
40 53 39
40 49 39
39 49 40
39 54 41
34 32 52
36 45 40
40 61 46
45 63 45
52 59 31
51 43 30
49 41 32
51 45 35
44 45 37
38 45 41
42 44 35
40 49 40
41 52 39
34 35 49
36 47 45
35 42 43
41 53 51
51 62 39
49 46 34
48 43 33
46 42 33
45 42 37
41 46 39
40 45 40
35 45 39
37 51 45
31 50 47
33 40 38
32 61 45
45 62 46
43 51 44
48 45 34
53 40 34
54 33 32
51 34 39
47 44 31
40 42 44
39 46 39
29 47 45
25 42 42
25 50 43
32 56 50
36 62 43
51 56 43
57 56 38
52 43 38
46 30 37
43 36 40
36 33 38
36 38 44
48 44 44
61 22 53
61 23 50
52 31 43
43 34 40
38 42 38
32 39 40
44 18 56
53 40 50
62 23 58
57 26 45
45 31 36
36 38 40
34 36 46
39 19 47
44 19 41
42 14 35
38 0 38
48 8 59
51 18 51
53 27 44
48 34 41
42 41 43
36 32 38
37 23 43
46 19 40
41 14 49
47 14 51
53 17 34
51 27 30
53 51 36
52 62 32
52 62 36
50 52 33
43 42 31
38 34 31
29 37 46
37 42 48
37 60 62
44 54 47
47 43 33
41 35 29
27 32 46
39 42 41
40 49 63
44 60 56
46 45 31
36 36 30
31 51 42
37 45 40
31 52 40
34 56 54
46 58 51
51 63 37
45 56 33
32 38 32
27 1 41
32 59 43
37 42 42
33 52 46
36 56 46
42 57 45
49 49 43
52 54 41
52 55 32
53 38 31
48 30 33
44 23 34
39 19 29
38 16 34
40 24 26
44 4 28
49 35 46
58 16 53
55 21 44
48 25 36
40 22 32
40 22 42
41 21 35
49 33 44
56 18 53
56 21 45
52 31 40
49 40 39
45 44 42
45 41 45
45 42 47
44 39 45
39 23 42
41 24 40
44 23 45
54 27 51
61 20 60
58 24 47
47 30 40
35 28 33
37 28 48
43 25 37
53 15 40
56 22 60
53 28 52
47 26 37
44 25 46
38 23 38
53 23 48
54 26 47
60 28 35
57 29 37
56 39 35
53 43 37
48 46 37
45 48 39
44 45 42
45 44 42
48 42 41
46 35 45
45 26 41
42 18 41
47 26 42
46 24 45
49 25 43
51 24 40
56 29 39
61 34 37
59 35 39
56 50 30
49 51 29
44 51 35
44 48 36
46 45 33
47 45 42
45 47 36
43 46 37
38 48 47
38 48 42
37 48 43
36 47 41
35 46 57
34 52 58
40 60 52
44 58 43
37 52 31
32 37 36
28 42 48
38 52 41
39 51 47
39 50 50
34 47 40
34 47 38
38 51 41
42 51 41
42 54 35
45 49 36
46 49 38
43 51 39
42 44 35
40 57 31
32 60 36
29 54 37
24 54 42
20 49 42
20 47 42
20 45 43
18 44 45
19 42 44
18 43 43
18 42 44
19 43 46
19 45 47
18 44 46
18 42 46
18 43 47
16 39 44
15 40 43
17 42 42
21 40 42
23 48 40
23 44 39
22 45 41
21 44 42
18 42 40
10 42 39
9 43 37
13 41 35
9 38 34
12 37 37
8 19 51
11 42 38
13 38 30
13 38 34
12 39 33
11 39 33
12 40 33
14 39 34
13 38 34
13 37 35
12 38 36
12 36 37
14 40 35
12 39 34
13 39 34
12 39 35
11 40 33
13 40 34
12 38 35
13 37 35
12 38 36
12 38 35
12 38 34
13 38 34
12 39 34
12 40 34
11 39 35
11 39 35
13 39 34
13 39 34
12 39 34
12 38 34
13 38 35
12 38 35
13 38 34
12 38 34
13 38 34
12 39 34
13 38 35
13 39 35
11 38 34
12 38 34
13 38 35
12 40 35
12 38 34
13 39 35
13 37 35
13 37 34
12 39 36
12 39 35
13 39 34
12 38 34
13 39 35
14 39 35
12 39 34
12 39 34
13 38 35
12 38 35
11 38 34
12 40 34
12 38 34
12 39 34
13 38 35
12 39 35
12 42 35
