29 46 48
29 47 46
28 46 47
27 46 47
29 47 46
29 45 47
28 46 47
29 47 47
28 46 47
28 47 47
28 47 47
29 47 47
28 47 46
28 45 47
29 48 47
28 46 46
28 45 47
27 46 47
28 46 47
29 47 48
29 46 47
31 47 45
32 49 45
31 49 44
32 49 45
32 49 46
33 49 46
33 49 47
33 48 48
34 47 48
33 48 48
33 39 50
31 39 52
27 41 53
32 35 52
32 33 56
32 33 52
35 33 55
34 46 58
38 48 55
40 48 51
39 41 47
39 37 42
37 29 41
38 27 45
41 24 47
42 34 51
44 33 51
46 33 50
46 33 49
45 31 49
43 29 46
45 22 44
49 19 43
56 28 48
54 35 52
47 39 48
37 36 46
31 31 50
43 21 44
43 31 50
45 35 49
40 29 49
42 35 46
48 21 42
47 17 39
45 15 39
42 17 41
44 18 39
51 15 44
56 28 51
50 34 49
44 40 48
41 45 46
37 38 51
38 26 48
42 27 47
43 28 48
40 23 45
44 20 41
41 23 40
41 27 44
52 25 50
55 36 56
50 39 52
44 45 49
42 40 51
40 34 45
37 29 46
41 30 47
42 26 46
37 18 43
43 27 44
45 21 47
43 20 50
47 22 50
53 20 53
55 26 55
50 30 45
44 33 42
38 31 37
34 29 39
41 29 38
44 21 35
42 11 32
42 15 39
42 12 38
49 20 45
52 29 47
54 41 49
52 54 41
44 51 45
43 43 45
35 32 42
35 37 51
37 37 49
31 35 48
29 26 50
32 28 48
30 29 56
36 29 49
39 38 52
48 43 58
49 44 54
46 44 52
46 40 46
40 39 47
39 31 46
36 40 49
35 38 49
35 37 48
35 42 51
36 39 51
35 36 50
37 41 54
38 38 50
39 39 53
39 37 54
41 30 52
45 34 57
46 36 53
43 42 53
39 41 48
36 35 46
31 15 37
33 41 54
37 36 51
38 35 55
38 34 52
38 34 52
38 37 57
43 38 56
46 39 52
47 36 50
47 35 47
44 32 42
44 30 37
50 13 38
46 19 38
47 23 37
45 12 32
41 7 35
42 20 39
44 19 40
45 17 42
45 17 47
44 22 49
44 26 55
43 31 52
41 33 52
41 33 51
41 32 52
40 35 52
40 33 51
40 34 52
40 34 51
40 33 51
40 33 50
39 33 52
39 36 53
39 35 52
39 36 51
38 37 52
40 39 52
40 39 52
41 38 52
40 37 52
40 39 52
41 38 53
41 40 53
40 43 50
40 40 51
41 37 49
42 40 49
41 30 50
41 27 50
38 22 48
39 16 46
37 15 42
39 13 38
39 18 41
38 21 45
37 18 45
38 24 49
40 21 49
42 19 51
41 30 51
40 30 51
39 33 49
38 28 49
37 30 52
36 35 53
41 25 53
41 19 53
40 19 52
41 17 46
40 17 42
39 18 40
37 18 44
37 18 49
38 23 49
38 25 50
42 28 49
40 36 54
38 35 52
38 30 51
36 33 50
35 33 51
35 36 53
39 28 51
39 29 49
41 28 50
43 30 50
45 37 50
47 39 54
47 40 55
45 44 54
43 41 52
42 27 47
42 19 43
44 17 40
43 9 38
46 17 42
45 18 42
44 31 44
43 35 47
46 37 48
46 38 48
46 38 48
42 38 48
40 40 48
38 35 48
38 35 49
37 36 52
39 39 51
38 43 52
39 43 50
40 44 49
37 47 45
37 45 46
37 51 45
36 46 44
34 54 42
34 55 41
33 53 42
31 52 41
32 52 41
33 52 41
31 52 42
32 59 40
30 54 39
31 52 39
30 52 42
31 53 43
31 50 43
33 50 44
31 50 44
32 47 47
30 47 47
32 43 48
30 46 49
31 48 48
35 47 46
39 49 49
42 52 49
39 49 47
42 41 42
44 34 40
47 33 41
53 31 43
48 32 46
49 32 44
49 33 46
48 27 44
50 30 45
50 32 45
49 30 45
50 31 45
49 31 44
49 32 45
50 31 46
50 31 45
50 32 44
49 31 44
49 30 45
49 31 43
49 31 44
49 31 43
48 31 44
50 31 43
49 30 44
50 31 45
50 31 45
48 31 45
49 31 45
50 31 44
49 31 45
50 31 45
50 31 44
49 30 43
50 30 45
48 29 43
