13 39 32
11 38 31
11 38 31
13 39 32
13 39 32
12 39 31
13 39 34
13 39 34
10 36 37
11 41 36
12 37 35
13 38 32
12 38 33
12 39 33
13 39 33
13 38 35
13 36 35
12 37 34
13 39 34
13 38 34
12 38 34
12 38 35
13 37 34
11 37 34
13 38 33
12 36 34
12 38 35
13 39 36
10 40 35
11 46 36
12 47 38
16 46 37
20 47 36
22 47 37
22 47 35
21 44 37
19 44 37
18 44 40
16 42 40
15 41 41
14 42 42
14 43 44
15 42 43
15 43 43
15 46 42
17 46 43
17 50 41
21 55 39
23 56 38
29 58 37
33 56 36
37 50 38
42 49 41
43 46 43
43 46 43
42 42 43
40 40 43
39 38 45
36 40 46
37 39 47
37 42 49
38 42 48
41 42 45
43 29 45
45 21 41
44 20 37
43 16 44
42 20 45
51 12 52
58 20 45
56 26 41
49 35 40
43 40 44
45 41 51
45 39 51
42 31 51
40 24 44
40 27 46
41 26 42
41 22 38
39 18 40
48 30 51
59 21 62
62 21 43
55 32 34
47 38 36
39 42 39
33 40 45
33 39 51
32 37 52
38 42 51
45 34 50
44 28 45
44 23 46
45 17 40
45 18 38
43 18 34
38 16 37
46 8 51
55 14 49
56 25 42
52 33 38
41 39 34
33 40 48
28 36 51
29 32 52
32 33 52
37 24 51
38 31 52
42 19 46
45 32 44
45 14 38
47 18 37
42 18 35
36 0 45
37 1 47
46 4 54
56 20 47
54 30 37
41 39 34
36 39 36
30 34 44
28 29 55
28 28 57
33 20 55
35 32 51
38 31 49
40 20 43
40 24 41
42 23 35
48 13 29
46 16 26
37 3 36
43 23 33
48 20 34
59 22 26
58 35 29
57 52 38
55 61 41
52 59 40
50 48 38
47 42 37
45 41 37
45 47 40
44 36 37
39 42 43
37 44 45
31 46 44
20 53 57
28 42 43
46 63 50
49 60 43
50 48 34
49 37 38
47 35 40
46 40 40
38 41 44
36 45 41
35 41 48
32 42 44
27 36 53
34 44 44
32 60 53
34 62 44
41 51 40
47 46 40
48 39 41
43 34 49
43 45 44
39 41 43
38 42 41
35 46 45
28 35 43
24 48 53
35 57 52
52 56 45
56 54 36
55 44 33
51 35 34
47 34 32
39 37 47
37 30 51
35 43 60
44 46 49
54 42 35
52 38 32
47 26 31
44 41 47
37 42 57
35 46 61
46 46 50
49 45 34
44 39 32
34 56 51
36 41 39
35 48 43
31 45 47
27 55 52
44 54 48
51 61 46
51 49 37
53 42 34
50 34 36
46 33 37
48 45 37
39 42 43
34 42 43
31 42 44
21 37 49
17 51 51
26 59 48
47 61 47
50 59 45
52 50 36
51 40 35
47 35 37
40 34 40
35 37 43
31 40 41
49 44 49
62 25 51
62 23 53
56 28 44
49 30 40
39 32 37
31 36 35
38 8 49
49 13 41
53 5 47
53 1 49
53 22 42
44 27 35
36 29 33
33 16 39
42 15 24
43 8 28
45 24 37
58 14 48
58 19 44
51 31 36
45 39 40
40 47 39
36 47 48
33 46 52
34 41 51
39 18 53
43 35 44
46 23 42
47 14 40
52 27 46
46 21 43
43 24 39
40 27 37
54 11 55
61 16 48
54 22 42
46 31 38
35 26 35
36 30 35
42 0 31
43 22 29
43 7 23
51 34 46
60 16 58
54 20 46
45 24 37
36 25 33
31 32 27
38 29 15
37 7 27
53 7 50
60 15 48
58 18 43
48 25 41
39 28 38
44 25 36
50 28 45
56 40 48
53 44 49
48 41 49
44 36 49
43 33 45
40 29 42
40 22 42
37 24 37
39 23 47
57 21 55
60 13 62
58 21 48
51 28 37
39 29 35
35 28 27
36 31 30
42 17 23
45 19 37
57 23 38
60 30 34
57 41 27
48 50 29
49 58 34
47 62 42
45 55 38
44 47 38
43 46 35
39 17 43
37 50 41
37 45 40
38 43 42
27 60 63
37 52 58
43 61 46
40 48 40
32 43 40
26 38 43
36 24 46
40 53 54
51 49 50
48 55 43
40 48 38
36 45 37
29 39 43
35 47 37
37 47 39
39 55 44
40 50 45
41 60 46
37 56 45
38 52 45
41 49 43
38 53 39
32 48 38
29 51 38
22 49 42
15 44 41
13 43 43
14 43 46
16 42 46
17 43 44
16 43 42
16 42 45
15 41 45
14 42 43
14 43 43
15 43 39
18 42 39
21 44 40
23 44 41
23 44 39
19 44 42
15 44 43
12 42 37
11 43 35
11 44 36
12 42 36
11 39 35
10 29 42
12 42 32
12 37 30
13 36 34
14 39 34
12 39 33
10 38 34
11 38 34
13 37 34
12 38 33
13 38 34
12 38 34
13 38 34
11 39 34
12 39 34
12 39 33
11 38 34
12 39 33
14 40 35
13 39 33
12 39 33
12 39 34
12 38 34
13 40 34
12 40 34
13 40 33
12 38 35
11 39 33
12 39 34
11 39 34
12 39 33
13 39 35
12 38 34
12 39 34
13 38 34
12 39 34
11 39 34
12 39 34
12 38 34
13 39 34
12 39 34
12 38 35
13 39 34
13 37 34
11 39 35
12 38 35
12 39 35
12 39 35
13 40 35
11 40 35
11 43 36
13 48 39
17 49 39
21 44 38
