12 38 36
12 38 36
12 39 36
11 38 37
13 37 36
13 39 35
14 38 35
13 37 35
13 37 35
12 38 36
12 39 35
13 38 35
13 37 35
12 37 36
13 38 35
12 38 35
11 38 34
12 38 35
13 38 36
11 38 35
11 37 36
12 37 34
12 39 35
12 38 35
12 38 35
12 37 36
12 38 35
13 37 35
14 37 34
12 38 36
12 38 36
10 39 38
11 41 38
11 44 42
13 50 39
19 50 38
23 49 38
25 50 35
25 48 35
27 46 36
25 50 35
26 52 34
25 56 32
26 51 31
27 51 31
26 53 29
26 51 32
25 54 31
26 56 31
31 51 29
31 61 30
35 56 31
37 48 32
35 45 32
35 45 35
35 50 32
37 57 32
36 57 32
37 55 32
36 55 32
36 54 33
38 49 33
38 53 33
41 49 38
41 54 37
43 54 38
43 52 40
45 54 36
47 52 38
47 49 36
45 42 36
44 40 39
41 42 38
39 42 40
40 42 45
43 35 51
45 34 45
45 34 43
45 22 43
56 18 54
63 21 47
58 30 38
49 34 33
40 40 41
35 43 45
38 37 55
44 31 42
47 31 44
50 16 52
61 17 54
59 24 46
55 28 31
48 32 32
39 36 36
27 40 44
37 36 43
47 30 40
44 13 37
46 21 38
51 26 49
62 15 56
62 19 46
56 26 39
43 33 35
27 34 31
36 9 58
45 13 35
48 26 29
41 0 32
50 15 48
62 20 60
54 20 48
51 29 38
42 30 32
32 31 36
30 19 33
46 30 35
37 0 26
41 44 37
58 12 63
58 15 54
50 26 42
39 28 38
31 30 33
30 21 34
40 25 26
41 0 26
34 32 26
50 15 51
58 12 42
55 21 35
54 36 39
49 46 38
45 51 42
41 50 46
38 50 45
38 45 40
43 40 44
45 33 41
42 21 37
43 24 36
48 1 47
46 23 42
62 25 57
62 22 45
55 27 34
50 36 35
43 41 42
40 43 44
43 38 47
41 20 41
39 16 40
44 26 38
46 11 48
46 26 43
55 28 47
62 21 45
57 30 41
60 44 38
59 46 40
57 41 39
49 39 44
39 33 41
36 31 36
37 22 39
41 21 36
46 19 37
42 10 48
54 10 60
62 15 56
56 24 43
45 30 34
30 32 33
26 25 28
39 17 33
43 23 17
37 1 26
51 0 43
57 15 40
57 26 26
51 43 27
48 53 38
50 59 43
49 61 46
47 52 41
46 43 37
44 38 32
41 35 22
38 35 40
38 38 43
30 22 50
25 40 63
45 53 62
54 46 46
50 40 32
46 38 30
40 0 46
39 43 40
33 29 49
25 33 63
42 49 63
50 51 48
47 40 35
42 35 30
40 1 53
40 40 42
42 43 45
31 42 63
42 41 63
48 46 50
49 47 36
44 42 33
42 36 36
38 40 35
33 40 46
38 42 45
39 48 44
31 58 60
35 41 51
43 57 63
47 61 49
47 52 37
42 37 35
41 36 32
37 55 41
40 43 44
42 52 47
38 39 43
27 58 61
25 53 56
39 61 58
48 61 42
46 45 38
47 37 34
45 35 36
43 53 46
42 35 41
41 42 43
37 47 47
27 40 59
28 14 26
28 45 59
26 47 53
38 57 55
48 53 44
49 42 36
50 33 36
47 35 37
44 54 49
42 39 44
37 42 48
39 47 46
36 42 44
33 46 49
30 23 52
30 40 47
21 55 62
34 53 58
44 50 52
46 44 38
44 39 42
43 41 33
42 45 46
40 47 45
36 43 43
32 43 43
34 46 46
35 48 50
29 43 57
32 36 42
30 38 43
28 50 63
39 59 59
42 54 44
42 46 39
38 37 36
31 36 33
33 43 47
39 44 45
38 46 49
27 27 50
24 47 47
22 53 48
27 61 51
34 59 49
44 55 38
52 50 37
54 39 38
54 35 38
50 28 38
40 24 33
35 23 24
40 15 24
45 25 27
42 14 27
38 4 28
49 9 48
59 14 54
57 24 44
51 27 37
41 26 36
32 27 32
37 18 35
43 18 31
42 15 43
51 6 47
60 18 44
58 30 40
51 37 40
49 36 42
45 45 48
44 42 48
42 40 45
41 34 44
40 25 36
40 21 37
47 24 35
44 21 45
47 20 46
50 19 45
55 24 41
57 29 36
56 38 34
52 48 37
49 49 42
48 48 43
46 46 42
46 44 41
44 30 40
45 43 44
46 46 40
38 42 49
40 44 48
41 47 46
42 42 45
41 42 48
41 42 50
39 40 48
37 45 44
35 36 53
38 30 35
33 50 55
33 28 46
33 38 51
35 39 49
37 40 53
42 43 56
39 42 53
38 43 49
35 49 50
33 44 48
31 44 49
28 46 49
24 44 50
23 42 49
21 42 49
22 39 48
23 42 48
23 40 49
23 40 50
24 40 50
22 42 49
18 43 47
20 44 46
23 42 45
28 39 45
30 38 42
29 40 45
26 44 48
23 43 47
17 45 44
17 46 44
14 44 40
10 44 39
10 43 38
9 39 35
12 39 34
14 40 35
13 39 35
14 39 35
13 38 35
13 39 35
13 39 35
14 38 37
12 38 36
13 38 35
13 38 35
13 39 35
13 39 35
13 38 37
14 38 35
12 38 35
10 38 36
13 38 37
14 38 35
13 39 35
13 39 35
12 38 34
12 39 35
13 37 35
13 38 35
13 38 36
13 38 35
12 37 36
13 39 37
12 39 36
12 38 36
13 38 37
12 39 36
12 38 35
13 37 35
13 37 35
13 37 35
12 38 36
12 37 36
12 38 36
13 38 35
