13 38 36
62 13 39
12 39 36
12 39 35
12 38 35
12 40 35
13 38 36
13 37 36
14 39 36
13 39 36
12 38 35
14 38 36
13 38 35
13 38 36
14 38 36
12 38 36
12 39 36
12 38 37
13 37 35
13 39 36
12 37 35
12 37 36
12 37 36
12 37 36
13 37 35
13 38 35
13 38 37
12 38 37
12 38 36
13 38 36
13 38 36
13 38 35
12 38 36
12 37 34
13 37 35
13 39 37
11 39 37
11 40 39
7 46 43
11 48 45
19 49 47
27 46 44
32 40 44
36 40 44
35 38 44
31 42 48
28 44 47
25 44 49
25 44 50
24 42 45
23 43 50
20 47 48
26 47 52
29 57 49
37 57 48
42 52 45
45 44 39
47 41 38
48 41 42
44 38 38
42 39 40
42 38 42
43 42 44
44 42 45
48 40 43
47 36 45
47 32 39
44 19 35
45 3 43
54 24 51
60 17 51
62 24 42
58 31 35
47 33 38
38 37 37
32 40 39
35 32 53
46 28 44
45 31 40
43 19 34
48 0 56
55 7 59
63 12 54
60 20 47
52 31 35
38 28 35
27 37 42
35 15 50
42 17 35
46 19 30
43 7 22
46 36 47
56 8 62
58 18 50
48 29 39
35 31 32
28 33 35
35 25 31
43 14 29
38 15 18
40 3 22
47 0 61
53 8 50
48 26 42
44 26 38
36 34 41
39 10 54
37 21 28
41 6 27
41 22 45
54 10 47
53 24 47
50 35 40
46 40 43
41 44 46
39 46 47
42 42 50
42 35 45
42 24 40
41 16 40
43 25 38
43 9 43
53 7 45
58 20 41
57 28 30
53 40 38
55 50 43
52 59 46
49 44 40
44 43 37
45 41 36
44 50 41
42 30 36
31 31 37
22 23 63
37 32 63
50 45 55
50 39 40
44 42 34
42 7 36
40 39 45
48 42 45
30 17 61
34 25 63
45 41 59
44 45 45
45 30 34
42 0 45
39 37 43
44 40 50
41 39 45
35 32 54
33 52 63
39 20 55
44 45 63
48 47 51
41 40 43
36 36 31
34 29 33
38 38 45
45 37 49
42 48 47
35 41 51
31 38 58
36 31 48
40 52 63
46 53 56
50 48 44
49 39 39
48 36 38
50 36 39
45 37 52
47 36 44
41 39 41
35 45 49
38 39 49
36 41 49
31 26 52
33 45 54
30 41 57
37 49 61
42 55 48
44 42 45
45 44 41
45 39 44
41 33 51
38 44 48
38 46 48
38 43 45
36 45 46
36 44 48
31 31 54
34 34 56
33 46 63
40 52 54
43 46 45
39 40 44
35 39 37
31 42 49
33 41 44
27 20 52
28 51 54
29 52 53
42 53 51
52 58 47
54 47 45
54 40 39
51 33 39
44 29 36
38 24 34
38 24 25
42 20 21
43 27 24
41 1 22
45 27 39
58 8 54
59 15 44
52 28 38
43 29 36
35 29 31
35 19 36
41 15 25
45 25 41
56 12 45
57 21 43
53 30 39
51 38 39
44 43 46
45 41 48
44 36 47
41 36 44
41 26 38
40 23 38
44 21 41
43 22 44
53 10 54
60 13 55
60 19 45
54 24 38
45 28 37
36 30 35
33 28 29
39 15 32
42 18 24
39 11 35
47 9 44
51 23 44
52 31 37
55 38 37
50 46 40
46 43 47
43 41 48
37 39 48
31 43 53
30 41 53
25 47 54
24 42 52
23 46 52
24 44 50
24 43 50
26 41 49
25 41 50
25 43 49
25 40 49
22 44 49
21 44 48
23 45 49
28 44 46
32 41 45
32 41 43
30 43 44
27 41 49
20 43 45
17 46 46
15 41 40
10 43 40
8 44 38
12 39 39
11 41 35
12 38 32
12 37 35
13 37 34
13 38 35
12 38 35
13 39 34
13 39 34
12 39 35
12 38 35
14 38 34
13 38 35
13 38 35
12 38 35
13 38 35
12 39 34
12 38 35
12 40 35
13 37 36
12 38 34
14 39 36
13 40 35
13 38 35
13 37 35
11 37 35
12 38 35
14 38 35
13 38 36
12 39 35
13 38 36
13 38 36
13 38 36
12 39 35
11 39 35
13 38 35
13 38 35
13 39 36
12 38 36
13 39 36
9 43 36
11 48 39
18 48 37
22 46 39
23 45 40
22 43 40
24 42 43
21 41 44
22 42 48
21 43 47
22 42 46
22 39 46
24 37 50
25 39 51
25 38 52
29 37 52
30 37 54
31 37 53
27 36 55
33 34 56
33 36 53
34 35 50
