11 37 34
13 37 36
12 36 37
11 38 36
12 37 35
12 39 36
12 36 35
13 36 36
12 37 37
13 37 36
11 36 36
11 35 37
11 35 36
11 35 36
13 36 35
12 35 35
12 36 36
13 36 37
13 37 38
12 35 37
11 34 35
12 34 35
12 36 36
12 35 37
13 35 37
11 37 38
13 36 36
12 36 36
12 38 37
12 37 37
11 36 37
13 37 37
11 36 37
11 36 36
13 35 36
13 37 36
12 38 37
12 35 37
13 38 35
13 36 36
12 37 37
12 38 37
12 38 37
14 37 35
11 35 36
12 35 36
12 36 36
12 36 37
13 37 36
12 38 35
12 37 36
12 37 36
12 39 36
11 41 37
9 42 38
9 48 42
13 47 41
21 48 44
25 48 44
31 43 44
33 44 45
33 43 46
31 41 47
25 43 46
25 45 49
24 40 48
25 43 50
24 40 51
23 52 52
25 56 49
33 57 48
38 52 44
41 52 39
44 45 37
46 43 38
47 43 37
47 42 40
46 41 40
45 42 40
42 42 41
43 42 37
47 37 45
51 35 44
48 30 44
48 24 39
48 24 35
41 20 41
58 18 47
62 20 44
60 28 40
53 39 33
44 41 36
35 41 41
36 39 43
42 27 46
47 30 46
44 27 42
44 19 35
44 4 50
60 11 54
62 17 51
59 22 41
52 32 37
42 32 37
32 39 41
30 39 40
41 21 41
44 27 38
44 16 39
46 0 37
53 1 60
59 8 55
52 21 46
43 31 40
31 34 32
35 6 44
41 21 35
40 19 27
40 0 19
38 47 36
56 14 62
55 19 51
51 30 37
43 30 36
33 28 40
27 34 30
41 15 35
41 21 21
36 1 29
44 1 43
48 13 32
51 22 35
54 40 34
55 51 41
52 53 44
47 56 47
44 51 47
46 45 47
46 41 44
47 41 38
47 40 34
48 4 43
45 40 43
44 38 40
24 26 59
31 33 63
43 48 63
46 51 47
47 44 35
44 35 28
43 3 42
40 45 45
46 47 43
30 30 62
37 36 63
50 54 56
47 42 42
39 35 36
36 16 41
41 43 37
41 48 49
43 44 45
36 41 53
32 48 59
37 35 54
40 50 62
44 55 47
39 44 44
36 42 37
38 38 36
40 15 39
38 46 42
41 50 44
39 51 49
30 41 56
32 41 45
39 60 54
41 60 41
47 52 39
52 43 37
55 38 37
55 36 38
45 39 36
43 41 42
45 45 41
37 41 48
36 45 47
35 42 47
34 40 45
30 42 56
29 39 48
30 48 62
40 55 54
49 47 51
48 42 43
47 39 42
44 29 40
43 39 46
43 39 41
35 42 47
34 48 45
33 46 49
33 13 45
32 43 55
30 49 61
33 45 59
38 51 58
41 49 47
43 39 44
42 33 38
39 37 41
34 51 48
37 36 45
34 48 50
27 8 38
24 55 55
28 61 54
36 45 53
43 56 55
48 53 48
52 51 41
54 42 40
51 32 38
46 28 35
39 25 33
42 1 36
42 19 25
40 23 27
44 0 23
45 25 51
55 15 55
54 18 45
51 26 38
45 25 35
39 26 35
38 27 35
42 19 28
40 0 31
43 22 51
46 18 47
50 21 38
52 32 36
50 39 40
45 39 41
46 43 44
43 41 47
35 48 45
34 43 51
28 50 52
27 44 52
24 44 54
25 44 51
27 42 49
26 42 48
25 43 47
25 49 56
26 44 51
26 41 50
23 38 47
23 42 48
22 41 47
22 40 47
26 41 45
28 44 42
31 47 42
30 49 41
24 49 38
21 47 40
10 42 35
2 46 36
11 41 40
11 40 41
11 39 37
14 31 38
11 36 36
11 40 34
11 38 34
12 37 34
13 38 33
14 38 35
14 39 35
11 39 35
10 34 39
13 39 38
12 38 35
13 38 35
13 39 35
12 38 35
12 39 34
13 38 37
13 38 36
13 39 36
12 37 36
13 36 36
13 36 35
13 38 35
13 38 35
13 38 35
12 38 36
12 39 35
13 38 35
11 37 36
13 36 36
12 36 36
13 37 36
12 37 36
12 37 37
12 37 36
12 37 36
14 38 37
13 37 37
12 38 36
13 36 37
12 36 35
13 39 37
12 37 36
13 36 36
12 36 36
