26 46 45
25 46 46
25 46 46
25 46 45
25 47 46
26 46 46
26 45 46
25 46 47
26 47 46
25 46 45
25 46 46
25 46 47
26 46 47
25 45 46
24 45 45
27 44 47
30 45 50
28 50 52
33 58 49
31 49 45
32 50 41
28 47 40
23 43 39
17 44 41
14 45 48
23 48 43
25 50 45
25 47 47
23 51 40
23 53 46
25 62 48
29 58 49
35 51 45
37 44 44
40 34 37
42 26 37
44 17 38
48 14 39
46 23 40
48 22 45
48 21 41
42 26 47
43 24 50
43 23 50
39 29 51
38 25 58
42 34 53
43 31 48
44 18 40
43 18 33
47 25 37
42 19 42
42 22 41
36 17 49
37 18 54
38 19 50
33 27 59
41 32 52
42 29 43
44 16 33
37 0 33
33 16 44
35 18 48
35 21 51
38 19 53
37 18 51
35 18 56
34 35 57
40 28 50
42 15 38
45 5 25
38 15 40
39 24 45
39 21 47
36 15 54
34 21 49
35 23 57
39 36 52
40 23 46
43 15 34
51 2 25
39 15 42
39 22 38
33 25 46
30 22 52
34 29 55
39 38 57
45 35 43
47 25 39
45 20 44
44 21 47
43 25 48
50 33 52
41 17 53
42 27 48
43 23 46
41 3 48
42 17 51
44 24 53
45 29 41
41 30 44
37 11 52
35 19 51
40 21 45
41 21 52
39 8 54
43 19 53
42 26 48
44 22 41
40 27 42
22 9 55
37 17 45
40 25 50
37 17 52
37 18 53
40 18 49
43 18 45
45 21 37
40 25 39
41 16 35
36 11 43
40 22 38
38 0 48
40 18 51
41 16 47
41 13 44
41 17 34
33 26 23
37 17 32
42 23 26
44 8 36
43 25 42
47 9 49
45 6 40
41 15 33
35 26 36
35 40 41
41 20 26
42 15 26
44 11 26
46 9 25
53 10 41
50 14 42
46 15 39
42 17 32
38 19 34
38 9 35
42 12 25
43 15 29
47 13 27
49 13 37
49 24 45
48 19 45
42 14 35
39 18 36
33 7 29
40 10 29
41 14 19
44 13 29
44 13 25
43 17 29
45 13 28
48 13 26
49 23 46
50 15 45
46 18 40
42 18 37
35 0 58
40 8 38
44 13 31
43 9 44
44 18 46
45 18 45
45 16 43
41 27 36
42 33 50
41 20 46
43 7 46
42 21 50
42 21 48
42 22 49
41 28 40
33 27 55
41 25 45
41 18 49
41 17 44
44 21 49
43 22 48
42 28 41
30 19 59
36 23 54
42 10 52
44 11 49
48 22 47
45 20 40
43 28 39
26 18 50
40 17 50
38 21 46
43 17 41
37 27 49
39 22 53
39 28 57
33 22 62
36 40 56
40 35 45
45 19 32
45 7 21
37 20 38
37 25 50
40 16 50
44 14 50
43 19 50
42 22 47
40 37 53
41 26 44
43 8 32
41 0 30
38 16 41
41 23 44
36 25 48
34 22 56
33 20 53
33 23 59
36 34 57
40 28 45
46 16 35
46 13 31
38 24 43
38 24 51
40 20 47
39 19 45
38 20 47
39 31 49
38 26 52
39 31 50
38 38 44
33 47 49
34 42 49
32 47 46
31 44 46
28 48 47
27 50 48
26 54 49
26 50 46
27 50 46
25 48 45
24 48 45
22 46 46
21 42 47
22 42 47
25 42 46
24 40 48
27 38 49
28 36 49
25 45 45
26 44 52
29 46 50
29 44 50
30 45 52
25 48 51
23 43 45
25 43 50
26 46 53
23 41 52
27 42 48
24 43 49
24 44 48
24 41 49
25 42 49
25 42 49
25 42 49
25 42 48
24 43 48
25 42 49
24 43 49
23 42 49
24 42 49
24 42 49
24 42 48
25 42 48
24 42 49
25 41 49
25 42 49
25 41 49
24 42 49
24 43 49
25 42 50
25 42 49
25 42 49
24 42 49
24 42 49
25 42 49
24 42 49
