35 39 51
34 39 52
36 39 52
35 40 51
35 40 52
35 39 51
35 40 51
36 40 52
35 39 52
35 39 52
35 39 51
34 39 52
35 39 52
34 40 52
35 39 52
35 39 52
35 39 51
35 39 52
34 38 51
36 37 50
38 36 51
35 41 51
33 39 55
32 40 52
31 41 56
33 44 50
31 39 50
27 37 48
23 35 48
17 38 54
22 43 54
27 44 47
27 45 47
24 49 46
22 50 45
22 51 48
29 51 49
28 52 53
33 56 52
36 48 50
38 42 43
43 36 41
42 28 42
42 22 35
45 12 30
44 16 36
40 6 36
44 20 40
47 0 34
44 24 44
44 18 48
44 16 44
42 21 38
33 26 37
40 13 42
46 12 40
45 6 42
42 25 52
43 17 48
42 18 45
40 25 42
38 51 52
46 18 46
41 6 46
39 27 49
42 21 46
42 22 46
42 27 41
38 20 57
42 17 45
38 6 49
40 24 49
42 22 48
42 17 47
42 29 45
40 32 58
43 35 47
38 7 53
42 19 47
43 27 50
44 21 44
43 25 44
44 41 46
39 26 53
42 23 49
36 32 53
35 34 57
35 37 62
39 43 50
41 34 47
42 24 35
45 15 30
42 22 42
41 27 46
37 20 62
44 27 55
41 38 57
41 35 50
42 28 39
45 16 27
42 0 39
46 17 46
44 22 51
45 18 48
44 21 45
43 21 45
42 20 44
40 19 46
38 22 51
36 28 56
39 36 53
44 23 49
48 17 38
34 5 42
38 20 48
38 19 48
37 21 52
35 18 48
37 27 52
38 35 55
43 28 52
44 21 44
43 16 38
41 32 43
38 28 49
36 22 51
35 25 58
37 25 48
37 21 51
37 30 55
42 25 48
45 17 42
52 20 33
36 24 52
37 23 51
38 19 57
40 29 53
37 35 56
41 31 49
45 24 43
46 16 36
47 27 46
39 26 53
39 25 51
39 22 54
37 26 52
40 27 52
41 35 52
43 32 48
46 20 41
48 20 36
31 26 51
36 28 54
38 27 56
39 23 54
37 29 57
39 36 59
42 33 51
44 28 42
43 22 34
45 26 36
34 22 47
38 24 50
36 22 61
37 25 58
37 22 58
36 37 60
40 35 48
42 27 42
41 18 27
36 14 39
38 24 43
40 19 52
36 20 61
40 30 52
36 36 57
41 24 50
41 17 43
44 17 30
27 3 37
40 15 46
40 23 50
39 24 52
34 21 54
36 19 57
37 30 53
41 24 50
42 29 42
45 16 36
43 31 42
41 23 51
42 17 48
40 21 46
37 22 53
34 28 54
37 33 56
42 29 52
45 19 42
46 17 37
40 14 36
39 0 43
41 21 46
42 21 37
44 5 38
44 10 44
46 21 47
43 20 47
40 14 42
40 20 35
34 28 33
40 18 37
45 10 37
45 12 47
47 20 47
44 24 47
39 15 41
34 5 60
35 22 41
45 20 38
44 7 45
41 27 51
45 23 43
39 13 48
43 26 31
38 19 49
42 15 46
39 18 54
44 22 50
45 26 47
40 17 53
42 37 43
41 21 53
42 22 47
42 17 48
39 23 48
40 21 48
42 23 50
45 23 48
44 28 43
41 31 34
37 19 50
43 17 50
41 12 50
44 15 48
46 20 45
46 26 40
42 28 41
40 7 49
37 20 47
40 26 51
37 26 56
39 28 53
36 33 59
43 38 53
44 35 49
47 22 40
45 17 36
32 6 41
39 17 45
40 23 49
39 22 50
37 22 59
39 20 55
36 34 59
40 36 51
41 28 44
44 19 35
49 3 30
39 24 39
38 25 48
38 24 49
39 21 53
36 23 52
39 25 51
40 27 52
43 20 48
43 22 45
41 24 46
42 22 44
43 17 40
54 9 41
39 21 50
36 19 51
40 22 46
39 23 47
36 26 53
38 26 53
38 27 56
41 34 52
41 31 50
43 25 45
45 18 41
46 14 37
42 19 44
40 21 48
43 20 42
41 19 43
41 21 45
38 30 51
40 27 51
41 39 53
40 38 53
39 45 51
37 41 49
34 45 46
30 52 48
30 49 45
27 52 42
26 50 45
25 50 46
26 50 46
24 49 47
22 48 44
23 48 43
23 48 40
23 48 43
25 49 44
27 44 46
25 46 49
25 44 47
22 45 46
21 43 46
25 42 47
24 42 47
24 44 51
27 43 53
30 40 52
32 31 50
32 33 52
31 34 49
27 39 50
27 56 58
36 40 48
32 47 47
34 43 51
34 43 50
32 46 48
31 45 48
29 46 49
30 45 48
29 45 50
28 45 49
29 43 49
30 44 49
29 44 49
29 44 49
29 43 49
30 43 49
29 44 49
29 44 49
29 44 49
29 45 49
29 44 49
29 42 49
29 43 48
29 45 48
30 43 48
28 45 49
29 43 49
30 44 49
28 44 48
29 44 50
29 44 49
28 43 49
28 43 49
29 45 48
28 44 49
