19 31 37
32 36 52
31 36 53
31 37 52
32 36 53
30 37 52
32 38 53
31 37 53
31 36 53
31 36 53
32 36 53
32 36 53
31 36 52
32 37 54
31 36 53
31 36 54
31 37 52
31 39 52
33 36 53
33 39 52
33 40 53
35 42 54
34 36 53
34 35 53
37 36 53
38 36 52
39 47 52
39 47 51
38 45 50
35 45 50
33 44 49
32 41 47
35 41 46
36 41 47
38 39 44
40 41 43
38 40 41
43 44 44
45 47 52
47 46 54
42 44 54
39 43 48
36 44 47
34 40 48
33 36 51
26 34 61
36 52 53
33 40 56
36 51 58
39 49 55
43 46 46
42 41 45
45 35 44
46 31 44
44 25 44
41 21 45
39 18 45
41 19 41
40 26 42
41 22 40
45 14 38
54 8 38
56 13 42
52 22 47
46 25 43
41 24 42
35 17 36
36 22 32
37 17 30
38 17 26
38 9 20
37 12 25
45 7 31
50 14 36
53 22 45
50 24 43
44 31 49
42 31 47
39 31 49
38 26 46
41 28 48
43 19 44
45 16 44
43 17 42
44 17 41
50 18 41
53 25 47
51 28 48
48 29 46
46 29 47
45 30 46
40 32 49
36 28 47
34 29 46
30 29 54
30 15 50
32 21 50
28 9 41
32 17 53
42 32 54
48 33 50
46 32 48
42 24 41
38 25 49
37 22 49
37 26 50
36 18 50
32 18 52
35 15 54
42 23 53
46 26 47
44 22 44
43 25 40
39 24 38
44 16 33
45 18 33
40 19 34
41 13 31
41 18 23
42 10 25
39 4 30
45 13 37
42 11 39
46 15 41
53 22 45
49 29 50
43 34 52
40 31 47
36 32 52
36 29 47
41 29 46
43 13 43
42 17 44
45 20 52
47 26 52
47 30 48
44 28 47
44 32 46
41 17 46
41 19 46
43 14 43
42 11 39
40 15 37
46 15 26
40 15 32
43 16 36
42 10 38
42 18 41
41 25 46
41 29 49
41 25 47
39 26 46
37 26 47
37 25 48
37 28 46
38 25 46
39 29 51
35 30 55
33 30 59
33 31 58
31 30 56
29 31 54
27 28 53
29 33 55
30 32 50
28 33 51
26 37 48
20 36 53
19 23 58
25 31 53
27 31 51
25 31 52
26 31 50
25 27 52
26 28 52
25 31 53
25 30 50
24 29 51
25 30 51
24 29 53
23 30 51
25 30 50
26 30 50
25 30 50
25 30 52
24 30 51
25 31 51
25 31 50
24 30 52
24 29 52
25 30 51
25 30 52
25 29 51
24 30 51
25 31 51
24 29 51
25 31 52
25 28 50
25 29 51
25 30 50
25 30 52
24 31 51
