31 41 51
32 41 52
32 40 52
32 40 51
31 41 51
32 41 51
30 42 51
31 41 51
31 41 51
32 41 51
31 41 51
32 41 51
32 41 51
31 41 51
30 41 51
32 41 52
31 41 51
31 41 52
31 41 52
31 41 51
32 41 52
31 41 51
29 39 52
29 40 53
29 37 54
32 39 54
33 37 44
35 53 42
25 53 49
26 50 46
25 44 47
24 43 47
24 43 48
22 45 45
18 42 46
18 39 47
21 34 46
18 35 48
17 34 47
15 41 48
21 46 45
21 35 46
23 37 48
23 48 46
25 48 48
28 48 49
28 53 45
30 51 45
34 53 41
36 50 41
41 51 40
40 52 37
41 51 37
42 50 39
41 52 38
40 48 41
41 48 42
39 46 41
40 48 43
45 43 42
48 39 43
46 43 41
48 35 31
52 9 51
59 25 50
63 31 49
62 37 38
57 41 32
47 43 33
36 44 32
30 47 43
35 43 45
46 40 43
49 37 42
50 33 39
53 28 46
62 22 56
63 22 48
62 33 31
58 35 33
36 46 34
26 44 39
31 41 44
38 28 48
47 34 45
50 35 40
51 25 43
52 14 49
63 23 54
63 28 49
61 37 35
47 39 36
29 41 40
28 40 40
49 6 52
45 25 41
51 29 42
56 20 43
55 3 47
55 23 54
63 25 58
61 32 46
50 35 37
30 37 34
29 36 39
38 36 47
45 26 41
45 28 35
41 7 30
42 20 54
57 9 58
63 27 54
53 41 46
37 48 48
33 38 37
50 1 42
45 17 34
48 32 35
45 6 23
38 46 45
52 17 42
59 15 29
58 34 20
52 51 22
48 62 29
49 63 37
42 63 42
42 62 41
41 44 29
38 37 34
39 8 39
35 42 46
40 44 45
43 47 46
38 31 61
47 30 52
45 52 63
41 60 52
39 56 40
37 37 31
41 30 33
44 42 43
47 42 42
44 39 45
41 45 50
41 37 54
36 39 62
40 40 62
40 62 55
46 54 40
48 45 31
46 36 31
48 29 32
45 42 45
43 42 46
45 38 46
40 39 51
34 12 45
34 41 62
33 38 55
40 57 56
47 58 43
48 46 37
48 38 30
50 38 34
49 42 43
50 46 39
45 41 43
38 44 45
39 41 47
42 41 48
35 23 55
40 35 47
35 45 61
41 61 55
45 54 45
47 42 35
48 38 34
45 50 47
43 45 43
40 41 46
40 46 44
39 46 51
38 44 50
32 34 45
27 44 56
27 40 54
28 50 61
29 57 54
31 53 46
36 47 46
35 40 44
34 34 46
34 38 50
33 45 53
35 36 50
35 45 51
43 34 45
44 35 50
42 36 50
47 31 45
47 30 46
47 25 42
48 31 39
50 31 33
45 22 39
52 23 48
60 23 54
62 25 41
61 35 27
53 48 28
43 47 33
36 51 41
32 46 44
41 35 49
48 36 44
50 37 41
51 27 43
59 22 50
63 19 47
62 30 36
54 35 32
44 41 35
37 39 37
34 39 39
46 33 40
48 28 35
54 19 37
59 22 50
62 21 51
60 29 39
57 40 28
53 43 30
45 47 33
39 46 38
38 46 48
38 44 47
43 36 50
47 40 44
46 33 40
50 28 36
50 32 39
52 20 42
49 30 47
62 26 49
63 32 51
62 36 36
52 36 32
42 38 34
33 36 35
33 36 39
45 25 42
49 27 35
50 17 42
52 30 45
63 24 39
59 26 28
56 36 27
50 49 30
54 62 31
42 62 38
30 62 41
41 46 41
46 42 35
48 37 30
45 46 34
44 46 37
48 36 34
52 34 41
49 33 63
49 47 61
47 52 42
42 37 28
50 0 34
43 46 34
40 43 43
43 38 51
46 43 63
54 47 56
49 56 44
41 48 37
37 37 32
39 8 37
43 51 47
42 45 46
44 46 48
42 41 38
34 46 55
37 56 61
44 63 49
47 60 35
51 47 28
48 41 28
45 38 34
45 57 44
45 45 40
41 45 45
40 46 45
41 44 45
38 43 47
36 31 48
37 42 51
31 25 57
32 46 62
36 58 52
42 53 40
48 45 35
48 39 39
46 43 40
43 42 45
41 43 44
36 44 46
39 42 46
36 39 46
36 46 46
34 34 49
32 40 49
23 51 53
30 60 53
36 63 41
41 57 34
46 48 38
51 39 33
52 29 33
48 27 35
42 25 31
44 26 44
53 34 36
52 21 44
56 30 45
62 31 47
62 33 42
59 34 35
53 45 22
46 48 28
42 50 33
35 52 38
33 48 44
38 48 48
41 50 44
48 37 40
48 34 38
50 31 35
51 36 43
53 32 43
48 29 49
50 31 46
46 32 50
48 32 51
51 40 55
47 44 51
45 42 45
39 46 48
34 43 47
35 44 48
35 40 44
36 42 46
35 40 46
36 43 49
34 39 49
30 45 52
23 44 52
21 42 52
19 40 52
20 40 51
21 38 54
20 41 53
22 41 48
24 46 45
31 39 43
34 38 48
33 38 53
32 35 53
28 36 53
27 32 48
22 41 61
27 40 50
28 36 53
33 37 52
30 38 53
30 36 52
29 41 53
31 37 52
30 38 52
30 39 52
31 38 52
31 38 52
30 39 53
30 38 52
31 38 52
32 39 52
30 37 52
29 37 52
31 38 52
30 37 52
30 37 52
30 37 53
30 38 53
29 37 52
29 37 52
31 38 53
31 38 51
30 38 53
32 39 53
30 39 53
32 37 51
