12 37 35
12 37 36
12 38 36
13 36 36
11 37 37
11 37 36
12 37 36
12 37 35
11 36 35
12 38 36
13 37 37
12 36 35
13 36 35
13 37 35
12 36 35
13 35 37
12 36 37
14 37 36
13 37 35
13 37 36
12 36 37
13 37 36
14 37 35
12 38 37
12 38 37
11 39 39
11 43 40
11 45 42
15 46 44
17 47 47
22 46 47
28 42 47
31 42 45
32 42 45
31 39 43
27 41 45
26 41 48
26 40 50
22 40 51
25 41 51
25 40 51
23 38 51
22 46 50
23 41 47
26 51 51
30 52 52
34 52 48
39 51 43
42 46 41
48 44 40
50 43 43
49 40 40
46 38 40
44 36 38
42 39 39
41 35 42
45 36 48
45 41 48
46 37 48
48 37 45
46 28 41
44 24 41
45 20 39
48 22 32
46 20 47
52 26 48
59 24 55
60 21 46
56 29 39
52 34 36
45 38 37
39 37 40
35 35 44
38 32 47
46 32 41
46 19 34
43 14 39
47 10 46
54 16 58
62 13 55
58 20 46
53 28 40
44 30 34
36 31 38
36 31 40
36 27 36
39 19 37
44 20 34
46 12 29
49 20 50
57 2 56
57 12 48
50 24 35
38 31 33
27 38 45
32 36 43
41 30 41
42 25 33
44 8 18
41 17 47
53 3 55
53 10 51
50 24 41
45 32 36
40 26 42
29 34 41
38 22 40
49 21 31
43 15 25
43 0 33
40 33 45
48 4 60
55 17 50
47 30 37
39 31 37
26 36 25
40 21 33
43 21 24
42 0 12
40 40 49
55 18 38
59 20 33
52 36 32
54 47 35
56 58 43
56 52 49
47 61 36
46 45 38
39 42 32
37 36 33
40 48 49
43 45 45
43 44 47
34 55 55
30 29 39
31 49 61
32 35 51
40 49 62
47 53 49
48 46 41
50 39 36
46 34 35
41 33 29
39 40 48
42 47 49
36 30 44
23 27 55
22 39 63
31 31 57
42 54 58
48 53 48
52 40 42
51 37 40
47 34 37
40 40 40
24 21 44
32 41 48
40 38 53
38 43 57
27 31 47
33 45 63
35 48 57
40 51 51
41 42 42
42 37 38
41 9 41
34 49 49
33 45 43
21 9 54
27 36 56
30 48 62
40 53 54
48 49 47
48 43 42
49 36 39
48 32 40
38 31 56
46 42 47
43 37 45
38 41 48
38 45 49
38 38 48
34 42 50
29 16 47
29 42 56
27 43 60
32 49 56
41 54 50
43 46 44
43 43 44
43 42 43
40 36 42
36 46 47
34 43 45
34 47 47
35 43 46
34 45 48
28 34 48
22 41 61
32 54 53
35 57 52
39 52 47
41 46 44
40 43 42
44 43 43
40 44 45
39 44 44
39 44 45
36 44 46
35 47 45
35 47 49
34 37 46
32 41 52
27 31 63
31 33 59
33 46 59
37 50 51
42 46 46
39 42 36
38 39 38
33 49 47
32 43 48
31 53 52
26 46 53
27 46 48
26 54 53
28 56 50
38 59 48
46 55 46
53 47 44
54 39 39
47 31 35
42 23 32
35 22 24
38 11 23
41 16 20
43 16 20
44 0 26
42 20 51
53 16 58
50 19 47
47 27 34
40 27 32
37 27 31
44 19 25
42 8 22
36 40 39
50 13 48
52 18 47
49 30 38
44 25 36
35 7 44
41 15 30
45 19 30
45 14 38
47 7 56
51 16 42
49 26 37
49 36 39
47 41 46
46 44 49
42 42 50
41 43 47
43 38 47
41 23 45
42 21 41
43 24 44
48 24 37
44 21 44
47 17 47
52 20 59
55 20 55
52 19 42
48 24 33
40 28 34
40 29 44
45 26 44
48 27 44
50 28 46
49 31 49
46 32 49
46 30 48
47 30 48
47 27 46
47 28 46
47 27 47
48 28 47
47 28 47
48 28 48
48 27 49
49 27 49
48 28 47
44 28 44
42 24 40
40 23 35
40 18 35
43 13 32
47 4 42
48 25 57
51 16 57
49 20 48
43 28 36
39 26 30
33 1 37
42 17 24
37 3 32
41 17 43
49 18 40
51 23 34
50 31 36
48 43 41
44 44 45
39 50 46
34 46 47
28 44 51
25 45 51
25 44 53
26 43 50
26 42 51
23 43 48
23 43 49
24 42 49
23 41 48
25 42 50
22 42 49
20 41 48
20 36 47
21 36 48
24 38 46
27 44 44
27 49 43
26 49 41
24 49 41
20 50 41
17 46 41
14 42 40
10 41 42
10 39 39
11 39 42
11 39 46
13 41 39
11 39 35
12 35 33
10 39 35
14 39 35
13 39 34
13 39 34
13 39 34
13 37 35
12 37 36
12 33 39
14 38 37
13 39 36
13 38 36
13 38 36
13 38 35
12 39 36
12 39 36
13 39 36
13 37 38
12 37 37
13 37 36
12 37 36
13 37 36
12 38 36
12 37 35
12 38 36
12 39 38
12 38 38
12 38 36
12 38 35
12 37 35
12 36 35
12 40 36
13 38 36
12 37 36
12 38 37
12 37 36
14 37 35
12 37 36
12 38 36
12 37 37
13 38 36
12 39 36
13 37 36
11 40 37
10 46 38
12 43 40
18 45 42
