32 20 45
16 43 37
16 43 36
17 42 34
14 43 34
15 44 36
15 46 36
16 46 37
16 48 37
16 43 36
16 50 35
17 50 30
17 48 30
20 48 30
23 51 30
21 52 29
21 51 30
22 54 31
25 51 34
26 50 40
28 49 42
30 53 41
33 55 39
34 53 35
33 54 33
31 51 34
31 55 33
34 52 41
36 55 41
37 56 41
38 53 42
39 49 40
39 51 43
41 50 40
42 48 41
42 45 39
37 41 44
38 40 44
39 40 46
37 47 47
39 41 49
43 38 43
44 28 41
47 33 44
49 12 44
57 14 41
55 34 43
53 38 38
46 45 40
41 44 48
39 41 46
38 45 49
39 43 46
44 26 41
45 20 40
43 20 42
47 18 44
52 20 49
62 26 51
60 27 37
54 38 37
45 39 42
40 44 45
40 45 48
43 37 46
41 29 43
36 24 38
45 30 39
47 13 53
57 23 56
63 25 56
61 32 46
54 36 39
43 40 34
32 42 40
32 41 45
32 41 51
33 44 51
36 42 55
39 29 47
42 36 48
49 28 46
54 0 47
58 19 45
53 31 41
46 38 37
36 42 43
32 40 48
30 40 55
32 43 53
36 25 53
42 27 49
45 32 46
43 23 40
46 13 27
39 4 38
48 20 45
58 13 51
62 22 45
54 30 37
40 38 32
27 31 40
32 28 39
37 39 45
46 50 48
55 57 55
49 57 51
49 50 44
48 45 39
43 40 35
33 48 45
30 43 52
43 16 46
26 49 63
42 52 60
50 51 37
54 35 34
50 25 28
41 34 37
37 37 47
30 31 61
33 38 63
47 53 53
51 49 37
48 36 29
37 21 41
38 42 37
31 39 63
33 16 63
39 45 61
42 53 48
49 49 34
44 36 32
47 1 45
38 38 38
36 46 49
33 27 57
29 31 63
43 49 63
45 53 42
44 42 36
37 10 38
35 52 37
35 49 52
42 43 47
35 16 52
39 44 63
47 51 61
41 60 43
38 40 35
33 37 36
26 37 40
35 39 41
26 51 54
28 53 62
46 48 62
51 59 56
51 56 39
49 37 31
45 28 34
34 39 42
39 38 45
42 40 43
33 37 50
29 7 46
25 43 57
37 61 62
48 57 50
48 46 40
46 29 35
48 31 36
39 43 45
42 39 42
37 40 51
42 43 47
40 41 49
38 46 47
30 18 53
29 37 44
20 60 60
36 57 54
45 61 52
48 51 42
48 42 38
47 34 43
43 38 42
39 41 43
37 45 47
37 44 44
32 44 45
25 50 57
28 41 44
28 53 51
34 56 48
38 56 43
38 49 44
38 47 46
39 51 48
39 51 48
41 48 51
44 47 50
47 44 48
46 37 44
43 33 42
42 29 39
38 31 39
39 32 43
44 23 45
47 29 45
48 13 43
52 0 54
57 5 47
56 23 41
52 35 37
45 36 39
37 37 44
33 33 41
42 30 42
47 26 40
45 17 34
40 14 29
52 6 55
61 11 53
58 25 46
50 34 39
39 33 33
30 30 39
35 24 40
46 17 32
44 20 27
50 0 42
53 1 44
60 22 44
55 34 41
53 39 37
43 47 37
40 46 47
37 46 52
38 42 51
40 45 51
42 39 48
45 35 42
44 25 37
46 18 39
46 22 38
46 0 45
45 24 41
55 20 48
61 25 46
56 27 38
53 38 37
48 44 42
41 44 46
39 41 46
40 36 51
42 31 47
41 25 40
38 20 40
43 24 42
47 9 49
52 29 50
62 22 59
63 27 49
58 29 39
46 30 37
35 30 35
33 27 28
42 26 34
46 25 26
54 0 27
51 30 48
60 13 56
52 20 45
47 26 38
37 31 36
37 28 27
40 13 33
41 11 20
39 25 36
54 14 40
62 23 52
56 27 43
44 30 35
39 27 39
40 31 45
50 37 50
48 45 54
42 44 51
41 39 49
42 37 46
41 27 44
42 23 36
42 21 41
48 37 47
62 14 53
62 22 48
53 28 40
44 31 37
33 34 36
32 8 42
44 19 23
43 13 27
46 12 37
59 25 36
56 30 38
56 38 35
49 55 40
42 61 45
44 60 47
42 51 47
46 44 34
45 36 31
43 34 21
36 40 40
31 33 48
32 39 63
43 49 63
52 46 41
49 38 31
43 38 30
34 11 31
32 45 48
35 40 47
32 36 43
28 48 57
35 56 60
43 57 53
49 57 43
50 41 33
46 33 34
46 24 35
42 38 44
39 43 48
38 41 48
37 46 48
35 42 46
33 34 47
30 41 49
31 41 46
33 54 51
39 53 49
42 52 47
42 48 46
40 48 46
39 46 46
40 46 46
40 46 46
44 46 46
44 48 45
46 49 43
44 49 46
44 48 47
41 47 48
41 42 45
45 38 40
44 38 39
39 42 44
38 43 48
37 42 46
36 45 44
31 47 52
33 46 39
32 48 43
36 54 46
38 54 45
35 56 45
39 55 44
39 53 44
40 53 42
39 52 44
37 50 43
36 52 44
35 49 42
32 51 41
32 50 40
31 53 39
31 51 39
31 52 40
31 53 39
32 53 39
30 52 38
30 54 39
29 52 38
30 53 39
