32 37 33
33 37 52
32 38 52
33 38 52
32 38 52
33 38 53
33 37 53
32 37 53
32 38 53
33 36 52
31 38 53
33 37 53
32 38 52
31 35 52
32 36 53
33 39 52
33 38 51
32 39 52
33 39 53
31 37 53
31 39 56
35 44 55
36 43 51
38 39 46
39 44 47
40 45 46
39 42 50
39 39 50
38 38 52
36 39 51
33 33 54
32 31 56
33 34 56
32 31 53
33 28 55
33 29 56
35 32 57
36 37 57
38 39 54
40 39 51
41 38 47
43 35 46
42 34 44
42 30 42
44 29 46
44 26 48
45 24 47
45 29 48
43 26 47
44 27 50
45 29 50
42 28 49
44 22 48
42 27 47
39 21 45
39 17 42
40 14 36
39 8 39
42 8 42
50 17 48
48 21 48
47 29 44
44 32 44
40 27 48
38 25 51
34 30 44
40 23 45
43 29 46
40 24 45
40 26 43
38 19 39
47 14 31
47 11 29
43 7 33
43 15 36
41 10 39
45 11 37
47 16 36
50 32 48
46 29 50
43 33 52
40 28 52
40 28 54
37 17 47
39 18 43
40 18 41
38 9 35
40 13 36
41 13 35
42 16 37
42 20 39
44 4 39
53 9 49
54 21 54
50 29 45
42 28 40
34 25 42
39 15 33
43 15 37
43 18 38
41 19 38
42 12 34
42 14 31
42 12 28
40 7 26
40 10 26
39 17 33
38 6 37
44 14 42
51 15 36
51 27 43
51 36 44
49 41 48
43 39 51
40 16 53
34 34 54
35 33 49
36 27 49
32 23 47
30 25 51
36 24 53
34 25 53
35 24 50
38 25 50
35 27 49
43 25 53
52 36 52
51 34 52
48 31 50
50 17 52
39 35 51
36 32 51
32 32 50
32 32 50
28 33 50
31 25 51
31 28 55
36 30 50
35 24 53
41 27 48
46 35 51
51 36 49
45 35 57
44 27 51
44 37 52
41 39 51
36 34 52
33 34 49
33 37 49
33 35 52
33 36 52
32 30 54
30 36 55
35 34 53
36 33 55
37 27 55
39 30 54
42 29 53
44 30 54
46 31 50
48 33 47
47 32 46
45 26 43
45 20 41
46 2 44
43 19 42
44 18 45
43 26 43
38 23 34
41 5 30
43 14 26
38 12 23
36 9 20
37 13 25
40 13 28
40 16 36
41 9 36
45 17 44
53 20 43
51 29 48
53 31 46
51 35 44
46 35 48
40 31 47
35 37 44
31 25 51
33 29 51
37 13 47
33 21 55
37 22 55
42 27 50
46 26 44
46 29 42
43 28 42
46 22 45
47 27 45
45 28 50
45 31 51
45 22 45
46 12 42
48 17 43
48 22 46
49 31 48
48 34 48
44 29 49
42 25 50
44 21 49
41 21 48
43 25 44
43 10 39
44 13 40
43 14 38
41 15 39
41 15 38
40 12 37
41 13 37
41 13 37
40 16 37
41 12 39
42 15 38
42 11 40
40 16 44
41 21 44
41 22 49
41 27 47
40 24 48
40 23 50
40 21 47
39 20 45
42 17 43
41 11 40
42 12 39
40 12 39
41 13 33
38 12 36
39 13 36
39 14 39
41 18 40
39 16 43
39 20 50
41 25 44
41 24 49
38 25 50
40 24 49
37 23 48
37 23 49
40 14 46
43 14 41
45 14 37
43 11 32
42 15 31
42 10 26
43 16 29
44 13 32
42 12 34
43 10 38
44 18 40
43 18 44
43 19 45
44 23 44
44 20 46
44 23 46
45 22 46
44 20 46
43 25 49
42 29 50
44 36 51
46 35 49
44 42 48
45 28 50
44 30 48
43 17 45
40 26 53
37 33 48
42 18 48
41 21 43
46 26 45
46 21 42
43 18 45
42 21 41
46 22 36
46 19 40
45 9 47
46 8 45
43 21 45
45 23 43
53 32 42
58 35 47
53 31 45
47 30 44
43 27 44
39 25 43
38 24 44
43 22 42
45 23 44
43 17 46
45 14 50
50 17 51
51 22 48
47 34 54
45 34 51
46 34 51
43 32 48
36 27 45
31 34 44
24 16 45
25 30 54
29 31 54
33 28 52
33 25 50
32 18 52
33 27 56
39 30 54
41 33 55
44 35 51
43 34 51
40 31 50
39 14 45
35 33 53
36 29 48
38 29 52
34 23 53
30 20 53
32 27 56
36 28 53
37 28 53
38 27 55
40 29 55
41 29 53
42 28 49
44 28 48
44 28 47
45 27 46
46 25 44
47 21 41
44 18 38
42 17 33
39 1 29
44 16 31
41 17 30
38 6 27
41 18 27
41 11 26
40 13 28
38 10 31
38 11 36
41 15 37
45 13 37
41 13 40
43 14 38
44 14 42
45 20 41
41 22 47
39 26 46
39 33 55
37 48 49
36 42 50
41 46 50
44 36 48
44 33 45
46 35 43
44 37 43
43 41 47
42 42 46
41 44 49
39 46 51
38 46 51
35 48 51
38 41 51
36 34 52
33 35 50
30 36 51
30 35 50
26 29 50
27 30 49
24 31 47
22 37 62
26 33 53
27 30 50
27 34 52
26 33 53
26 32 52
24 31 50
27 33 53
30 32 54
28 32 53
25 33 51
26 34 52
28 33 52
28 33 52
27 33 51
27 32 53
27 32 52
28 33 52
27 31 52
27 32 52
27 32 51
26 33 52
27 33 51
27 33 53
26 32 53
26 33 52
28 32 52
27 32 52
27 32 52
27 33 51
