12 37 34
11 40 34
10 37 33
13 37 35
11 36 33
13 36 33
13 35 33
11 36 35
11 36 34
13 38 33
12 35 33
12 38 34
12 36 35
11 36 34
11 37 35
9 39 39
13 44 40
14 45 40
16 47 40
20 47 41
25 48 42
27 47 41
26 47 41
28 43 43
23 42 44
19 42 45
18 40 49
21 41 49
20 39 49
15 42 49
15 40 48
17 40 45
19 46 44
23 44 40
26 50 41
31 55 38
35 55 40
35 56 41
37 60 40
34 52 38
38 51 36
37 55 38
41 46 38
43 46 38
44 52 37
45 45 41
43 51 37
41 45 41
40 45 41
38 43 43
37 43 43
40 41 45
48 31 45
47 29 47
46 37 49
62 23 46
62 27 39
54 35 37
44 38 36
37 41 44
34 38 47
39 34 47
44 45 43
52 15 50
62 23 54
62 30 41
52 33 32
39 38 38
34 35 42
32 38 45
43 27 47
48 41 44
52 26 55
63 15 51
59 27 39
46 33 33
34 29 39
28 27 44
39 32 38
46 13 34
44 20 40
63 6 63
62 26 43
51 29 32
31 35 37
32 16 60
42 32 38
41 16 33
38 22 38
63 16 63
62 22 51
50 30 36
33 35 33
21 25 20
37 16 32
45 16 27
50 12 29
39 15 49
63 8 63
61 18 50
48 31 35
36 32 34
22 21 20
41 15 35
43 21 26
40 4 18
53 3 63
62 15 55
51 34 41
32 31 32
31 3 41
40 28 31
43 22 22
44 0 17
47 17 58
62 10 60
54 30 45
45 34 32
33 35 40
38 12 37
39 8 15
52 13 62
62 13 42
56 28 43
49 37 37
42 48 38
38 51 40
37 46 48
39 31 53
45 46 42
45 23 32
42 21 42
50 23 35
44 42 44
57 20 59
63 22 44
57 32 31
48 39 37
44 40 41
43 44 46
43 38 46
46 29 41
41 21 45
42 22 36
46 17 49
62 19 53
62 26 51
60 31 42
53 37 35
49 37 38
43 45 45
43 47 44
43 36 45
38 24 39
38 24 38
44 17 38
56 34 54
63 22 59
63 30 49
56 33 37
40 35 36
32 33 36
31 33 31
41 17 31
45 26 24
48 0 39
53 4 46
62 14 25
59 32 37
56 41 30
50 50 39
49 62 47
47 59 45
42 51 38
41 38 38
39 14 29
40 29 43
43 47 47
36 20 41
26 12 63
40 36 62
50 51 48
51 41 30
47 28 31
41 47 43
41 53 42
31 22 56
29 14 63
41 49 63
47 49 45
41 45 34
40 27 33
37 46 50
42 39 45
45 46 44
42 41 46
31 24 63
39 42 63
46 54 45
41 43 34
32 28 26
38 43 39
42 48 44
40 48 50
39 52 46
35 57 47
28 51 55
38 28 53
48 62 63
52 59 51
35 45 24
27 32 28
27 43 44
45 49 42
43 51 51
38 60 49
34 48 56
33 36 42
32 53 62
45 62 53
50 57 43
48 40 36
49 33 33
43 30 30
44 36 41
42 41 40
37 41 48
38 46 46
34 47 48
31 48 41
31 43 51
37 38 42
28 57 63
46 56 59
48 50 42
42 47 39
43 37 37
43 46 48
41 42 43
33 41 46
32 47 43
33 57 40
29 46 52
23 9 50
29 48 62
41 57 57
46 49 49
45 46 39
45 37 39
43 47 46
37 40 43
34 43 43
33 43 44
35 59 42
29 44 57
28 37 46
29 55 63
35 56 58
38 54 48
41 40 39
44 32 33
43 31 32
41 30 43
41 46 44
35 47 43
26 36 48
15 40 63
30 36 59
39 56 58
45 47 42
44 36 35
43 33 33
36 45 48
40 35 45
36 49 47
32 53 51
22 45 63
32 36 59
40 59 62
44 53 42
36 42 33
37 33 34
31 35 49
39 42 44
39 56 48
38 50 46
32 39 56
29 43 47
34 57 58
49 58 45
55 50 41
51 40 35
46 36 41
46 38 41
48 42 41
38 40 49
34 40 46
32 41 45
33 46 43
28 46 59
25 41 43
23 55 56
32 58 48
42 59 50
50 56 38
53 46 37
53 36 34
52 27 35
47 24 35
40 24 28
43 17 32
44 22 22
43 31 22
51 0 28
46 23 40
61 10 57
61 19 41
53 28 35
43 32 37
24 8 35
39 22 28
37 11 23
53 8 51
57 14 46
54 23 37
51 35 37
50 39 41
45 49 45
43 44 45
39 43 47
40 43 47
44 37 45
47 27 36
44 12 35
46 21 35
47 14 41
48 30 43
63 21 61
58 16 47
52 24 35
42 35 35
34 32 30
33 33 30
45 14 28
43 11 26
36 19 31
48 20 42
51 24 47
56 29 39
55 39 41
53 39 42
51 39 39
44 42 39
42 45 43
42 43 44
35 48 46
33 44 48
31 49 49
24 46 48
23 50 49
23 47 49
25 46 49
23 45 47
21 45 46
21 45 45
21 44 47
22 43 48
22 41 48
22 42 50
23 41 47
21 41 46
19 42 47
19 42 46
20 41 45
23 42 45
27 42 48
28 43 44
31 44 45
27 44 45
24 44 45
19 45 44
16 42 42
9 42 38
5 42 37
11 38 36
11 35 35
11 37 35
11 33 36
13 38 35
11 37 32
13 38 34
11 37 34
12 36 35
11 37 34
12 37 34
13 36 33
11 37 35
12 36 34
11 38 33
11 37 34
13 36 34
13 37 33
12 38 35
12 38 34
13 36 35
12 37 35
13 38 35
10 36 34
12 38 35
12 38 34
13 37 34
11 37 33
12 36 34
12 37 34
12 38 35
12 38 35
12 37 35
10 38 35
9 40 35
9 44 37
