12 37 33
11 37 33
12 37 34
13 38 34
14 38 34
12 39 34
11 38 34
13 38 36
11 39 36
11 38 35
12 40 35
12 42 34
14 39 34
13 39 33
15 39 34
13 39 34
14 39 33
12 39 34
13 39 34
11 40 34
10 42 34
7 46 35
6 51 37
17 49 40
26 43 39
31 43 40
29 43 42
27 43 43
20 55 42
16 53 42
20 46 44
20 43 44
18 42 43
19 40 47
18 37 47
19 35 46
16 36 47
16 36 48
14 35 46
16 35 48
17 33 47
19 37 46
18 34 48
16 37 47
14 43 45
17 42 44
27 45 41
34 40 40
43 52 40
40 54 41
42 50 47
39 52 50
41 50 50
40 47 45
41 58 40
43 55 34
44 46 39
46 50 36
43 47 41
44 41 41
41 42 42
40 42 45
38 42 45
41 40 48
41 40 46
45 30 44
44 19 45
49 22 47
56 17 48
62 18 49
60 22 37
52 33 38
38 49 34
38 36 44
30 39 47
42 39 47
45 31 46
50 8 47
62 7 52
62 20 46
55 28 34
45 36 35
34 37 42
32 38 48
37 45 46
45 40 46
51 15 44
58 16 60
63 17 48
60 28 38
49 33 35
35 36 38
27 35 42
33 9 54
41 24 44
53 25 39
52 7 47
60 3 62
60 13 46
50 28 37
32 32 35
27 29 39
34 25 43
47 27 44
40 7 32
48 14 34
63 10 63
62 13 54
50 25 40
36 29 31
27 36 36
28 0 43
47 21 38
46 19 31
43 0 31
56 10 62
55 15 56
55 24 41
44 26 36
34 30 41
29 25 32
42 9 39
41 25 32
39 7 27
40 20 28
49 16 61
61 12 58
58 22 42
45 29 39
31 33 35
39 9 40
37 12 32
41 10 24
40 7 27
45 15 53
61 6 50
57 30 44
49 37 38
41 47 40
38 47 45
38 43 54
37 42 50
39 22 52
41 40 49
45 30 40
44 17 34
40 34 34
41 11 41
54 30 50
63 29 54
62 29 37
52 34 35
43 41 40
37 39 47
41 43 48
40 28 43
39 13 39
39 28 40
47 19 46
49 40 48
61 45 55
62 30 42
56 29 30
47 43 40
40 42 45
41 39 49
38 28 59
40 26 41
38 22 39
43 25 43
50 21 47
50 28 44
46 39 42
55 32 50
63 30 51
63 28 39
55 32 36
49 42 39
40 41 41
34 39 47
35 31 54
40 35 43
45 27 34
40 21 39
47 24 38
45 19 41
62 12 63
63 21 50
57 33 32
43 34 29
32 37 38
31 37 43
42 20 57
41 38 53
52 14 45
56 0 63
58 11 44
49 25 40
38 30 35
28 34 44
29 22 43
45 19 38
46 20 34
49 9 25
39 29 29
57 5 63
63 17 54
51 32 37
35 33 33
28 31 33
19 1 38
44 24 36
46 26 27
34 3 24
47 0 43
57 19 34
58 38 29
48 54 32
49 62 41
49 63 53
50 60 45
46 51 41
44 41 34
42 19 40
38 45 38
38 47 41
34 21 48
24 39 63
42 50 58
49 43 42
45 41 33
44 34 30
40 34 35
34 17 49
21 10 63
39 44 63
48 45 50
44 42 36
35 44 35
33 25 45
40 32 38
38 43 45
27 36 63
41 46 62
47 55 49
44 48 37
38 41 35
33 58 48
40 37 40
37 47 46
32 43 49
29 48 53
33 32 50
35 62 63
47 63 57
54 49 45
44 44 33
27 36 29
22 20 40
32 46 43
40 49 46
38 46 45
30 42 60
30 49 43
36 59 62
50 62 53
51 52 44
49 36 38
47 31 37
42 22 45
40 37 41
34 37 50
34 41 50
40 47 48
37 42 46
31 37 53
29 41 45
18 45 58
30 45 62
43 58 55
46 47 45
45 42 42
43 41 38
41 46 47
35 36 44
32 43 47
33 41 47
31 45 46
25 43 50
27 40 49
33 59 63
42 58 54
44 45 48
46 45 38
46 33 41
47 28 40
44 37 42
34 43 44
32 39 44
23 44 50
16 40 61
21 47 57
26 59 58
34 54 51
35 53 51
36 39 46
32 37 45
36 20 47
34 35 54
36 32 50
36 39 47
43 23 45
44 28 49
38 30 52
44 18 46
46 25 39
41 17 33
48 22 31
37 13 24
42 13 54
60 11 45
59 21 42
51 35 38
42 40 36
32 42 48
30 40 50
41 32 50
43 36 47
45 13 44
54 0 58
56 13 42
51 27 40
40 41 39
34 32 42
38 6 51
42 21 38
42 11 27
43 3 45
52 4 38
57 16 31
55 42 34
51 51 47
50 59 50
48 50 44
44 42 36
41 42 31
36 53 47
36 27 43
30 33 63
39 46 63
43 45 46
40 36 33
37 26 33
31 47 47
35 42 44
33 41 49
21 30 62
29 49 58
44 63 52
49 49 46
51 41 35
49 35 37
45 19 47
41 39 44
36 41 49
30 43 48
33 44 47
32 46 49
23 43 51
21 44 48
26 61 57
40 63 52
47 58 49
45 44 41
45 36 39
41 32 38
39 30 42
41 31 39
45 10 46
43 26 39
45 26 36
60 2 60
62 17 44
54 28 31
47 31 35
37 39 41
29 40 48
35 35 47
44 36 54
62 18 56
61 17 48
50 25 38
38 31 36
30 33 41
36 7 40
44 13 33
46 19 31
44 11 35
56 15 52
62 20 50
61 27 42
53 35 38
45 40 41
39 45 45
37 44 50
35 43 46
43 41 42
45 22 39
43 15 36
38 32 40
57 33 61
63 23 58
62 26 45
53 27 37
40 32 36
32 34 36
36 29 27
44 17 31
45 10 27
36 20 29
50 14 46
51 34 46
55 32 43
55 36 41
52 43 41
47 45 41
43 44 43
39 44 44
37 46 45
34 47 48
28 46 50
26 49 50
24 45 49
22 46 48
21 45 48
23 44 48
23 44 48
23 45 47
24 45 46
23 44 47
22 46 46
21 44 44
21 43 46
20 44 45
20 44 45
20 44 45
19 43 46
17 45 44
20 43 43
23 43 43
24 41 44
24 43 44
24 45 43
24 45 42
16 44 41
17 46 39
15 44 36
12 43 35
10 40 34
10 38 33
11 38 34
13 35 37
14 37 34
14 38 34
12 39 34
13 39 32
11 38 33
12 38 33
13 38 34
13 37 33
13 38 33
12 37 36
12 39 34
11 39 33
13 39 33
12 39 34
13 39 33
12 38 33
12 38 34
12 38 34
13 39 33
13 38 33
13 38 32
13 38 34
13 39 34
12 38 34
13 39 32
12 38 33
12 38 34
13 38 33
13 38 34
14 37 33
12 39 33
12 38 32
12 38 33
13 38 34
12 39 33
13 40 33
13 37 33
12 39 34
12 39 34
11 40 35
8 42 34
5 49 38
10 48 38
