50 32 44
49 31 44
50 32 45
50 32 44
50 32 44
49 31 44
49 30 45
50 31 44
50 31 44
49 31 44
48 30 45
49 32 44
50 32 44
49 30 44
50 31 44
49 31 44
49 30 45
49 31 44
50 31 44
50 31 44
50 31 45
51 30 45
50 31 44
50 31 44
50 32 45
49 31 44
49 31 44
48 30 44
50 30 45
49 31 44
50 29 44
49 32 45
49 36 44
51 37 42
50 37 43
48 36 45
48 35 42
48 33 41
47 39 44
45 41 44
42 51 47
39 48 48
38 46 48
33 45 52
33 40 52
32 40 51
33 38 51
31 42 53
31 41 52
32 44 50
31 48 49
28 46 47
29 52 50
28 50 46
26 50 49
32 55 48
34 51 50
36 50 49
40 43 47
40 42 45
39 37 49
41 27 47
40 27 46
38 21 43
40 24 43
40 26 43
42 28 48
42 27 50
42 27 49
41 31 49
41 28 48
41 26 47
48 22 46
51 20 45
53 27 46
48 36 49
43 35 51
36 42 49
34 42 53
37 38 46
42 33 47
43 28 49
46 29 52
45 26 49
45 22 47
48 18 45
53 22 50
49 27 48
43 26 41
39 26 39
37 23 38
41 21 40
42 19 39
44 15 43
43 19 46
44 18 48
46 20 55
47 22 55
43 22 50
44 30 56
45 35 50
44 35 46
40 35 45
38 23 41
32 37 50
30 29 52
29 30 55
32 27 54
34 27 52
34 26 53
33 30 56
35 37 53
35 32 52
37 22 52
39 24 53
42 21 51
39 19 47
37 16 44
36 15 43
37 17 43
37 14 44
36 14 42
36 18 43
35 19 46
37 17 44
39 19 49
39 17 47
37 17 55
37 24 50
38 28 51
35 32 50
33 35 53
31 32 55
33 33 53
34 34 55
37 39 58
41 23 54
42 20 48
43 14 41
40 14 40
39 13 36
39 18 39
38 16 41
38 18 44
40 21 45
41 15 49
42 23 49
42 26 51
41 29 53
37 33 50
37 28 50
34 32 49
34 26 52
35 22 51
40 21 50
43 12 43
40 11 40
39 10 35
39 14 33
39 12 36
40 16 38
39 11 43
42 27 47
41 29 49
41 27 52
39 30 50
42 28 48
41 29 49
39 33 53
37 37 54
36 40 55
39 43 55
38 41 53
39 34 51
41 28 47
40 28 46
39 24 45
40 27 42
42 18 42
41 13 36
41 14 30
40 24 41
45 13 46
51 14 52
53 17 51
46 21 47
43 26 42
37 25 37
35 23 37
41 35 38
43 21 33
42 11 30
40 8 38
44 16 42
42 15 44
45 17 45
55 20 53
57 27 52
49 29 44
46 30 43
42 29 42
40 28 42
40 23 44
40 23 43
43 21 43
44 17 47
45 17 55
45 21 57
43 30 60
45 34 52
42 40 53
42 38 45
38 33 43
36 37 43
29 27 46
32 38 55
36 37 53
36 34 53
34 36 54
38 34 51
38 35 52
39 40 54
42 40 50
41 40 51
39 42 50
40 41 51
40 37 50
39 42 49
41 44 46
39 43 46
37 47 43
35 49 44
35 51 43
37 53 43
36 51 42
33 52 42
31 52 43
31 54 44
30 51 42
28 51 42
29 51 41
28 50 41
29 49 41
28 52 41
28 51 41
30 52 42
30 47 45
29 47 49
28 45 48
27 46 48
27 50 49
35 52 46
39 52 45
42 45 43
46 42 42
48 36 43
50 29 39
48 33 44
50 38 42
49 40 49
49 31 45
47 34 44
47 39 48
47 38 46
49 38 50
49 37 46
48 35 46
48 37 45
50 36 45
49 36 45
49 34 44
49 36 45
49 36 46
48 35 45
48 36 45
49 35 44
49 35 46
50 37 45
47 36 45
49 35 45
48 36 45
49 36 44
51 36 45
49 35 45
48 36 44
48 36 45
49 35 46
49 37 43
49 35 45
49 36 44
50 36 45
48 36 44
