13 39 36
14 39 37
14 40 36
14 41 37
15 42 38
14 42 36
15 40 38
16 40 38
15 41 36
14 41 39
15 46 40
16 49 40
18 51 37
18 50 36
20 48 36
20 46 36
20 46 37
19 41 40
14 35 40
10 42 47
17 39 47
15 44 43
13 41 48
15 46 46
15 43 52
23 58 57
30 55 55
33 52 52
35 51 51
38 41 44
40 35 39
38 30 34
35 23 30
33 0 36
38 15 40
37 19 47
39 18 58
43 20 58
42 31 59
45 34 45
47 23 29
46 5 25
39 29 33
40 29 35
40 19 52
40 20 52
40 15 51
44 31 50
47 22 38
43 21 29
44 4 23
35 12 30
43 21 42
42 16 43
43 14 46
38 15 46
35 14 47
44 30 47
48 27 40
49 10 25
39 28 30
40 23 40
40 13 45
38 15 46
36 17 51
44 32 50
46 24 45
49 10 28
43 21 28
39 22 46
40 15 44
39 19 54
39 16 44
41 23 46
43 17 39
46 15 31
27 2 32
38 18 42
38 18 54
41 19 53
43 33 60
45 33 47
43 25 39
41 13 37
35 0 58
42 14 46
41 28 49
38 13 56
48 31 39
46 23 36
39 12 33
24 25 39
38 11 39
45 16 32
38 11 41
43 7 40
44 19 37
41 25 31
30 30 61
45 14 33
38 0 39
40 7 37
44 17 37
37 19 28
29 43 35
47 26 26
42 0 32
39 16 37
42 13 37
38 12 32
40 0 37
39 12 27
40 5 21
43 2 21
38 17 36
38 10 33
35 20 29
29 44 40
41 13 24
47 16 19
45 4 17
42 31 41
40 14 41
37 16 31
31 30 41
38 8 24
43 0 19
42 23 40
45 11 37
43 8 36
48 0 50
41 11 37
43 0 35
45 16 36
44 13 36
42 12 38
27 9 51
42 12 38
38 10 37
43 11 40
43 24 44
41 18 35
42 42 35
42 17 46
40 2 42
43 11 39
43 20 45
43 31 41
33 17 55
38 21 43
41 5 45
37 3 44
43 11 43
44 14 44
43 30 42
42 21 31
36 10 49
40 23 41
43 23 46
39 25 58
37 20 55
42 34 50
45 29 43
44 18 32
44 2 22
35 7 38
41 25 43
39 17 55
40 18 61
37 14 53
38 27 47
45 27 37
45 15 22
31 0 23
39 27 42
44 13 42
46 12 40
42 11 45
41 16 50
37 17 53
42 26 43
45 20 33
44 6 21
34 21 36
39 18 41
40 10 45
41 18 56
38 19 52
42 33 47
45 24 35
44 10 27
46 34 29
40 23 37
38 18 48
40 10 55
36 3 54
39 24 53
43 30 44
46 22 34
50 29 16
38 4 35
41 20 34
34 18 50
35 0 49
41 24 55
46 33 44
46 20 37
46 10 27
39 22 31
42 15 36
40 17 43
36 19 50
35 16 48
50 24 42
49 28 42
50 9 28
43 0 41
40 14 44
39 22 48
40 18 51
41 26 58
36 26 60
42 36 48
45 28 35
45 10 26
45 0 34
39 11 37
39 19 41
40 18 51
37 1 60
38 27 61
44 36 50
45 30 43
46 24 34
44 15 29
41 17 37
41 25 43
39 23 38
31 19 39
28 23 47
31 29 42
33 35 42
40 36 43
42 44 44
45 49 47
41 55 47
40 47 43
35 59 58
16 63 45
19 52 34
24 59 36
22 50 38
20 52 34
18 51 38
20 52 35
21 51 36
22 48 38
21 47 41
19 47 40
17 50 39
18 46 40
17 43 39
15 42 40
15 45 41
15 41 40
13 43 42
13 46 42
16 46 40
21 43 40
20 41 40
21 47 38
19 37 39
17 43 39
10 43 39
9 46 35
12 45 34
13 43 35
13 44 32
14 41 33
12 41 32
11 42 34
11 39 35
14 40 35
16 38 38
15 42 38
19 47 39
20 49 39
17 47 40
13 44 38
11 35 39
16 44 38
12 40 38
14 45 38
15 43 38
16 44 38
17 44 38
16 44 39
16 41 39
16 43 39
16 41 39
15 42 39
13 41 38
14 39 37
13 41 37
13 40 38
13 39 37
15 41 36
12 40 36
13 41 35
14 41 36
13 41 36
13 40 37
13 41 36
14 40 36
13 40 36
14 40 36
15 41 36
13 40 36
14 40 36
