11 36 33
11 37 33
11 37 34
10 36 33
11 37 32
11 35 33
12 36 33
11 35 33
11 35 33
11 37 32
12 36 32
13 36 33
12 36 33
12 36 33
12 34 32
10 37 32
12 36 33
12 37 33
11 36 32
12 37 33
11 37 33
12 37 33
10 37 34
8 36 35
7 44 36
9 46 35
16 51 36
21 50 38
25 51 38
27 49 38
33 53 38
36 53 38
41 51 40
42 46 39
44 45 39
43 40 41
41 38 42
42 39 45
46 42 48
46 38 46
46 31 45
43 26 43
41 29 42
44 27 38
44 14 44
53 16 49
60 22 49
56 29 44
52 34 38
45 38 35
40 42 41
39 44 48
37 43 49
40 44 48
40 43 49
43 42 45
44 29 47
46 30 45
46 22 42
52 5 49
57 21 47
53 30 43
47 35 40
36 46 36
33 42 44
33 37 50
35 37 51
40 34 51
45 32 50
45 27 47
44 27 46
41 22 37
40 20 40
46 15 42
54 12 51
58 16 53
58 26 46
56 31 42
48 36 35
35 43 44
29 38 47
28 36 51
29 37 54
33 31 53
41 34 51
41 37 46
43 18 45
44 27 44
45 27 46
47 13 44
46 17 41
46 19 39
44 16 32
36 17 35
46 13 42
56 7 53
62 20 46
56 34 38
40 46 33
33 39 40
29 34 48
26 31 53
30 27 50
33 29 53
37 34 52
40 30 50
38 27 51
38 29 47
40 28 43
43 11 39
46 15 34
44 15 35
40 17 28
39 18 41
43 11 41
53 20 37
54 29 32
54 37 27
53 45 32
54 57 44
51 62 44
50 58 44
50 48 39
49 40 38
48 25 47
49 44 35
46 43 36
41 44 43
40 49 42
34 43 41
33 46 45
34 44 43
28 52 55
34 40 38
42 58 51
49 54 46
51 52 40
51 44 35
49 37 38
48 25 46
44 38 39
42 42 41
38 43 45
39 45 43
35 47 44
35 42 45
30 47 51
33 57 44
38 60 52
46 56 47
47 49 38
46 45 40
42 26 49
41 44 42
39 43 44
41 45 45
39 45 42
36 47 43
32 45 43
28 50 49
32 52 43
36 54 43
42 52 45
47 56 46
50 50 46
52 47 44
51 37 41
42 37 42
40 36 41
44 37 44
43 38 47
39 40 50
37 39 50
50 32 38
62 20 49
61 21 48
55 25 42
48 30 39
39 32 40
33 34 39
33 34 45
45 39 49
62 9 48
61 18 51
50 31 38
39 32 38
35 31 36
44 9 58
44 27 36
45 17 34
46 16 38
55 3 50
55 18 39
52 25 41
50 31 40
42 33 43
43 12 46
50 15 40
58 6 55
52 12 48
43 21 42
41 30 37
25 29 25
47 11 32
46 2 26
48 13 42
53 14 51
50 20 42
45 26 33
36 31 33
36 0 33
42 21 22
35 11 30
50 12 32
56 24 28
54 32 26
50 45 32
45 62 44
40 63 47
36 62 49
38 47 41
40 41 38
42 34 33
43 34 31
42 40 42
36 39 55
35 52 63
44 53 54
46 46 37
41 39 35
38 36 36
36 42 47
36 45 49
36 44 58
40 59 61
41 56 41
42 45 38
38 40 31
34 46 44
31 41 50
25 50 56
43 56 47
52 49 39
43 39 40
25 39 44
17 52 54
27 60 50
41 62 45
52 59 41
52 44 38
53 33 32
47 33 35
41 30 39
40 32 43
39 36 45
39 38 45
54 35 46
63 26 46
60 28 44
50 32 40
43 37 39
36 44 45
33 45 48
32 43 44
44 47 47
59 32 47
62 29 46
62 30 41
51 27 36
44 25 36
38 22 34
37 22 31
40 25 34
49 20 35
50 6 48
55 8 47
57 18 45
50 24 40
46 25 38
42 27 37
42 29 44
47 24 38
47 25 45
51 29 44
53 39 41
52 42 41
50 47 37
46 46 35
40 50 40
38 52 41
36 46 42
29 52 41
21 46 43
19 44 44
19 46 44
16 43 45
16 41 47
17 40 45
16 40 44
16 38 43
16 40 44
14 42 45
14 40 45
14 37 43
15 41 41
14 40 40
20 42 40
22 42 37
21 44 39
20 43 40
18 42 41
12 42 41
8 40 36
9 42 36
11 42 38
11 40 37
8 33 41
13 41 36
11 39 32
13 37 33
13 37 32
12 38 33
13 39 33
12 39 33
11 39 35
10 34 35
12 38 34
11 37 34
12 38 34
12 39 34
11 37 34
12 39 34
12 40 35
12 38 34
13 37 34
12 37 33
13 38 34
13 38 33
12 39 35
12 39 33
12 38 33
12 39 34
12 38 34
11 39 35
12 38 34
13 38 35
12 38 35
13 39 34
13 38 34
12 39 34
11 38 34
12 39 34
13 38 34
11 38 34
11 37 34
12 38 34
11 39 35
11 38 34
12 39 34
12 37 33
12 39 34
11 42 35
10 43 36
13 48 37
17 48 38
20 47 37
21 47 39
23 45 39
22 45 39
