26 31 53
26 32 51
28 32 53
27 32 52
27 32 52
26 32 52
29 32 53
26 33 52
26 32 52
26 32 52
26 33 52
26 31 51
26 33 52
27 32 52
27 33 53
26 32 52
27 33 52
27 32 52
26 32 52
27 32 53
28 34 52
27 32 53
27 32 52
26 33 52
26 32 52
27 33 52
26 33 52
26 33 51
26 33 51
27 32 52
27 32 52
28 33 53
27 34 52
28 31 51
28 32 52
27 32 53
26 34 52
26 33 52
26 32 52
26 32 52
26 32 52
28 34 52
27 34 54
28 33 53
26 34 55
27 35 53
29 35 50
30 36 52
29 39 53
29 37 53
30 37 54
31 36 57
32 37 59
34 36 59
35 33 58
36 32 54
39 31 52
38 31 47
39 29 43
40 24 42
40 23 39
42 20 39
43 14 41
41 9 45
41 16 43
40 20 46
39 18 46
41 19 43
42 17 43
43 17 43
41 20 41
40 14 39
38 9 39
46 11 36
45 18 38
45 25 43
42 26 49
37 30 55
37 27 54
43 20 53
39 23 48
40 23 47
39 27 47
40 20 44
41 20 47
40 12 44
40 16 43
41 15 42
40 10 43
46 9 44
52 13 44
52 19 43
46 27 43
41 27 39
35 21 39
31 2 36
40 19 38
38 16 27
40 15 24
38 8 19
37 11 26
39 2 33
44 6 32
45 13 37
47 23 38
48 29 40
50 34 42
45 33 48
38 35 49
34 25 54
35 26 53
38 25 50
33 23 47
30 19 49
32 21 52
36 21 51
37 22 47
30 15 52
30 17 54
41 21 50
46 28 51
49 28 46
45 28 42
44 26 40
37 22 51
37 27 50
39 24 50
40 25 47
36 18 51
33 21 51
34 12 46
31 13 51
35 16 52
41 26 50
44 23 48
42 26 48
45 25 45
47 26 48
44 30 46
45 24 40
45 15 37
39 22 44
38 21 47
38 14 48
31 13 50
34 16 50
41 20 47
45 24 44
45 26 40
46 17 37
46 14 39
44 11 38
44 19 41
43 19 43
45 17 45
46 22 43
44 28 45
40 18 44
42 16 44
45 9 44
44 15 44
43 18 42
46 26 41
47 24 43
53 24 49
48 28 48
44 27 50
40 24 48
39 23 44
38 7 41
36 8 40
37 15 39
38 11 37
37 11 35
37 10 36
33 12 33
34 12 32
35 11 32
35 14 33
35 12 33
36 11 37
37 15 41
39 14 41
39 15 43
37 21 44
37 13 47
38 23 53
37 31 53
39 29 54
39 29 52
36 26 53
37 24 54
35 30 51
37 23 50
36 30 51
35 28 54
34 28 53
34 28 52
32 23 50
34 28 53
38 30 50
42 32 50
44 35 50
47 38 52
45 41 53
46 42 51
45 35 49
45 31 45
43 27 44
42 26 45
43 24 48
43 24 48
45 24 47
45 21 48
46 22 45
45 22 47
47 20 44
47 19 45
49 30 49
50 31 48
50 34 47
50 30 46
48 30 44
46 27 45
45 27 47
39 20 49
41 23 46
43 20 44
44 16 40
44 15 40
42 13 41
46 13 42
49 19 41
46 19 43
45 15 48
43 26 58
45 33 51
47 39 52
44 31 45
41 31 44
42 26 42
43 26 43
45 24 48
44 20 43
42 16 38
43 18 38
47 10 36
46 8 41
44 14 40
43 19 33
39 19 32
34 15 39
37 14 29
40 13 25
42 13 32
45 17 35
47 18 43
45 24 48
39 26 45
34 31 52
31 32 52
26 42 56
19 44 54
20 40 58
19 26 57
24 39 60
30 29 58
35 28 51
37 26 45
39 23 43
41 20 46
41 20 49
38 20 46
36 24 48
34 25 47
36 21 45
44 15 42
50 16 39
51 18 41
49 22 45
46 29 44
50 31 46
51 32 49
46 36 48
41 30 49
39 27 46
37 15 42
39 16 37
39 12 35
38 10 34
34 8 32
32 8 29
32 13 29
36 12 30
35 10 29
39 7 33
42 9 30
37 12 36
35 15 41
34 25 43
30 27 47
25 40 50
23 40 54
26 35 54
25 40 56
22 28 63
24 35 56
28 38 47
27 35 53
26 34 53
27 36 52
26 34 52
26 36 53
27 34 52
27 33 52
27 34 51
27 35 52
24 37 55
27 34 51
26 36 52
26 35 51
27 34 52
26 35 51
26 34 51
27 35 52
27 33 52
26 34 51
28 34 53
27 35 52
26 34 52
27 34 52
25 34 52
27 33 52
26 34 53
27 34 52
26 33 52
27 35 51
28 34 51
