33 37 53
35 36 52
35 37 51
33 38 51
35 37 51
33 37 52
34 37 52
34 38 52
34 39 52
33 38 51
34 38 52
35 37 51
35 39 52
33 39 52
33 37 52
33 36 52
34 37 52
33 35 52
34 39 53
36 39 51
38 37 52
36 43 55
30 36 53
35 35 52
34 39 51
35 37 53
34 39 51
36 40 51
37 39 51
35 38 51
35 41 51
36 41 52
35 41 51
36 41 51
35 42 51
34 44 54
36 42 54
37 42 54
37 42 53
38 44 51
39 46 49
39 46 46
40 44 43
37 41 43
38 44 44
39 47 46
40 47 45
40 46 45
40 45 45
39 47 44
39 48 46
39 47 47
37 47 45
39 48 46
40 46 45
38 47 46
39 48 46
38 46 47
39 47 46
39 46 46
40 33 47
41 40 45
40 47 44
41 49 45
42 49 45
42 43 44
42 43 43
44 46 42
43 50 44
43 51 44
43 50 43
42 48 43
41 47 42
42 47 43
41 47 42
42 48 42
41 47 43
40 49 44
41 49 43
42 47 43
41 47 42
42 47 42
41 48 44
42 47 43
40 46 43
42 47 43
41 47 44
40 47 43
40 49 43
41 47 42
41 47 44
41 48 42
42 47 44
41 46 44
41 46 43
42 47 43
42 48 43
41 45 44
42 47 44
42 47 44
41 45 45
41 46 43
41 46 44
42 46 43
42 47 44
42 46 45
41 46 44
42 46 44
42 47 44
42 47 44
41 45 45
42 47 45
41 46 44
42 45 45
41 46 44
42 45 45
42 46 43
41 44 43
42 45 44
41 46 44
43 47 43
43 48 43
42 49 43
41 49 44
40 48 44
42 47 44
41 46 45
40 44 46
41 43 46
42 41 48
41 49 45
41 42 47
40 44 45
42 48 44
43 41 43
43 44 43
46 39 43
49 34 47
49 33 46
47 36 48
47 41 48
46 37 47
38 8 44
41 21 48
42 22 45
42 25 47
45 23 49
46 27 48
46 26 47
42 26 48
44 25 46
53 36 44
54 46 45
49 50 40
44 52 41
39 48 44
36 47 45
36 47 43
38 45 43
40 46 45
40 44 46
39 47 45
39 50 45
38 45 47
42 52 45
43 45 43
42 43 44
44 38 44
47 38 46
46 31 47
44 22 50
45 25 46
44 20 50
43 23 49
43 23 49
42 24 49
42 25 47
44 25 46
44 26 46
42 22 48
41 23 45
43 22 46
38 12 45
42 17 43
42 15 42
43 19 44
40 16 44
45 24 47
48 24 45
47 33 49
43 36 51
49 32 45
51 31 52
55 38 44
47 47 45
43 46 45
38 47 48
38 45 48
38 41 44
41 49 45
41 45 45
44 44 46
44 37 47
46 36 46
44 29 44
43 20 41
42 18 44
41 16 43
42 18 41
45 19 42
46 18 42
48 23 45
46 27 47
52 33 41
53 41 43
50 43 43
42 48 46
40 44 48
40 43 46
41 43 45
44 43 46
43 39 46
41 41 44
44 39 47
42 40 48
44 39 49
44 39 48
45 41 48
45 41 47
44 35 51
44 37 48
46 35 46
43 26 45
42 20 45
39 16 43
41 20 41
42 17 46
45 22 46
47 22 48
43 33 50
46 32 48
45 35 46
51 34 43
50 39 42
53 44 44
50 47 48
46 43 47
41 41 46
42 42 48
51 40 47
52 37 44
49 32 45
46 33 46
43 32 46
40 32 45
44 30 44
51 35 46
50 39 47
52 39 51
50 36 50
51 36 43
49 40 43
46 38 43
46 38 48
43 40 48
42 37 49
41 49 48
43 37 48
40 42 45
43 37 48
42 42 44
45 34 49
45 26 42
42 23 45
43 19 48
43 20 46
42 23 46
38 16 50
41 21 45
40 22 43
42 25 52
44 34 48
44 28 50
47 34 52
50 39 47
53 41 37
50 47 37
46 52 36
40 44 44
39 46 46
40 50 45
39 44 47
39 43 48
40 40 51
40 44 46
40 44 47
42 41 47
42 40 46
42 36 44
45 38 49
49 34 46
46 36 48
43 39 48
44 37 49
45 33 49
43 27 48
41 18 47
41 19 46
42 17 43
43 29 39
39 17 46
40 18 42
43 21 45
48 21 48
52 26 49
57 28 52
61 32 51
56 35 47
45 35 40
36 33 41
33 30 43
31 29 45
36 18 57
39 25 51
40 31 47
39 16 43
35 14 45
35 16 43
37 19 44
39 18 46
38 19 45
41 24 47
45 24 49
43 26 54
53 24 49
55 32 43
54 41 37
48 47 35
38 53 41
33 55 46
33 47 48
36 51 42
39 45 44
41 47 43
42 37 42
43 27 44
41 13 42
40 16 46
39 16 45
40 18 43
40 18 42
43 17 43
45 22 46
52 25 45
55 36 47
49 48 44
43 50 45
42 44 46
41 45 46
42 46 46
47 50 43
41 39 46
42 43 46
46 38 45
44 36 47
44 39 49
46 38 48
45 32 48
40 22 48
40 24 41
37 12 42
39 21 43
40 16 42
41 20 44
43 18 44
46 23 47
55 48 44
40 21 50
45 24 43
44 20 43
50 28 44
54 37 42
50 44 46
48 49 47
43 46 49
43 44 47
42 41 47
45 43 45
44 40 48
44 42 46
44 39 45
44 35 48
41 32 47
44 33 47
44 29 50
45 31 50
42 32 52
40 20 46
41 23 44
40 19 42
40 18 47
41 19 44
42 20 45
43 18 48
42 26 46
45 25 47
44 37 44
44 26 48
48 33 45
48 36 40
52 41 41
52 44 42
53 46 44
47 45 45
39 42 46
39 38 43
42 39 41
48 47 41
49 48 40
49 46 42
48 46 42
44 49 41
43 47 41
44 48 41
44 48 40
45 49 39
44 49 39
43 49 40
43 47 39
44 47 40
44 49 40
44 48 40
43 46 39
43 47 40
42 49 41
44 48 40
44 48 39
42 48 40
44 48 39
43 49 39
43 48 40
43 49 40
43 48 40
44 48 39
44 48 40
43 47 39
43 48 39
43 47 39
43 49 40
44 48 39
43 49 40
43 49 39
44 48 41
43 47 39
44 48 40
44 47 40
43 47 39
43 48 39
42 49 40
41 49 41
42 48 41
43 49 41
43 48 40
42 48 40
42 48 41
43 48 40
43 48 40
45 49 39
44 50 39
43 49 40
43 47 40
43 48 39
45 48 40
46 48 40
45 48 41
45 45 44
44 44 44
45 40 46
46 39 45
47 37 46
49 35 45
47 34 46
52 35 48
46 33 50
51 47 49
40 32 51
46 35 48
45 37 47
46 41 45
41 43 51
32 40 53
37 48 42
40 36 48
38 46 51
37 46 49
34 40 46
30 45 55
33 38 47
39 41 51
39 30 57
39 38 62
49 41 56
48 35 43
43 32 40
42 32 41
45 29 46
46 30 52
46 32 49
43 36 48
42 35 47
32 33 50
32 41 45
37 38 49
36 45 52
33 42 51
31 43 53
34 39 49
33 38 51
39 39 51
38 30 47
39 35 61
49 42 52
52 38 48
50 35 46
47 35 48
46 34 49
48 36 50
42 33 49
42 35 50
44 41 44
41 37 50
39 45 44
34 38 51
36 41 48
37 42 49
37 44 50
36 43 49
36 40 51
34 42 49
33 42 53
33 38 51
34 38 50
37 33 52
37 42 49
37 37 53
39 25 61
44 29 61
49 31 54
47 34 46
44 36 41
40 39 40
37 34 47
36 36 54
40 53 47
41 36 57
38 33 54
37 35 49
35 37 53
36 36 50
34 38 50
32 35 53
35 38 53
34 28 51
32 32 53
36 30 49
37 36 51
39 21 40
36 25 50
40 19 49
40 27 51
41 27 52
43 38 53
44 37 53
42 42 52
42 41 49
42 40 48
41 41 48
43 42 47
43 43 49
42 42 48
41 37 52
39 38 52
38 33 51
38 36 51
37 35 51
35 34 53
33 42 52
33 48 50
34 49 48
34 48 45
34 49 43
33 49 42
32 49 42
31 51 43
31 50 43
30 50 45
29 50 44
31 47 45
31 48 45
30 45 47
30 45 48
31 46 47
31 46 48
30 45 48
29 47 48
29 45 47
30 45 47
30 46 46
31 46 48
29 45 48
30 46 48
30 48 45
30 44 48
31 46 47
30 47 47
30 48 47
31 47 46
27 46 44
29 48 46
28 47 47
28 44 46
28 48 49
30 47 47
29 46 49
29 45 48
29 45 48
27 45 49
29 44 51
32 45 50
30 46 48
30 47 47
31 49 48
32 47 49
30 47 47
30 45 47
30 44 48
31 45 49
32 43 48
34 40 50
35 41 48
36 32 50
