29 51 42
30 52 43
31 52 44
29 52 41
29 50 38
27 49 33
25 53 32
25 50 33
24 50 38
23 50 42
19 49 44
17 47 43
18 46 43
17 43 43
18 41 45
17 41 44
16 39 45
18 40 47
17 40 46
16 38 43
12 39 43
10 39 41
10 44 43
13 43 43
21 51 41
26 52 41
29 53 39
31 52 37
31 51 37
33 51 38
33 50 38
35 48 37
34 53 39
34 52 39
36 51 39
36 51 39
36 50 39
37 54 40
39 54 40
38 52 41
37 46 38
38 48 39
40 52 42
47 56 45
47 55 44
44 48 41
48 43 39
52 42 38
52 39 38
49 42 38
45 40 39
44 38 39
42 35 44
42 32 47
44 34 49
44 36 49
45 41 47
47 38 48
47 37 48
52 35 46
59 30 43
57 36 46
55 40 35
42 26 40
36 35 48
34 27 51
42 35 49
50 30 50
59 34 45
59 37 44
53 39 37
37 31 48
35 27 52
34 37 50
51 28 49
62 29 45
57 35 40
49 35 38
35 24 46
30 30 52
38 29 52
55 36 51
62 26 44
57 29 40
50 31 37
38 26 43
32 25 47
36 24 52
51 35 47
60 22 39
59 19 43
50 33 38
35 22 43
29 28 52
37 33 45
56 25 41
53 24 39
53 12 45
53 26 42
55 39 47
37 39 51
37 31 53
41 28 44
47 34 43
45 25 44
51 10 40
49 12 45
52 24 43
56 32 46
33 35 38
36 30 55
41 36 47
49 36 45
46 24 47
46 15 40
49 20 48
51 36 48
47 35 46
42 31 45
44 29 48
47 13 53
49 21 52
47 31 42
47 29 38
39 32 53
42 23 52
50 18 54
52 25 40
43 28 37
30 21 35
34 19 41
47 16 41
51 1 45
48 9 48
47 25 45
46 27 33
32 25 35
36 21 53
51 16 38
51 3 30
46 11 43
48 23 40
46 32 35
26 24 35
40 10 52
55 12 34
52 8 28
42 9 41
43 19 40
39 31 35
33 32 44
40 17 39
51 4 27
40 0 32
41 12 45
49 26 38
33 23 32
39 12 52
48 22 32
42 0 20
37 11 49
47 25 41
35 23 35
36 20 47
46 20 30
39 0 21
33 11 35
38 22 38
42 26 36
51 45 37
52 42 44
46 46 56
42 46 62
44 44 56
46 40 49
47 35 43
41 37 41
41 41 51
44 34 53
44 32 53
52 41 52
52 38 39
45 32 40
39 38 53
41 37 49
45 41 57
53 38 49
47 34 39
36 27 49
36 37 54
41 33 56
51 43 52
53 37 40
46 36 40
37 31 50
35 29 55
42 39 56
53 40 50
50 37 36
37 26 47
31 24 48
43 42 58
54 44 44
55 37 41
51 37 42
47 35 47
49 27 45
46 43 47
45 22 47
38 22 54
46 35 55
52 41 45
51 34 38
44 33 42
39 35 51
39 34 56
37 29 60
45 37 60
50 41 53
53 41 42
48 35 35
45 26 42
41 24 46
40 31 47
47 25 48
55 30 46
53 37 42
51 36 39
37 25 47
34 29 53
41 34 46
47 24 44
54 22 41
56 29 42
62 39 42
43 34 47
40 33 54
41 33 52
48 33 44
48 24 44
50 20 41
52 21 44
54 29 43
54 43 38
38 36 54
39 31 56
41 33 50
43 28 45
46 29 48
47 33 47
47 22 47
47 26 45
46 26 42
41 8 42
45 8 37
46 7 39
52 19 33
47 30 31
32 28 42
39 15 50
48 25 41
46 13 36
48 3 31
45 0 36
44 19 42
36 24 35
34 26 44
43 16 37
49 12 30
47 2 23
37 4 39
39 12 43
43 21 36
32 29 42
40 15 47
48 16 29
46 0 24
34 7 49
45 21 37
34 27 38
31 24 47
45 21 35
44 1 26
34 0 29
33 22 40
36 23 41
44 24 40
47 32 42
48 40 44
51 44 49
50 46 47
50 47 49
46 44 46
48 44 47
48 43 43
49 39 43
47 37 40
45 32 40
44 34 39
42 34 46
37 43 50
32 52 48
25 50 50
27 51 46
25 52 46
25 52 43
21 50 44
19 48 44
19 49 44
18 48 42
16 44 42
16 44 44
17 45 42
17 44 43
15 42 42
15 40 44
11 39 41
12 41 42
14 45 42
13 44 42
16 45 40
19 47 40
21 47 38
22 48 40
24 47 37
25 49 41
23 49 43
23 48 41
21 49 43
20 46 43
18 45 43
17 44 42
15 42 47
15 44 40
16 41 39
15 41 40
13 38 40
13 43 40
13 45 38
22 44 41
29 43 40
18 34 39
15 46 37
13 51 34
19 48 37
19 47 35
18 49 35
19 49 36
20 50 36
18 48 35
18 47 35
17 48 35
19 47 35
19 47 35
19 49 35
17 48 35
19 48 36
19 49 36
18 48 36
17 48 36
