14 43 34
34 57 33
13 43 34
13 46 38
15 43 38
20 57 32
22 59 32
26 53 31
29 49 33
31 46 37
30 48 39
26 45 43
22 43 43
21 45 46
22 42 46
24 45 47
24 42 48
22 45 47
22 46 49
21 43 44
21 45 44
17 42 45
19 47 44
20 46 46
24 44 42
26 49 43
36 57 43
43 55 40
45 51 39
46 49 40
46 47 39
46 47 37
48 47 39
50 50 37
54 53 31
53 49 33
52 45 33
51 43 33
44 40 36
42 37 38
39 40 41
41 44 40
46 41 44
47 30 43
44 25 42
43 20 43
44 23 41
44 14 49
49 23 43
62 25 56
59 20 41
55 24 35
50 36 33
45 44 37
41 42 42
41 33 48
44 32 45
42 29 44
38 27 38
39 23 43
54 28 51
62 15 61
62 16 47
56 29 33
46 30 29
39 41 40
36 45 37
34 37 49
43 27 47
47 33 42
39 16 37
43 2 49
53 6 59
62 11 62
58 15 46
52 24 35
41 30 30
31 40 41
32 40 43
41 33 47
44 31 43
39 17 39
38 11 39
44 3 62
56 6 61
53 12 50
47 25 41
38 30 30
27 37 40
27 13 42
40 22 39
42 18 30
37 0 42
41 21 46
50 19 36
55 15 30
60 37 29
60 53 32
60 62 31
55 63 38
46 51 35
43 40 35
43 37 33
38 28 38
46 32 39
40 42 41
28 25 51
22 35 63
43 45 62
55 47 42
50 40 33
45 25 29
43 28 35
39 43 42
42 46 41
30 34 62
30 43 63
47 52 52
49 42 36
44 41 33
38 32 49
42 41 40
44 44 40
39 46 44
32 50 46
32 55 52
30 35 43
33 55 62
53 58 51
51 50 38
50 37 37
52 33 36
49 33 35
52 38 44
45 40 40
40 42 46
37 44 44
36 49 47
25 15 55
25 41 47
34 62 61
55 62 48
49 47 41
47 38 37
41 16 47
43 45 42
39 49 44
35 49 44
34 45 46
29 28 48
28 49 51
30 46 46
31 59 55
40 59 52
45 53 47
43 43 46
36 41 44
35 39 44
34 43 44
37 37 48
39 39 49
41 25 47
46 26 49
44 25 48
35 21 49
40 19 37
40 15 35
33 2 36
32 17 48
39 9 55
56 12 53
58 22 42
50 29 35
42 44 37
36 47 40
32 45 48
36 22 55
41 32 47
45 19 45
42 1 62
50 10 48
50 23 41
38 31 39
32 39 40
31 16 56
39 21 42
47 24 37
36 9 41
39 17 47
41 0 62
52 9 56
49 19 44
41 30 39
30 35 33
25 24 40
41 28 21
30 2 32
49 10 44
61 18 40
61 26 41
59 42 42
55 50 47
50 55 43
48 51 40
45 39 36
44 35 34
43 30 32
37 38 43
37 29 43
33 41 63
42 51 63
50 48 50
45 40 37
36 31 33
32 48 40
43 41 42
43 46 47
40 42 43
34 47 46
29 52 58
38 50 61
55 60 48
55 52 36
49 37 38
50 33 34
42 36 33
35 43 46
39 43 42
40 46 45
30 35 46
21 39 59
35 54 45
45 60 51
54 55 42
50 44 35
49 34 39
48 32 41
41 21 57
44 41 45
44 41 47
40 44 48
38 49 45
40 45 46
40 40 42
29 26 52
29 51 49
28 39 55
33 56 59
47 58 46
48 51 43
48 42 40
46 40 40
42 36 43
40 47 48
39 46 44
37 44 45
36 47 44
31 47 44
28 53 52
27 37 41
31 59 51
43 62 51
55 52 45
59 51 38
54 39 38
48 26 36
42 21 35
37 17 29
35 19 27
37 24 27
37 17 27
43 11 27
54 12 48
60 20 55
57 24 42
45 28 44
35 27 37
36 25 34
38 22 30
55 20 51
61 17 49
55 26 40
52 34 41
48 40 41
46 44 44
44 43 44
44 41 43
45 37 41
44 26 43
40 18 42
41 21 38
41 22 47
50 39 49
61 21 61
60 20 49
53 23 40
47 28 39
39 32 38
36 28 35
33 17 27
42 12 34
38 5 36
44 42 30
50 29 43
56 31 40
53 34 37
55 45 40
53 47 36
50 50 39
47 49 39
43 50 38
38 48 43
35 49 43
32 49 42
28 51 42
26 51 43
26 51 45
23 49 45
24 49 45
23 49 44
23 49 42
22 48 42
21 48 42
23 50 43
22 46 43
19 49 43
23 50 40
25 48 40
26 49 41
27 43 43
30 44 42
24 46 40
19 46 42
14 50 39
11 48 37
13 46 35
13 43 34
15 42 33
14 44 34
15 43 33
16 43 33
14 42 33
14 42 33
13 42 33
15 42 33
16 43 33
14 43 33
14 42 32
14 43 32
14 42 32
15 44 33
15 43 32
15 43 33
14 43 33
14 43 32
13 42 33
14 43 32
14 42 32
14 43 33
15 43 33
14 43 33
15 44 33
14 42 33
13 42 33
15 43 33
14 43 33
15 43 32
15 43 32
13 46 34
12 50 35
16 55 36
