11 36 34
11 36 34
10 37 34
10 36 33
12 36 33
12 35 34
11 36 33
12 36 33
12 35 33
12 36 33
11 35 33
11 37 34
12 37 33
11 35 34
12 36 35
11 36 33
14 37 33
12 35 34
12 36 33
11 36 34
11 37 33
12 36 34
11 36 34
12 35 33
11 35 34
11 36 34
12 35 34
11 35 32
12 36 34
11 37 33
11 35 34
12 36 35
11 35 34
12 35 34
12 34 33
11 36 34
12 35 34
12 35 33
11 36 34
12 35 33
12 35 33
11 36 33
12 36 34
11 35 33
11 35 33
12 36 34
13 35 33
11 36 34
11 36 34
13 36 34
11 36 33
11 35 33
13 35 33
11 36 34
12 36 33
11 36 34
12 35 34
12 35 35
11 36 35
11 37 36
9 37 36
8 42 37
11 43 37
14 44 39
16 50 37
19 51 37
23 53 37
27 54 37
31 54 41
36 54 43
38 51 41
38 46 40
41 47 39
40 42 40
38 36 41
37 37 43
35 42 47
37 40 50
37 42 47
40 44 44
44 32 42
46 14 45
45 35 47
42 23 40
48 23 45
56 17 50
58 30 44
55 35 40
50 40 40
43 43 45
39 41 48
39 39 49
43 38 46
44 28 49
41 24 38
42 26 43
49 25 45
56 22 56
60 27 52
57 34 42
51 39 37
43 39 41
40 39 48
40 35 49
41 27 45
40 31 41
42 24 41
44 24 42
47 14 47
55 17 55
62 25 55
61 32 47
55 38 40
41 40 33
33 40 43
30 36 45
31 35 50
33 40 51
37 34 54
42 38 49
47 23 44
48 28 43
45 21 51
45 23 46
43 24 41
44 22 39
40 36 33
43 23 41
47 8 47
58 16 51
60 29 48
54 34 41
43 39 38
34 36 42
29 34 48
27 32 52
29 31 53
35 27 52
38 31 52
37 38 49
46 26 46
45 25 47
43 20 45
47 24 38
46 16 34
45 20 33
46 0 35
40 20 39
41 13 59
61 9 52
60 27 48
52 33 40
41 39 36
34 35 41
29 33 50
29 32 54
32 34 52
34 29 53
37 38 50
40 27 45
43 27 44
44 20 43
47 16 33
48 15 27
48 22 25
37 35 44
50 10 33
59 24 30
59 35 25
55 49 31
52 60 38
50 63 40
46 59 43
45 46 37
46 44 33
41 59 43
46 45 36
40 40 42
33 30 42
33 34 52
32 38 54
38 45 52
48 62 44
59 55 35
57 40 36
53 31 38
56 17 51
47 45 39
41 40 42
40 42 41
34 38 45
29 42 49
31 37 43
28 44 55
34 48 55
51 61 45
55 52 39
52 41 35
48 35 37
44 51 50
44 45 41
38 41 49
36 44 46
35 45 46
39 48 46
26 41 54
28 33 45
36 50 54
47 62 48
46 51 42
47 40 41
44 39 41
43 38 43
38 44 47
36 44 42
31 43 45
25 26 40
23 44 47
19 57 53
26 55 46
38 59 48
48 52 47
50 50 45
52 41 38
45 35 36
36 31 44
27 34 39
43 34 44
56 31 49
63 24 48
62 28 45
52 31 39
40 26 37
31 37 41
37 27 39
51 16 38
47 19 34
48 4 43
55 15 53
63 18 47
54 24 39
47 31 38
44 38 38
39 46 46
36 42 52
33 40 49
37 43 47
41 31 46
45 23 47
61 13 51
63 21 49
53 32 42
39 30 34
33 24 35
33 24 31
43 23 27
47 12 24
50 34 46
60 22 59
59 22 49
48 31 37
36 27 35
35 26 31
42 9 23
48 18 36
56 21 35
57 35 32
50 51 33
46 60 41
39 63 46
40 62 44
47 57 40
45 45 27
35 43 28
30 38 28
27 33 29
30 52 52
33 55 53
38 58 57
47 59 48
42 53 36
44 46 36
44 45 34
40 3 41
36 49 44
33 47 46
28 29 51
33 53 49
45 61 50
47 56 43
46 47 38
45 41 41
44 24 42
40 38 42
36 43 48
36 43 43
35 48 44
32 36 45
30 43 46
26 45 44
23 54 52
34 62 47
46 58 46
51 52 39
51 40 36
49 30 32
45 22 29
41 21 28
49 5 33
44 19 30
44 10 32
53 18 44
60 23 51
56 27 45
49 27 37
42 31 39
40 20 35
43 24 38
43 36 43
50 35 42
47 44 40
45 47 35
41 53 43
36 44 36
30 49 43
15 62 41
17 43 37
11 47 37
9 41 39
6 41 38
8 40 38
11 35 36
12 38 34
13 37 36
14 38 35
12 37 33
11 37 32
12 36 33
12 38 33
12 37 33
12 38 34
12 35 35
12 38 35
12 38 34
13 37 34
12 37 34
12 37 33
11 37 34
11 37 34
12 36 34
13 38 35
11 37 35
12 37 33
10 38 33
12 37 34
12 36 34
12 37 34
11 36 34
11 38 35
12 37 34
12 37 33
12 37 34
12 37 34
12 37 34
12 37 34
11 38 34
11 37 34
11 37 33
12 37 34
12 37 34
12 36 34
12 36 35
12 37 34
12 38 34
12 36 33
11 37 34
13 37 34
12 37 34
11 37 34
11 37 34
13 36 34
12 38 34
11 38 34
12 36 34
11 37 34
12 36 34
12 36 34
12 37 33
11 37 33
12 37 34
12 36 34
12 36 34
12 37 34
12 37 33
12 37 34
13 37 33
12 37 34
12 37 33
12 37 33
12 37 34
12 36 33
12 37 34
12 37 34
12 37 35
12 37 35
13 38 34
12 36 33
12 37 34
11 37 34
12 37 35
11 36 34
12 37 34
12 38 33
12 37 34
12 37 34
12 36 34
12 36 34
