31 38 53
32 37 52
33 38 52
31 38 53
30 38 53
30 36 52
30 37 53
30 35 53
30 37 51
30 36 52
30 37 53
29 36 53
30 36 52
30 37 52
28 36 52
29 36 52
28 33 54
27 36 54
30 35 52
32 37 48
28 35 43
19 54 42
13 51 45
17 47 42
19 40 45
16 40 48
16 39 48
17 38 45
19 41 42
16 58 38
21 61 34
29 56 35
35 52 34
35 49 36
37 51 38
38 49 40
37 50 44
38 53 44
34 43 39
33 48 39
38 54 41
40 53 44
39 47 42
40 49 43
46 42 42
44 39 42
45 34 39
47 29 44
61 28 48
62 36 43
58 45 35
54 40 34
34 53 35
30 47 39
33 41 44
43 46 42
46 39 42
52 22 45
60 32 61
63 25 50
61 36 33
50 40 34
33 48 39
32 43 38
44 21 52
45 45 47
48 32 38
57 7 47
63 23 62
63 27 47
62 32 36
49 41 35
30 43 37
24 44 36
44 32 40
48 40 40
45 26 41
47 30 52
63 22 57
63 26 44
50 40 39
34 40 38
28 42 41
40 29 36
47 29 36
48 24 34
49 35 44
63 20 63
63 28 50
55 37 39
41 42 38
32 31 30
31 53 37
44 31 33
46 16 26
51 16 35
56 20 62
63 20 51
60 30 30
48 43 29
43 44 33
38 49 46
36 51 48
37 50 47
49 24 48
47 38 42
46 36 39
47 26 34
55 29 36
46 37 44
56 31 51
63 26 45
63 30 36
55 40 27
47 44 35
37 47 39
32 40 38
44 48 40
47 30 37
47 18 42
53 35 37
50 24 42
47 38 44
61 26 52
63 25 53
63 34 37
55 36 32
43 38 33
29 36 33
33 39 40
45 32 40
53 30 39
52 20 40
52 36 61
63 23 58
63 28 47
51 35 39
34 37 36
29 41 40
42 22 39
45 34 31
50 8 38
44 22 38
62 7 61
63 25 53
61 39 44
47 45 38
29 45 38
31 35 37
45 19 38
46 30 34
43 8 18
42 41 48
60 27 54
62 19 41
54 31 29
46 37 26
44 49 24
45 60 30
46 60 44
44 58 38
47 49 33
50 10 43
47 48 38
43 30 38
45 32 36
26 28 63
40 50 62
46 57 45
48 44 25
50 30 27
46 32 36
42 50 33
35 32 46
43 28 57
42 43 62
42 59 58
45 55 43
46 42 30
42 33 30
45 3 40
43 46 38
43 48 39
39 49 56
43 46 55
41 44 62
44 62 61
47 52 37
36 40 26
36 34 29
38 37 42
42 53 41
31 28 52
38 50 50
46 43 47
45 57 62
44 56 54
41 49 41
47 41 30
50 29 26
46 10 50
47 44 41
42 45 44
36 40 43
35 46 57
29 43 55
37 58 62
45 59 48
48 45 37
47 39 26
49 33 31
46 40 36
46 44 40
38 42 45
33 47 52
32 29 43
36 47 54
30 37 52
35 59 61
46 57 47
52 43 40
49 42 32
44 38 32
44 40 41
40 43 43
40 39 42
43 46 47
44 43 46
36 35 53
41 43 45
40 33 45
37 46 59
44 56 57
49 53 42
50 44 31
51 39 36
47 35 39
47 45 44
48 42 37
41 42 38
42 45 42
35 46 48
34 43 51
35 48 49
31 48 45
25 55 56
28 59 55
32 54 51
37 53 42
37 49 43
34 45 42
35 33 49
37 39 51
35 47 51
39 32 50
38 30 47
40 25 47
36 25 48
33 37 45
45 19 37
46 15 37
42 9 36
40 35 42
45 14 63
63 19 49
61 37 42
50 40 37
36 46 36
28 44 42
25 41 51
26 33 55
30 41 54
36 40 49
37 37 47
44 30 50
41 35 51
41 35 51
42 31 51
45 28 48
47 24 46
48 24 45
47 17 42
46 5 40
40 28 52
44 28 56
55 21 49
61 30 45
57 37 35
49 43 36
37 49 37
29 54 43
34 48 48
43 43 42
50 42 45
50 24 41
48 30 40
48 18 46
54 21 61
63 28 50
62 29 41
50 38 34
35 35 33
32 40 41
38 31 39
46 23 32
51 2 37
49 39 52
62 19 58
59 25 42
49 34 36
46 40 40
40 50 38
38 51 45
35 49 47
43 35 51
44 46 41
47 30 39
49 25 36
46 32 41
47 17 55
51 32 57
62 26 62
62 31 47
56 33 40
45 34 35
34 33 32
29 17 32
45 15 34
46 30 29
45 8 36
34 28 41
51 25 50
57 32 50
55 39 50
48 40 45
44 38 46
39 41 41
39 40 41
36 43 43
33 44 47
28 46 49
24 44 51
22 44 52
17 44 49
17 40 47
15 43 51
19 40 48
20 42 45
19 39 47
18 37 45
19 39 46
18 38 46
18 38 46
19 38 46
18 37 46
19 36 46
19 37 47
19 37 46
20 38 47
17 38 46
17 43 51
16 42 52
22 39 47
25 44 46
29 39 47
31 38 48
31 33 46
25 44 59
21 32 49
32 31 51
33 36 54
28 40 53
30 38 52
31 34 52
31 35 52
29 37 52
30 36 52
29 37 53
29 36 52
30 37 52
29 36 52
30 36 52
31 37 52
31 38 51
30 35 52
30 36 53
30 36 52
30 37 53
29 37 53
29 37 53
29 36 52
30 36 53
30 37 53
32 37 52
30 37 52
31 37 52
31 36 52
31 37 52
30 36 52
30 36 53
30 35 52
29 37 53
30 36 53
