29 46 48
29 45 48
29 46 48
29 46 47
29 46 47
29 46 47
28 46 48
28 46 48
30 44 48
28 46 49
29 45 48
28 45 48
28 45 48
29 45 47
28 45 48
29 47 48
30 46 47
28 46 48
28 44 47
30 46 48
29 46 48
29 46 49
31 44 50
28 44 49
29 40 49
28 42 48
25 42 50
24 47 49
20 44 49
26 42 51
27 38 47
24 40 46
22 43 47
22 44 47
22 47 46
24 46 44
24 50 41
25 51 43
27 51 42
28 54 38
31 48 40
29 50 45
28 45 49
26 45 48
25 48 48
24 44 51
28 51 43
29 44 44
28 51 39
28 50 42
28 53 42
25 46 45
22 52 50
18 58 50
22 53 48
27 55 45
34 58 40
40 47 40
48 35 36
51 27 35
49 23 32
47 13 31
39 0 35
45 20 48
44 21 48
47 20 42
46 18 44
44 22 45
43 19 48
42 20 53
42 27 60
42 44 54
44 32 42
46 20 29
54 0 31
40 14 42
39 26 51
44 19 59
40 28 60
37 44 59
39 33 48
42 17 40
45 17 24
48 32 33
41 24 44
39 23 49
38 18 56
35 29 56
36 45 61
41 26 48
48 19 39
51 6 28
40 0 40
43 11 43
37 25 48
37 20 53
34 32 53
35 38 60
38 26 49
43 12 38
45 7 30
30 3 38
36 24 48
36 21 49
35 21 59
35 30 60
38 46 50
43 30 43
45 12 36
45 8 37
35 17 48
37 24 51
37 24 59
36 24 59
39 43 52
41 34 44
44 21 38
41 20 38
40 23 38
38 17 53
42 21 45
41 17 50
43 21 48
45 23 46
45 21 41
43 28 41
42 32 39
37 25 44
43 21 53
41 9 48
39 15 50
44 20 49
45 21 42
43 32 43
41 34 42
30 25 52
37 24 53
41 19 53
41 9 57
44 15 48
44 22 46
43 23 37
41 27 37
41 16 36
44 24 39
46 3 47
42 17 46
44 16 48
44 20 42
42 22 36
37 25 38
37 26 45
50 17 36
47 7 44
44 21 46
45 17 48
45 20 48
41 24 40
37 21 45
36 20 37
43 23 34
45 14 38
45 20 42
43 21 48
44 21 50
42 25 40
46 12 47
43 17 46
45 10 45
45 25 52
48 16 49
46 22 48
47 19 37
40 24 36
42 2 42
42 20 34
37 13 39
38 15 41
37 20 44
40 16 42
38 24 45
39 17 44
35 21 45
35 21 43
33 22 48
33 22 52
28 25 58
29 19 62
33 41 57
40 30 49
41 22 42
44 17 33
37 42 44
36 31 56
36 24 55
37 25 55
36 22 55
33 30 57
34 34 58
41 35 52
42 24 41
41 19 34
28 19 50
32 29 54
33 29 56
29 27 61
33 31 58
33 41 57
37 37 47
41 27 43
39 18 43
33 38 56
33 30 53
33 28 59
33 28 59
32 27 58
33 48 56
38 40 47
41 24 41
40 17 40
33 13 61
32 23 57
34 32 55
34 31 58
34 30 59
33 45 58
36 45 54
40 36 48
43 24 42
43 18 36
39 34 42
38 29 47
38 24 55
39 24 56
38 30 57
36 42 57
38 40 47
40 24 42
40 15 41
38 26 45
44 23 44
46 24 42
43 0 55
43 10 47
43 22 46
43 19 46
42 21 48
48 25 48
47 22 43
46 32 41
43 37 42
39 18 57
43 23 47
43 11 48
38 9 57
43 18 50
44 22 45
43 20 35
41 24 29
48 13 36
49 28 30
46 4 44
44 13 45
46 25 42
42 17 32
44 3 47
49 16 36
47 5 36
43 25 46
43 17 40
44 20 35
41 1 57
42 23 30
46 8 34
46 34 39
53 28 45
49 41 47
49 34 44
43 41 43
38 48 43
33 52 45
32 52 44
27 51 42
27 52 43
26 54 45
23 50 46
24 46 46
21 45 46
20 47 46
22 47 47
23 44 47
22 45 48
24 42 47
27 43 49
30 45 48
32 43 48
36 44 46
37 48 45
36 50 49
35 48 47
34 49 48
32 47 46
32 44 48
29 43 49
30 28 53
21 15 54
28 32 53
31 40 50
29 41 52
30 38 52
30 38 52
28 38 50
29 37 52
29 39 52
31 38 52
29 38 52
30 38 51
30 37 53
30 38 52
28 37 53
31 39 51
29 37 53
29 38 53
29 37 52
30 38 52
29 37 53
29 37 52
28 37 52
30 38 52
29 37 53
28 38 52
29 39 52
29 38 52
29 38 52
28 39 52
28 38 52
28 37 52
28 38 51
28 38 53
28 38 51
29 39 52
