27 48 44
27 48 45
27 49 45
27 48 45
26 49 45
28 48 46
27 48 45
27 46 46
27 47 46
26 47 47
27 46 47
27 47 47
27 47 46
27 46 46
27 46 47
28 46 46
28 48 48
27 46 47
28 46 47
27 47 47
28 48 47
29 47 47
27 48 46
27 48 46
26 46 47
26 46 47
26 45 49
28 45 49
29 45 50
32 47 47
30 45 46
28 49 45
27 50 43
27 51 42
22 55 41
29 50 42
31 50 41
30 51 39
29 54 42
28 48 44
26 48 50
23 44 48
23 59 43
23 52 47
28 61 45
34 49 43
40 42 46
43 36 45
46 28 44
45 26 39
43 25 35
43 32 37
42 24 47
44 26 50
42 25 53
43 24 53
44 24 49
43 21 53
38 20 55
42 34 53
42 37 47
44 26 41
45 21 38
45 25 38
41 20 47
39 20 48
41 21 50
38 19 59
41 27 50
40 31 59
39 38 51
43 32 42
46 10 36
45 8 38
40 24 42
38 20 49
38 18 48
36 19 49
34 17 57
32 19 54
34 36 57
39 34 49
41 19 37
45 11 26
40 12 44
37 22 48
38 18 45
34 22 42
29 14 50
28 24 62
36 32 57
40 21 50
39 22 37
52 6 20
39 7 39
38 17 43
37 19 42
33 17 48
29 16 56
32 43 63
36 34 55
42 18 42
38 20 31
41 8 31
36 37 39
33 15 47
37 22 47
36 21 51
36 17 52
34 24 56
35 30 62
39 33 53
41 21 42
41 10 35
38 0 42
36 15 46
37 22 50
36 18 51
37 19 54
37 16 54
37 37 55
40 29 46
41 20 35
42 12 29
40 28 40
38 15 47
36 18 51
38 17 54
39 20 56
39 34 57
42 31 47
41 25 42
39 19 38
30 7 33
38 13 48
39 15 44
37 18 48
39 16 44
40 16 49
43 15 42
40 24 40
38 24 37
32 32 42
42 10 40
40 22 43
40 2 40
39 18 43
39 16 44
42 14 40
38 22 38
35 20 40
40 7 34
40 24 35
40 22 36
41 1 40
40 9 42
40 14 37
40 15 33
37 20 36
41 0 52
44 20 32
42 16 32
44 12 31
47 6 32
44 13 47
44 15 39
40 13 38
40 22 33
37 18 46
42 20 34
42 6 40
40 18 42
45 12 44
43 16 45
42 18 37
37 25 43
33 21 45
37 14 45
41 14 38
39 5 47
45 6 47
43 17 51
43 18 43
40 29 43
38 29 45
34 1 47
43 8 47
42 21 46
41 22 54
40 20 54
37 24 57
41 22 53
41 36 51
43 26 42
48 13 29
43 28 38
40 23 47
39 21 52
43 17 48
42 14 53
43 26 50
42 29 48
39 41 49
42 25 43
45 9 29
48 9 24
38 18 45
38 18 51
40 21 47
41 23 48
38 19 52
35 21 56
37 28 57
39 34 55
42 24 47
44 16 37
42 14 36
39 0 44
41 17 46
41 19 49
42 20 48
40 21 50
40 29 44
41 29 46
38 27 48
38 25 50
38 30 54
36 36 53
35 42 49
36 45 50
35 49 51
33 53 45
33 45 44
30 47 49
27 50 48
26 49 47
27 51 44
24 49 44
25 48 44
25 50 47
29 50 46
29 41 51
31 45 48
26 43 55
18 43 52
18 44 50
26 36 49
30 41 48
28 45 47
33 44 49
33 41 53
35 37 50
33 39 51
30 54 56
29 47 43
27 48 43
29 46 46
27 43 50
26 37 51
28 40 49
28 45 47
26 42 49
26 43 50
25 45 48
24 45 46
24 45 46
26 46 47
26 45 46
26 47 47
26 45 46
26 47 45
25 46 47
27 47 46
25 46 46
24 45 47
25 45 46
24 46 46
26 47 46
24 46 46
24 46 46
26 46 45
25 47 46
24 46 45
25 47 45
25 45 46
25 45 47
