13 41 32
14 42 31
14 42 33
13 42 32
13 42 32
13 43 32
12 40 32
14 40 33
15 40 33
13 39 34
13 39 34
13 40 35
13 41 36
13 39 37
13 40 38
12 40 37
13 38 35
11 39 34
14 40 32
12 39 33
12 40 34
15 39 34
13 40 34
12 42 34
11 41 34
12 39 35
13 40 36
10 39 36
8 43 38
15 54 43
24 50 42
28 47 38
29 44 38
25 47 38
23 46 40
21 45 41
17 40 44
18 43 46
18 40 47
18 40 47
17 39 49
18 39 48
16 39 48
18 46 46
21 42 49
15 39 45
12 45 44
23 48 44
39 48 44
43 47 41
40 51 37
32 51 35
32 50 40
37 54 33
42 51 35
45 50 36
47 53 33
49 54 38
51 54 40
49 58 38
46 47 39
45 46 38
43 42 39
39 42 42
39 43 43
39 44 45
44 33 51
48 39 38
40 21 38
42 21 41
38 19 36
51 15 56
63 15 53
56 19 42
49 29 37
47 37 40
44 41 43
44 36 41
44 36 47
39 26 43
35 19 39
39 28 40
44 18 46
52 19 56
61 14 57
58 20 48
57 29 43
48 35 40
37 48 32
33 44 41
33 33 48
41 40 48
45 38 40
40 21 40
43 24 40
40 19 41
43 20 38
54 24 51
60 28 63
60 19 53
54 30 41
47 35 32
38 41 35
33 40 39
28 39 53
32 30 51
35 35 50
38 45 49
40 26 46
43 26 51
43 17 40
38 22 38
40 5 31
39 24 41
41 12 63
55 14 59
57 26 50
53 33 38
40 42 30
33 36 40
29 32 52
25 29 55
30 34 54
35 29 52
37 38 51
39 22 48
40 21 49
38 28 46
40 11 36
44 19 34
42 21 33
32 1 37
38 21 37
45 14 56
55 9 28
55 25 26
58 39 32
59 53 36
60 55 41
55 49 38
48 46 36
44 27 46
49 31 33
47 43 36
39 47 44
42 47 41
36 44 43
39 52 39
33 50 43
32 42 49
36 39 41
45 62 54
56 58 46
53 50 33
50 39 37
46 33 37
44 52 45
45 42 35
35 43 43
37 48 42
36 47 41
27 51 53
28 41 41
35 62 56
55 62 42
48 47 34
48 40 36
46 35 32
44 43 40
40 45 41
37 48 41
39 48 42
32 46 41
23 56 50
28 47 40
36 62 46
43 62 48
52 55 41
54 46 39
48 40 40
45 35 40
36 36 44
35 41 43
41 41 44
49 25 40
52 15 56
55 9 58
53 17 45
50 27 40
44 35 39
38 42 39
31 41 40
45 38 52
52 15 45
52 2 63
53 21 46
48 29 41
39 38 38
35 35 44
35 37 46
41 23 46
40 19 38
42 7 28
46 12 63
50 8 58
47 19 49
39 29 36
33 29 33
21 19 33
35 20 30
38 7 19
44 26 41
52 9 37
53 15 38
54 34 37
53 49 38
55 60 44
54 58 47
49 49 39
45 37 33
40 34 35
41 31 36
29 44 50
38 29 52
37 48 63
49 48 60
51 40 42
44 34 29
41 30 32
40 21 38
40 51 47
42 48 46
37 43 45
27 40 62
22 48 62
35 58 55
46 58 42
52 42 37
51 35 36
50 30 38
40 26 47
42 37 39
28 30 43
20 42 63
32 44 60
51 48 46
59 38 41
54 38 37
49 34 38
50 50 44
46 45 41
39 50 43
33 38 45
33 45 48
26 39 55
28 44 51
27 57 61
39 62 48
43 56 45
44 42 39
46 35 39
45 44 47
42 43 44
33 41 44
32 47 41
34 47 44
23 46 52
25 43 41
24 54 50
31 56 53
44 59 50
53 51 44
53 45 39
51 35 40
47 30 39
41 31 41
37 30 43
36 35 46
39 31 47
48 31 46
50 11 55
50 5 59
49 15 47
45 23 41
39 28 41
33 35 40
28 14 44
38 20 32
44 22 29
39 5 29
44 32 42
51 11 54
55 10 45
51 20 38
48 32 39
44 44 40
43 47 43
40 47 50
39 35 54
43 36 45
40 24 40
35 18 39
37 21 49
53 26 58
62 10 59
58 16 49
50 22 39
37 29 38
30 28 34
28 26 18
35 10 29
40 9 21
42 37 39
50 13 36
55 14 37
55 26 31
51 43 37
52 53 37
53 58 43
50 54 44
50 48 42
47 39 40
47 36 36
47 43 35
39 37 41
33 47 43
35 48 44
34 37 50
27 45 58
29 51 59
41 58 57
51 54 48
49 43 38
47 34 37
41 32 37
39 35 38
39 23 35
41 39 49
48 47 44
40 38 63
42 39 62
48 39 49
49 37 39
44 37 35
42 34 41
43 54 51
41 42 45
40 50 46
36 47 48
34 34 57
32 53 49
33 53 53
43 57 50
50 55 45
47 44 42
48 42 38
47 40 43
39 32 49
40 46 44
33 46 44
35 47 43
34 47 44
29 56 57
36 41 50
50 62 59
43 55 47
37 44 39
32 44 37
25 48 50
30 34 50
25 48 46
30 58 47
43 58 47
54 54 43
57 50 37
54 36 40
51 31 39
46 24 37
41 19 32
36 21 29
33 0 40
36 19 23
40 3 24
51 24 50
60 15 57
51 14 44
46 21 36
37 24 37
30 20 33
35 17 33
39 6 30
38 31 45
46 24 50
51 21 42
51 31 39
57 35 37
55 41 40
52 42 38
51 41 39
49 44 37
44 46 41
43 50 40
38 48 42
36 50 45
36 51 45
33 51 44
30 52 43
28 49 45
26 54 44
25 47 46
27 47 48
25 44 48
23 46 48
24 42 45
23 46 47
23 45 46
23 44 47
23 46 46
21 47 46
20 47 48
17 45 44
20 47 43
23 45 41
27 44 42
28 42 44
26 45 43
24 49 44
22 49 42
19 46 40
16 49 37
14 47 35
13 47 34
13 45 34
13 43 33
13 43 32
12 41 34
14 41 32
15 41 32
14 42 34
15 42 33
14 43 33
13 43 32
14 42 32
15 42 33
15 43 32
14 42 33
14 41 33
15 43 33
15 42 34
14 42 32
14 42 33
15 42 33
14 42 33
13 41 34
14 42 33
14 42 33
15 41 32
13 41 34
14 42 32
14 42 34
14 42 33
14 42 33
14 43 33
13 43 33
13 42 33
14 43 33
12 42 34
11 43 33
11 47 35
15 50 34
