30 39 52
31 37 52
30 37 52
30 38 51
31 38 53
30 38 52
31 39 52
31 38 53
32 38 52
30 38 52
30 38 52
28 41 53
30 34 52
27 34 53
29 35 51
29 41 50
30 46 50
25 44 49
26 45 48
24 40 47
24 39 50
23 41 49
23 37 48
18 41 49
18 30 50
17 42 48
20 47 52
20 43 50
24 45 51
28 53 48
31 54 45
35 51 43
37 51 42
39 52 38
38 51 38
37 48 39
38 49 41
39 46 43
40 45 45
40 44 45
45 46 47
41 48 42
43 43 42
45 44 42
47 42 42
45 39 39
47 35 29
49 25 52
57 34 52
62 30 44
62 32 42
58 37 33
57 44 30
45 44 33
33 49 39
29 46 42
32 42 40
45 37 45
47 41 43
52 29 36
52 28 42
51 26 54
63 24 43
63 31 42
60 36 34
50 41 32
34 46 34
30 40 41
33 33 42
45 33 42
49 33 41
51 27 42
52 25 43
60 27 58
63 23 55
62 28 44
54 34 39
43 38 36
31 40 41
31 37 42
45 26 42
50 31 35
46 19 34
55 0 44
51 29 57
58 14 58
61 27 47
50 34 40
36 35 35
23 30 39
36 27 42
45 19 32
42 15 30
44 0 32
48 13 42
51 14 35
58 20 16
56 37 18
48 63 25
47 63 37
44 63 37
42 57 42
43 47 36
46 38 35
46 49 41
51 45 40
42 47 42
40 42 41
31 35 46
27 51 63
38 37 55
38 58 63
39 56 43
47 51 29
49 44 28
44 37 30
45 35 30
45 48 44
48 45 42
53 42 38
46 45 47
41 43 48
41 31 55
36 44 61
39 46 54
44 54 50
48 51 39
47 42 28
45 41 33
45 34 31
39 46 42
46 38 41
48 47 43
45 48 41
43 45 46
37 39 55
38 49 51
44 53 53
48 56 51
45 50 41
43 44 36
38 37 35
35 49 32
44 49 44
45 47 41
43 55 48
41 39 43
39 47 51
35 44 45
31 47 48
33 57 51
35 59 44
40 61 44
42 55 42
45 54 36
49 46 36
47 41 37
47 40 39
44 37 39
41 33 38
42 33 35
47 27 37
51 23 40
54 19 38
55 23 47
62 23 50
62 30 40
56 37 28
49 40 28
41 43 40
39 46 43
39 44 49
40 44 48
44 34 48
46 36 44
49 33 40
50 27 36
49 27 45
43 28 37
50 41 51
63 26 57
63 27 47
59 32 36
46 37 35
33 35 33
31 37 36
43 15 36
46 25 32
48 23 31
54 0 48
56 14 45
59 21 40
58 27 27
51 43 32
52 55 45
48 58 45
49 54 42
47 44 38
46 39 36
45 45 43
43 44 44
40 38 40
40 38 47
40 42 48
36 46 51
44 49 48
33 34 59
33 32 56
35 38 59
41 53 55
41 59 41
38 44 36
32 35 35
33 29 46
38 47 50
39 52 52
37 50 61
33 43 46
26 55 57
29 60 56
43 63 42
48 62 39
50 47 33
52 29 35
46 27 36
43 27 34
38 22 35
39 27 37
46 19 32
44 18 29
49 3 41
36 42 39
49 20 50
56 23 45
53 34 45
50 38 41
45 39 41
39 45 41
37 43 46
34 45 44
34 39 48
29 43 48
24 44 52
18 45 53
18 44 52
18 45 52
21 42 51
18 40 45
17 38 50
19 49 50
24 46 47
28 47 45
32 38 45
30 32 48
31 33 52
30 32 50
28 36 50
24 41 63
25 35 50
29 35 50
33 42 53
31 35 53
31 35 53
31 37 52
30 38 52
31 36 53
30 36 52
30 37 52
31 39 53
31 38 52
30 39 53
31 38 52
31 37 52
30 38 53
30 38 53
31 37 52
29 39 53
31 39 52
31 38 52
30 38 53
30 39 51
31 38 52
30 38 52
30 38 52
30 38 52
30 38 52
30 37 52
31 38 52
30 39 53
