13 38 35
12 38 35
13 39 35
12 37 33
13 39 35
13 38 35
12 37 35
12 38 35
12 38 34
12 40 35
11 38 35
11 37 37
8 47 39
9 54 41
18 48 42
25 44 42
29 32 41
22 47 46
26 41 45
28 40 44
26 42 45
22 39 47
20 39 47
20 38 48
18 36 47
19 32 50
18 32 49
17 32 49
17 35 45
17 35 49
19 38 47
22 39 48
22 35 48
22 41 50
22 40 50
21 40 49
23 42 47
26 44 45
28 49 44
33 50 38
35 54 36
34 52 37
36 54 32
36 52 36
36 55 35
38 59 39
41 58 37
44 60 31
42 50 33
44 48 34
46 47 36
46 40 37
46 44 40
43 42 39
40 43 43
38 41 43
42 26 50
42 36 43
46 35 41
48 28 48
60 16 47
63 17 45
59 26 34
49 36 36
37 43 40
35 39 42
36 40 49
45 35 46
44 29 44
49 12 45
61 1 52
63 16 47
58 31 31
43 36 35
32 38 46
31 39 44
41 28 44
46 35 44
51 5 45
59 7 60
63 16 46
57 28 35
50 33 33
34 36 36
30 35 42
43 20 44
46 32 44
42 12 32
49 9 38
57 1 60
63 11 54
58 21 40
46 34 37
28 37 39
28 9 51
38 26 39
43 12 34
50 22 27
44 26 35
60 8 63
59 6 49
51 26 39
36 30 36
24 32 32
27 38 38
43 22 28
44 16 22
42 16 29
47 18 62
58 8 57
51 23 39
38 28 33
28 27 35
38 45 38
41 29 25
35 0 23
40 33 42
53 14 50
58 19 42
53 36 44
47 43 44
44 49 49
41 47 50
39 39 46
44 36 46
45 30 44
43 24 38
38 19 38
39 27 43
44 28 44
62 21 58
61 19 44
58 33 38
49 38 40
43 40 43
42 39 46
43 36 44
38 19 45
38 17 37
42 25 39
50 10 54
57 5 63
63 18 54
59 28 43
50 35 30
41 35 33
34 39 41
29 37 49
28 34 53
33 30 56
36 32 57
36 35 51
38 35 52
44 21 44
42 27 49
41 29 53
41 18 46
45 20 42
46 18 39
44 13 32
40 14 30
41 25 40
42 12 46
54 10 27
54 23 27
53 41 35
55 50 43
55 57 50
54 54 46
50 38 40
47 36 37
46 38 39
45 40 39
37 49 43
32 32 52
30 13 59
35 35 63
50 45 53
54 42 40
51 41 37
50 36 35
44 41 38
47 43 40
27 25 60
34 28 63
51 40 55
53 41 40
48 38 32
43 20 34
40 36 42
41 50 44
35 19 49
29 20 63
41 37 63
48 50 46
47 40 33
40 25 32
37 36 45
41 46 46
40 42 50
33 41 56
37 38 57
28 22 56
35 49 62
48 52 55
53 44 38
51 29 35
44 36 36
30 7 43
35 34 46
32 41 51
28 0 50
30 43 50
24 39 61
32 50 63
45 55 55
47 42 43
47 36 36
50 32 35
43 5 51
43 35 44
43 44 42
27 18 46
21 26 62
27 39 60
48 50 55
56 41 45
57 37 35
49 29 38
41 15 53
45 37 47
39 38 48
38 40 49
38 43 49
37 44 47
26 17 61
30 42 47
32 43 59
39 53 62
49 48 51
47 43 41
45 36 43
44 49 49
39 38 45
35 39 46
34 44 48
33 49 48
30 50 58
28 36 53
31 47 59
45 53 54
44 42 45
45 39 42
41 41 49
38 44 49
37 41 47
36 39 47
37 40 48
31 47 50
26 33 55
25 30 45
24 51 59
31 61 52
42 54 50
52 49 49
51 42 42
48 35 41
43 32 40
38 34 45
33 35 41
39 30 45
49 30 43
56 10 56
58 11 49
55 21 38
51 31 39
41 38 37
35 38 43
32 34 44
43 32 44
51 27 46
55 6 56
56 3 49
53 22 43
49 29 37
37 31 35
33 30 43
35 24 47
44 12 36
41 18 28
41 14 21
43 40 41
53 15 45
57 19 43
53 29 37
49 37 35
43 47 45
39 43 50
40 41 50
44 43 45
45 28 42
41 19 34
44 29 39
45 2 54
53 28 53
63 21 61
62 20 45
52 26 37
38 31 35
32 31 31
30 24 31
43 16 32
45 23 27
43 0 36
54 11 58
59 11 57
50 19 43
42 32 36
31 32 27
36 36 32
46 18 20
44 0 31
35 54 34
48 15 42
51 23 40
52 35 42
55 38 41
53 45 47
48 44 47
48 43 42
45 47 41
43 43 42
41 47 43
36 48 44
34 45 47
35 49 46
28 47 48
25 45 48
22 46 49
24 46 47
22 44 47
22 46 46
22 47 46
23 46 45
23 46 44
22 46 45
22 47 47
23 46 47
24 45 44
23 49 46
23 46 45
24 46 45
21 44 46
18 47 46
20 44 46
25 43 44
26 44 45
28 43 46
27 43 42
26 45 42
25 44 41
19 44 39
14 45 39
12 45 38
10 44 36
10 40 36
12 42 36
14 41 35
13 41 38
12 38 35
13 40 35
11 39 34
13 39 35
12 39 34
12 40 33
13 39 34
13 40 34
13 40 35
12 38 35
13 38 35
12 41 36
13 39 34
13 40 35
12 41 35
13 38 35
12 40 34
14 38 35
12 39 35
12 39 35
13 41 34
13 39 35
13 39 34
12 41 33
13 39 34
13 39 35
12 40 35
12 41 35
12 40 35
13 41 35
13 41 35
13 39 35
12 41 35
12 42 36
10 42 37
7 49 39
12 48 41
25 45 40
