30 38 52
30 38 52
29 38 52
29 38 52
30 38 52
30 37 53
29 38 53
29 38 52
29 39 53
31 38 51
30 37 53
29 40 52
30 37 53
29 36 52
30 37 51
29 38 52
30 39 52
30 38 52
30 37 52
31 37 52
30 38 53
29 39 52
29 38 52
30 37 52
29 37 52
29 37 53
30 36 53
29 35 53
30 35 53
29 36 53
30 38 52
30 38 53
30 35 53
24 33 55
26 31 55
26 35 52
28 37 48
28 48 46
30 44 45
26 44 47
23 43 47
19 43 53
19 40 52
24 36 47
21 37 47
18 40 48
16 40 47
17 45 43
17 51 46
24 47 45
28 51 46
30 52 47
35 51 43
34 49 41
37 52 39
37 53 42
39 51 41
41 45 38
44 42 39
42 42 35
42 46 45
42 52 43
39 54 43
39 50 42
45 40 43
47 40 41
45 34 41
46 35 36
47 38 35
53 15 48
56 34 55
63 30 51
62 30 37
58 43 32
47 41 29
31 48 29
30 45 38
37 54 47
51 36 44
57 21 34
52 34 45
51 36 52
62 25 54
63 28 38
56 32 32
49 40 32
37 46 32
37 45 44
35 44 35
41 46 42
50 34 37
52 25 41
54 34 44
52 48 45
59 33 53
63 25 47
62 37 39
48 38 31
30 42 40
28 44 38
40 31 42
48 33 41
51 30 45
53 23 46
51 47 57
62 29 61
62 28 49
52 38 41
38 36 33
20 45 35
39 27 43
50 29 35
49 24 41
52 0 47
50 38 55
62 18 60
59 31 47
53 36 43
38 38 36
34 38 41
37 43 42
48 18 29
46 20 29
37 60 48
56 19 37
61 21 30
58 35 19
51 50 28
44 63 37
51 63 44
48 47 39
45 44 40
48 48 31
51 41 24
46 42 28
45 50 37
43 41 38
43 49 47
38 48 42
32 30 52
33 46 55
40 48 60
37 57 57
46 61 46
53 46 32
52 33 29
43 40 30
42 32 37
44 46 45
45 46 42
41 39 46
41 49 45
36 42 58
33 46 60
40 58 59
44 56 43
43 47 33
44 40 30
44 38 33
47 36 36
47 45 42
44 43 40
43 42 40
41 50 44
41 40 44
44 47 53
43 56 61
46 54 52
56 49 40
51 46 23
39 43 30
35 37 32
43 49 44
50 45 35
50 46 44
49 46 40
43 50 42
41 25 44
41 49 49
43 43 45
43 63 60
48 58 51
40 48 29
35 41 31
43 0 38
42 49 39
38 54 43
33 31 42
33 55 47
32 58 43
41 59 51
44 60 51
45 61 42
45 55 47
47 43 37
47 35 34
44 25 31
40 25 33
48 2 42
42 18 30
45 26 29
49 0 31
46 35 54
59 24 55
62 32 46
53 41 35
39 49 35
32 51 40
30 44 49
27 45 52
28 48 55
33 45 49
34 44 49
41 30 43
42 31 49
42 37 52
40 36 47
48 19 44
46 28 41
48 24 40
47 14 32
45 26 43
53 21 63
63 24 42
59 38 28
53 42 30
40 49 38
29 49 48
36 39 46
49 18 43
49 38 40
49 30 41
55 17 61
63 20 49
59 33 40
50 39 31
36 40 35
29 45 41
38 47 38
50 26 32
50 12 46
57 27 52
62 23 45
59 26 33
56 34 26
53 49 31
37 60 31
28 57 45
32 61 47
39 49 41
44 43 37
47 36 31
45 30 31
41 44 43
42 36 43
36 39 63
47 50 63
54 54 44
43 46 30
32 29 29
34 33 41
45 38 39
43 48 47
41 42 48
35 46 62
38 42 52
41 56 56
46 62 39
49 54 33
50 43 29
50 36 32
51 35 38
46 37 41
48 43 36
41 41 46
40 40 44
37 42 48
38 47 43
30 50 52
30 44 41
26 60 55
31 62 50
37 59 45
42 59 35
49 43 37
52 33 34
50 30 34
47 28 34
34 13 28
52 19 35
51 12 34
50 45 53
62 31 48
60 32 43
58 39 34
54 42 34
47 48 35
42 42 37
39 43 46
36 45 44
42 37 48
44 42 45
46 34 42
47 25 43
47 24 43
46 26 43
42 30 44
49 34 52
63 26 54
63 33 50
59 36 39
46 34 38
35 31 32
33 30 35
39 25 30
50 23 30
48 7 42
45 38 48
52 31 51
57 36 51
55 38 47
48 43 44
41 43 41
39 46 44
36 43 45
34 42 48
28 47 47
25 43 47
22 43 49
18 44 48
18 42 47
14 42 54
16 42 53
18 42 49
15 40 50
17 43 49
23 44 49
29 41 44
32 35 46
31 32 46
26 34 52
25 24 52
24 33 63
29 30 51
32 34 54
29 36 53
29 35 52
33 33 53
32 34 53
31 36 53
30 35 53
31 34 52
31 35 53
29 35 53
31 35 54
31 37 53
30 35 52
31 35 53
31 35 53
29 36 53
30 34 53
30 34 53
30 35 53
31 37 53
29 37 54
31 36 53
31 35 53
32 36 53
31 36 53
31 35 53
31 36 53
30 34 54
30 36 53
30 37 53
30 36 53
31 36 53
32 34 53
