13 36 35
13 36 35
11 36 34
12 36 35
13 37 35
11 35 35
12 36 35
11 36 36
11 35 34
13 34 35
13 35 35
12 36 35
12 37 34
12 36 35
12 37 35
13 36 35
12 35 36
11 33 37
11 32 37
12 36 41
11 44 40
12 50 43
18 51 40
22 49 39
26 47 38
28 46 41
28 45 40
26 44 42
22 40 45
17 35 44
18 33 47
17 31 47
17 29 50
19 31 51
16 32 49
15 33 46
22 41 47
19 32 47
17 37 49
17 40 49
20 41 47
23 45 46
28 53 37
37 55 36
41 54 38
45 54 42
48 50 42
47 48 42
46 47 39
45 42 42
43 47 40
39 48 38
35 43 42
34 41 44
38 37 49
42 37 46
46 38 44
43 27 45
55 11 54
62 26 47
56 37 36
48 37 34
38 45 41
35 43 44
37 38 45
48 33 49
53 25 48
48 24 55
62 16 48
61 30 44
50 39 37
42 38 38
31 41 44
41 27 51
45 23 39
49 31 40
51 15 42
60 0 57
62 13 63
62 28 53
51 33 39
35 37 33
18 29 26
41 12 43
43 28 28
45 3 22
34 34 39
51 8 63
55 18 54
48 34 39
36 29 29
46 2 59
43 23 28
32 17 8
31 34 35
46 20 47
59 16 41
56 31 43
47 44 37
48 44 39
45 44 43
38 49 47
36 42 45
39 47 45
43 38 47
45 30 39
45 21 41
44 26 41
37 27 42
57 18 56
63 30 59
62 38 45
54 45 34
35 43 28
29 45 34
29 33 47
22 28 47
32 33 56
37 37 51
36 42 53
40 28 47
45 34 51
39 33 52
43 32 50
47 17 42
46 26 42
43 23 37
49 0 21
38 27 38
38 16 62
53 9 54
58 27 52
51 35 36
36 40 35
29 42 46
24 39 54
24 36 56
31 33 56
36 32 49
41 29 48
38 31 52
38 27 52
34 34 47
45 20 30
46 28 26
48 0 45
40 21 54
60 16 51
62 31 41
57 38 38
48 44 38
39 46 42
35 46 49
32 45 49
41 29 49
46 40 49
54 0 50
60 13 50
53 34 41
45 37 40
32 48 44
27 41 43
44 36 49
45 26 37
55 0 60
57 16 44
50 38 43
43 38 40
38 42 47
35 32 39
47 16 32
47 17 36
50 0 39
57 6 47
60 19 39
52 36 39
48 51 38
46 50 45
39 50 43
37 46 45
46 24 56
41 44 45
45 28 40
46 22 36
48 20 34
44 8 47
61 16 41
61 25 36
57 32 28
49 47 35
48 57 39
47 61 46
45 51 41
44 41 37
43 35 30
46 32 20
38 39 43
31 38 59
37 45 63
49 48 53
51 40 39
48 34 26
42 35 31
36 37 39
36 28 55
32 40 63
44 55 59
46 44 35
39 40 32
36 24 25
37 46 40
36 52 37
29 35 51
22 48 63
38 56 55
47 63 44
53 51 34
53 32 35
48 33 36
40 54 44
44 43 39
39 43 47
38 46 45
34 44 45
33 40 42
21 43 62
25 49 55
40 63 55
48 53 48
43 49 35
47 35 39
41 50 46
38 45 44
35 47 45
33 47 50
29 50 46
27 40 52
27 40 48
24 55 59
37 52 50
47 55 46
54 51 43
55 40 39
52 34 37
47 31 37
41 30 41
36 33 43
33 29 32
43 29 41
50 25 38
57 14 55
63 13 57
57 28 42
51 33 36
36 35 36
34 33 36
39 21 43
45 23 33
47 18 23
42 5 35
55 12 60
62 21 41
56 35 40
51 38 39
44 44 37
38 47 46
38 44 49
35 46 47
42 44 44
46 28 41
47 20 36
47 22 41
42 10 43
55 26 55
62 27 61
62 30 48
55 31 39
43 35 35
32 29 32
27 12 30
41 22 30
47 22 29
51 1 28
38 24 41
55 31 53
55 20 49
52 22 39
50 29 31
49 32 28
51 40 34
48 54 38
48 61 41
47 59 40
43 51 37
42 42 42
48 51 49
46 43 39
39 44 42
38 45 42
36 48 43
33 45 45
32 51 54
34 41 49
37 58 62
42 57 53
45 50 45
43 44 30
40 38 35
44 31 37
41 22 49
38 43 43
38 49 50
37 46 47
34 48 50
22 43 62
30 42 57
44 56 63
46 52 48
44 42 38
38 29 32
34 35 40
36 58 49
47 39 43
43 48 46
42 51 48
37 44 40
21 36 60
28 43 52
41 61 56
49 62 46
49 47 41
47 41 38
49 37 40
46 26 53
46 44 41
39 41 41
35 44 49
37 47 47
38 41 43
35 45 46
36 45 47
29 47 53
31 39 39
33 57 60
47 59 49
46 51 45
43 47 40
43 40 41
42 29 44
42 48 47
37 41 39
36 45 43
37 51 45
34 50 49
30 31 54
28 46 47
23 53 48
29 54 49
36 59 48
42 57 44
47 55 46
49 48 37
50 40 38
52 28 36
48 23 34
45 21 28
40 19 28
43 5 37
42 20 28
46 6 30
42 33 40
49 23 44
56 25 41
55 28 37
52 33 38
52 37 43
47 43 41
47 42 43
40 46 44
37 45 46
35 42 46
31 46 49
26 47 46
26 51 53
25 42 50
22 46 50
23 41 51
24 42 49
22 42 48
20 42 49
23 40 48
23 41 50
22 40 47
20 40 48
20 40 49
18 41 48
17 38 49
20 38 50
27 37 47
27 45 46
32 41 46
29 45 46
26 45 45
23 47 46
23 43 43
18 41 41
10 44 40
7 38 34
9 41 40
11 42 38
12 39 33
13 38 33
13 37 34
11 34 35
12 38 34
11 37 35
12 37 34
12 37 34
12 37 34
12 36 34
12 36 35
13 36 34
11 36 35
12 36 34
12 38 34
11 37 34
13 37 35
12 38 34
11 35 35
12 36 34
12 37 35
13 36 34
12 37 34
13 37 35
12 37 34
13 37 34
12 36 34
11 38 35
12 37 35
12 36 35
11 37 34
9 41 37
