12 36 33
12 36 33
13 35 34
12 35 34
12 36 35
11 35 34
12 35 33
12 36 34
13 36 34
12 36 36
12 34 35
8 32 35
10 35 35
15 35 36
12 34 37
13 35 36
14 34 37
14 35 37
13 32 38
13 33 37
13 33 36
6 34 35
13 33 33
12 33 34
13 33 33
14 34 33
13 35 34
13 34 34
12 35 35
14 35 35
12 34 34
4 33 34
10 32 35
13 32 34
16 30 34
14 35 34
13 32 36
12 35 35
12 31 36
12 32 37
10 31 36
8 33 35
9 33 34
10 32 33
13 32 32
14 33 32
13 33 33
14 33 33
13 34 33
12 33 33
12 34 34
4 36 34
12 33 36
13 35 36
13 29 34
13 32 36
13 33 36
13 32 38
16 32 38
15 33 38
5 33 36
7 33 36
11 35 34
11 33 34
16 30 34
14 34 32
13 34 32
13 34 34
13 35 34
12 33 35
4 32 34
11 33 37
11 35 35
16 32 34
14 35 36
14 35 36
14 34 37
14 34 38
13 33 36
0 34 34
11 36 33
13 34 34
14 34 34
15 32 33
14 35 34
15 34 32
12 34 34
11 33 35
2 33 35
13 33 36
12 36 37
14 34 36
14 34 37
14 36 36
14 34 36
14 35 36
14 32 37
1 36 35
8 34 33
11 35 35
14 35 36
15 34 33
14 34 34
16 34 34
13 34 34
12 35 33
7 35 33
9 34 35
12 37 38
13 34 36
16 32 37
12 36 36
13 36 37
13 35 37
13 34 37
5 34 35
9 34 35
12 37 33
13 36 34
13 34 33
14 34 34
15 33 33
14 33 33
13 35 33
11 35 35
5 34 35
10 34 38
12 34 35
17 32 36
14 36 35
13 36 35
14 36 37
13 35 38
10 35 36
5 34 36
9 36 35
10 35 35
15 32 35
15 34 34
16 32 34
16 34 34
12 34 33
12 33 36
1 36 36
13 33 39
14 34 35
16 33 36
13 35 36
13 36 37
14 35 37
14 35 36
10 35 38
3 35 35
11 36 34
10 35 35
14 33 35
15 34 33
15 34 35
15 34 34
13 34 34
11 35 36
6 33 36
11 32 38
12 32 35
14 31 36
16 35 36
15 35 37
15 35 38
12 35 38
11 33 36
3 35 36
9 37 36
10 37 36
14 33 35
15 35 33
14 34 33
14 35 33
14 36 33
12 35 35
2 35 36
11 34 38
13 33 36
15 32 36
15 34 37
15 37 38
17 36 38
14 36 39
12 35 37
4 36 38
11 34 35
12 34 36
15 34 35
14 33 35
15 34 35
14 36 35
15 35 35
12 36 36
2 34 36
12 32 38
15 36 37
12 36 35
16 35 38
14 37 37
13 35 37
14 34 37
13 36 36
0 35 36
12 35 34
11 36 34
15 34 35
14 33 33
13 33 34
15 33 35
14 34 34
12 35 36
3 37 36
12 37 38
14 35 37
14 35 36
14 34 36
14 36 36
16 37 39
13 36 39
13 34 37
1 38 36
13 34 36
10 36 35
14 37 36
15 34 34
14 35 34
16 33 34
15 35 34
13 34 35
9 36 34
7 35 37
13 36 37
12 34 35
14 31 37
12 34 37
15 34 37
13 35 37
13 34 37
2 36 35
12 34 35
10 36 34
13 34 34
14 29 33
13 33 32
15 33 33
14 33 33
12 33 34
9 33 34
2 34 35
13 33 37
15 33 35
15 32 35
14 34 37
15 38 37
16 37 38
14 38 39
9 37 38
1 37 37
14 35 35
12 38 35
14 34 34
16 32 34
15 34 33
15 35 34
15 36 34
12 34 36
2 35 35
13 33 37
12 36 36
15 35 35
14 33 36
13 36 36
15 36 38
14 34 36
12 33 38
2 37 35
11 35 36
10 35 33
13 35 34
16 33 33
15 35 32
15 35 34
14 35 33
12 36 35
11 36 35
2 35 35
12 34 37
12 35 36
15 34 34
15 35 37
15 37 36
15 36 37
14 35 37
12 34 37
2 36 36
13 35 34
8 33 33
15 35 34
15 32 34
13 33 33
14 32 34
15 35 32
13 34 34
8 32 35
4 35 37
13 36 38
13 34 35
14 33 36
15 36 37
14 36 37
14 36 37
13 36 36
8 35 36
6 35 37
14 37 35
10 36 35
15 34 34
14 34 34
15 34 34
14 34 33
13 35 33
12 35 35
5 37 35
10 33 38
13 36 37
13 33 36
13 33 37
14 35 37
15 35 38
13 36 37
14 33 38
3 34 36
8 35 36
12 36 34
11 33 34
14 33 33
16 34 33
15 33 33
14 35 33
12 35 34
12 36 35
3 37 37
13 34 38
10 35 36
11 33 37
17 34 36
15 35 35
14 34 37
14 35 37
13 37 38
4 36 36
7 33 35
10 35 34
14 34 33
16 33 34
14 34 33
15 34 34
15 36 35
14 37 36
11 37 35
4 36 35
10 35 35
11 36 37
14 34 36
15 33 37
13 36 37
13 35 37
14 35 36
13 36 36
5 33 32
7 32 33
13 34 33
11 30 31
14 31 33
14 35 32
12 35 33
14 34 33
12 35 35
10 34 36
5 35 35
11 34 37
12 36 38
14 34 35
14 32 35
14 35 35
16 35 36
15 37 35
13 35 36
4 35 36
9 35 35
10 38 34
13 33 33
15 36 34
14 35 32
12 34 34
12 35 34
12 37 35
11 39 36
5 39 37
14 37 37
11 37 35
13 33 35
16 34 34
15 38 34
13 35 36
13 32 35
14 35 36
11 33 35
3 36 36
13 32 34
10 30 31
13 33 34
15 34 33
12 33 34
13 32 33
14 34 35
13 34 34
13 35 35
2 34 34
14 33 37
13 34 36
10 34 36
15 33 37
15 35 37
14 34 38
14 35 38
13 35 38
3 34 35
9 34 35
12 34 35
11 33 33
14 32 33
15 32 34
14 32 34
15 32 33
14 34 35
13 35 35
10 35 37
5 34 38
16 33 37
9 35 36
13 33 37
17 34 36
15 37 36
15 33 38
13 34 36
12 33 36
6 34 35
11 33 33
11 33 34
10 34 32
13 32 32
13 32 33
11 30 33
13 33 33
12 33 32
13 35 34
10 36 34
12 34 36
12 32 36
11 33 38
13 31 37
14 32 37
13 33 38
12 34 39
13 34 39
12 36 39
12 34 39
12 35 38
12 33 37
13 33 35
12 33 36
12 33 36
11 32 37
12 32 35
12 33 35
13 33 36
13 34 37
12 34 36
12 33 35
12 35 35
13 34 35
