40 36 49
41 36 48
39 43 43
40 43 43
38 45 37
41 43 38
30 43 36
22 49 39
11 41 38
1 44 38
0 44 37
6 41 37
12 40 37
11 39 35
14 37 36
12 38 34
12 37 34
12 36 34
12 37 34
14 38 35
13 36 35
12 38 35
13 37 36
12 38 36
12 38 36
13 39 36
12 37 36
12 37 35
12 38 36
13 38 36
13 38 36
12 38 35
12 38 35
13 38 35
11 37 34
12 38 36
12 37 35
14 37 35
12 38 36
13 37 36
12 39 36
13 38 35
12 37 36
11 37 35
13 38 35
13 37 35
13 37 35
13 38 34
12 37 35
12 39 35
11 37 34
12 38 34
15 37 35
13 37 35
13 38 34
12 37 36
13 38 36
14 37 36
13 38 36
12 37 36
12 38 35
14 37 35
13 37 35
13 37 35
14 38 35
13 40 35
12 38 34
12 40 34
13 41 35
11 41 38
13 39 38
13 40 39
13 38 37
14 38 37
14 37 36
15 37 37
14 37 36
12 36 35
6 38 36
7 40 37
15 38 36
13 39 36
13 40 38
11 42 39
9 39 37
11 37 35
9 40 34
10 36 33
11 35 33
15 35 35
17 36 36
16 35 34
17 38 35
17 39 35
13 39 35
9 39 38
6 39 38
0 39 37
10 40 39
8 39 37
10 36 36
13 35 35
12 35 33
14 35 33
14 36 33
14 36 33
12 37 33
12 37 35
13 37 35
14 38 35
13 40 35
11 41 40
10 40 41
8 40 41
2 41 42
8 39 36
6 37 35
10 34 34
11 34 31
13 36 32
15 36 32
15 37 33
11 37 33
12 37 36
13 38 36
15 37 35
17 39 40
11 37 41
12 35 41
9 41 42
8 42 38
6 39 39
6 37 33
8 40 30
13 36 29
11 36 31
13 36 33
15 37 33
14 36 34
11 36 34
16 38 36
12 39 36
10 40 35
12 40 36
12 38 37
12 39 38
12 40 38
9 41 38
4 41 39
3 40 29
9 33 30
11 36 30
12 38 32
11 36 31
14 35 32
14 37 33
12 36 34
13 35 35
14 35 37
16 38 35
14 37 37
10 39 38
10 40 38
6 40 39
3 39 41
9 39 36
9 37 36
11 36 35
12 37 34
10 36 31
11 34 32
8 37 33
13 33 33
15 35 34
16 37 37
15 37 34
15 39 36
13 37 37
9 39 42
9 38 43
7 40 41
5 40 42
7 35 37
9 34 34
13 37 35
14 36 33
14 36 33
17 36 33
15 36 33
10 35 33
9 38 35
13 38 37
17 36 36
12 38 38
11 41 40
9 43 41
5 42 41
0 42 43
8 38 39
4 36 36
9 35 33
14 35 33
18 35 33
19 36 32
16 37 33
10 36 34
11 35 35
8 37 36
13 38 36
16 37 38
11 40 39
12 39 39
7 40 39
4 39 38
5 40 37
7 35 36
9 35 33
10 36 34
13 34 32
14 35 32
15 35 32
15 36 34
10 36 32
10 36 36
12 38 36
15 37 36
10 39 37
11 39 39
10 40 39
6 41 39
1 42 42
6 41 37
5 37 36
12 34 33
13 37 33
13 35 32
16 36 33
16 36 33
10 38 34
11 39 39
11 36 33
13 39 37
15 38 37
11 37 37
11 39 40
8 39 42
1 40 41
7 37 39
5 35 36
11 35 34
14 36 34
12 37 32
14 36 33
11 37 33
14 36 33
12 36 33
14 37 36
13 37 35
15 37 37
14 39 37
10 37 39
10 38 40
6 39 39
1 40 40
8 37 36
8 36 34
13 34 33
13 37 32
12 34 31
14 35 33
12 34 33
8 35 33
13 37 37
14 37 37
16 35 38
18 37 37
14 38 38
13 40 39
11 38 39
6 40 38
6 41 37
6 39 34
11 36 31
13 35 29
12 36 28
12 34 30
10 36 30
12 35 34
12 36 37
14 37 36
16 37 35
14 39 36
11 40 38
10 40 39
7 41 37
8 39 39
7 36 35
10 38 34
14 36 34
13 36 33
14 35 33
13 36 33
15 35 33
11 35 33
11 36 34
14 37 35
17 39 35
15 39 36
10 40 37
7 37 37
7 37 38
1 41 41
8 38 35
8 38 36
11 36 34
10 36 33
11 35 32
11 35 32
11 35 33
7 34 30
15 36 35
13 36 35
16 36 36
16 37 36
12 39 37
10 41 39
8 41 40
2 40 39
8 39 38
9 38 37
10 37 34
13 35 34
13 36 34
14 35 32
14 35 33
13 35 34
8 36 34
14 38 35
12 36 36
12 38 37
14 37 38
12 38 37
13 38 39
9 40 38
8 38 37
7 39 39
7 39 37
9 36 36
13 35 33
12 36 33
12 37 32
14 36 32
13 35 32
8 37 33
12 37 37
13 38 37
15 37 38
15 37 35
10 39 38
12 40 37
10 41 37
4 40 37
8 38 33
10 40 35
9 40 32
8 35 33
9 36 33
12 36 33
15 37 34
19 36 35
11 35 33
13 37 35
12 38 37
11 37 35
9 39 34
11 39 36
12 40 37
13 41 38
9 41 39
6 38 39
8 38 35
4 37 35
11 36 35
12 36 33
11 35 33
12 35 33
16 36 33
16 37 35
10 38 35
13 38 38
13 37 36
10 36 38
12 36 40
11 39 40
12 38 40
13 38 39
13 37 37
9 39 37
11 36 36
14 35 35
12 37 34
13 36 35
13 35 34
14 37 35
13 38 34
14 37 35
12 37 35
11 38 35
11 37 36
13 38 36
12 37 36
12 37 34
11 36 35
12 38 34
13 37 34
12 37 35
13 36 35
13 37 35
13 38 35
12 38 36
13 37 34
12 38 35
12 38 35
12 38 35
12 38 35
12 37 36
12 37 36
12 37 35
14 37 35
13 38 35
12 36 36
13 37 35
13 38 35
14 38 35
13 36 35
13 37 35
14 36 35
11 37 36
14 37 35
13 37 36
12 37 35
12 37 35
13 37 35
11 37 35
11 37 35
13 36 35
13 37 35
13 37 35
12 37 35
12 37 34
12 37 36
13 37 35
11 37 35
12 37 35
12 37 36
12 37 35
12 38 35
11 38 35
13 37 35
11 39 36
11 43 36
8 47 37
9 53 36
13 54 37
17 54 36
22 52 38
28 46 37
34 40 38
39 38 41
40 37 41
38 32 47
38 34 53
39 35 53
39 35 54
39 34 53
39 35 52
39 36 53
40 32 51
