13 35 34
12 36 34
8 36 33
10 37 34
12 36 33
14 36 35
14 36 35
12 37 35
11 37 33
12 37 33
11 37 34
13 39 34
13 38 33
12 38 35
12 39 33
11 37 34
12 36 33
12 36 34
11 34 35
10 36 33
11 36 36
12 33 35
13 35 36
15 35 36
15 35 35
13 35 36
11 35 35
14 35 36
15 33 36
15 34 38
14 34 36
11 34 35
9 33 34
7 35 36
5 36 34
14 36 35
14 36 35
13 34 32
13 35 32
12 38 32
12 37 31
13 36 32
12 36 32
11 37 33
10 37 34
7 36 34
14 33 35
11 35 34
15 36 37
18 35 35
15 35 37
11 35 37
13 35 37
15 37 36
10 36 36
3 37 37
4 37 36
15 35 34
13 33 31
15 36 30
15 38 30
14 37 32
16 37 34
13 37 34
10 37 34
11 38 37
8 36 34
4 37 36
17 32 35
17 36 35
17 37 34
16 36 34
15 37 35
16 36 37
13 35 37
11 38 39
8 36 35
1 38 36
9 36 34
11 39 36
15 33 31
17 31 32
16 36 31
15 38 32
15 36 32
10 38 33
9 37 35
7 34 34
6 31 36
13 31 32
16 34 35
18 38 35
17 33 36
15 36 37
12 35 33
12 34 37
10 36 35
3 37 34
3 39 36
10 36 34
12 33 34
17 28 31
16 35 33
14 38 30
16 39 34
12 38 35
9 38 36
6 34 34
5 35 33
13 33 34
14 34 34
15 34 35
19 35 34
18 35 34
12 34 36
13 34 36
11 37 37
10 35 37
4 37 38
3 37 39
13 35 37
12 35 34
16 34 31
17 35 32
18 37 31
17 36 32
12 38 33
10 37 35
5 35 35
3 35 35
14 33 36
15 35 34
17 37 36
17 37 36
16 36 36
13 36 36
14 37 37
11 37 37
13 34 34
3 37 35
9 39 34
10 39 36
11 37 35
17 34 34
17 36 35
16 38 33
14 36 34
10 36 32
12 37 36
5 37 34
8 35 35
13 35 35
14 36 37
17 36 37
17 35 36
16 37 36
14 36 36
13 38 37
9 38 38
9 34 36
4 37 35
7 40 38
14 37 33
9 37 34
15 34 32
16 35 32
17 36 31
15 38 32
9 36 32
12 36 34
5 37 34
6 36 35
13 34 34
14 36 35
17 36 35
18 38 35
16 37 37
14 39 38
13 38 38
11 36 37
11 37 35
3 39 36
11 38 33
11 39 34
12 35 33
18 31 29
16 37 31
18 36 30
16 38 31
9 38 31
10 39 35
4 36 32
7 36 36
14 33 34
15 34 34
18 35 35
19 38 35
14 36 36
13 36 37
11 36 37
9 36 35
8 37 35
3 37 35
9 33 34
7 34 34
14 32 34
18 34 33
18 36 31
16 38 33
10 37 30
10 37 31
13 38 36
8 35 32
7 36 36
12 32 33
13 33 33
15 34 35
16 31 38
15 36 35
15 37 33
14 37 34
9 37 34
10 37 34
3 39 32
10 38 32
9 37 36
11 34 33
18 28 31
14 33 33
13 38 30
15 36 28
7 37 30
11 30 33
10 33 31
9 36 31
11 33 32
10 34 32
17 35 33
18 35 33
16 32 35
14 35 31
9 32 31
8 36 30
8 34 30
3 38 32
10 33 31
13 37 33
16 32 28
19 29 27
16 29 28
15 34 30
12 37 30
8 40 32
11 35 32
6 32 33
10 32 32
13 32 31
14 34 33
19 34 34
15 36 34
14 36 35
13 35 34
10 34 36
9 37 34
3 38 34
10 39 34
10 39 37
13 35 34
18 31 34
17 37 32
18 39 32
17 37 33
9 36 32
9 36 35
4 36 33
10 38 36
13 32 34
14 36 35
19 36 36
18 37 36
15 36 37
14 36 36
9 37 35
10 35 34
1 37 33
9 34 31
12 33 32
15 34 28
18 31 30
16 33 32
14 36 31
15 37 32
9 37 32
12 36 33
6 31 30
3 35 32
12 28 32
13 32 32
16 34 34
16 36 36
17 39 33
13 41 32
11 41 34
11 35 33
4 35 32
5 36 34
11 38 32
11 36 32
16 34 31
17 35 31
17 35 31
15 37 33
10 40 32
11 39 34
6 35 31
9 36 33
11 34 35
11 34 34
15 34 36
18 33 35
15 35 36
15 36 36
13 36 36
12 38 37
9 38 34
0 38 36
11 37 34
13 38 35
13 36 33
16 35 32
15 37 33
18 39 32
17 39 33
10 42 34
12 41 36
8 38 34
7 39 36
13 36 35
14 36 35
15 36 36
18 36 35
17 39 35
14 37 37
13 38 37
10 39 35
8 37 33
2 41 34
9 39 31
12 37 33
14 30 31
17 32 30
15 38 29
14 38 34
14 37 33
10 36 34
10 37 34
8 35 30
10 34 35
14 33 35
14 35 34
17 36 35
16 37 35
14 37 34
12 38 34
13 37 34
12 38 35
9 38 34
2 39 36
9 40 35
8 40 35
16 32 33
18 36 33
16 39 32
18 38 32
12 39 32
10 37 33
9 36 34
6 37 35
12 36 37
14 35 35
18 38 36
16 38 36
15 37 36
14 36 36
13 36 39
11 36 38
13 34 34
2 39 35
8 38 35
14 37 36
13 37 34
15 35 34
13 34 34
15 37 33
16 37 33
14 39 33
14 37 36
7 37 35
4 36 36
15 35 37
14 37 37
19 38 37
18 39 37
13 39 37
12 38 38
14 38 37
13 37 35
8 38 35
3 40 36
9 36 35
12 38 33
12 35 32
16 30 30
15 35 30
16 39 30
15 38 31
12 37 33
10 39 35
11 37 35
5 35 33
14 37 37
18 35 36
13 37 35
14 38 36
15 37 36
16 38 35
15 38 36
10 37 37
10 37 36
11 37 36
9 38 31
8 38 33
15 37 33
11 36 31
10 31 32
13 30 33
13 37 29
14 36 29
13 37 30
11 38 33
14 38 35
11 37 33
11 36 34
10 36 34
15 37 35
16 35 35
15 36 35
12 35 36
11 35 38
14 35 38
14 37 39
13 39 39
14 38 37
13 39 38
14 39 40
11 39 38
13 39 39
15 37 37
15 39 38
15 39 36
6 43 35
7 42 36
13 39 37
14 43 37
13 46 40
13 48 39
22 43 40
25 43 38
27 47 40
25 46 40
24 45 40
22 48 41
22 45 41
22 45 41
20 45 40
19 44 42
15 42 41
14 39 41
14 36 39
11 35 37
9 38 39
9 35 37
12 37 36
14 38 38
14 36 38
13 37 37
13 38 37
10 39 47
15 38 39
15 41 38
16 40 39
14 42 38
14 40 37
14 40 44
14 42 39
14 38 40
14 36 42
13 33 44
15 35 43
17 34 44
