38 37 52
38 39 50
37 42 49
38 43 46
36 44 48
36 41 46
34 41 46
31 46 48
29 42 47
24 42 47
21 48 48
19 41 43
17 42 43
10 42 41
7 41 40
5 42 40
8 39 38
10 37 37
12 38 36
10 37 35
10 35 34
12 36 33
13 37 33
14 38 34
15 40 38
15 42 42
12 42 44
13 41 43
17 40 41
15 42 43
17 39 43
18 41 45
20 38 48
20 36 50
21 34 50
21 34 51
23 35 53
23 34 53
24 31 48
25 31 48
23 29 47
24 29 54
25 32 49
23 30 49
24 27 50
22 29 49
19 28 49
18 27 44
17 26 47
19 27 43
24 32 42
22 34 42
17 29 35
12 39 40
10 36 41
10 36 40
8 39 42
4 29 42
3 25 41
6 32 43
12 32 36
10 35 31
11 36 33
13 37 31
16 37 33
17 36 31
12 34 33
7 34 34
4 32 33
7 33 38
10 32 34
17 37 36
20 37 34
18 39 35
14 38 36
9 35 37
6 36 38
5 40 39
13 36 39
10 36 35
10 34 34
14 34 34
16 37 34
16 35 33
17 35 34
10 35 33
3 38 33
13 37 37
10 35 34
15 32 35
18 36 35
15 38 35
15 38 36
14 37 36
8 35 35
3 36 35
12 37 38
8 34 33
9 35 30
11 37 34
14 37 34
17 38 33
17 35 34
12 37 34
7 33 33
6 35 35
11 36 39
12 34 35
17 35 34
18 38 36
16 38 38
12 43 41
12 44 40
10 48 41
4 45 39
8 44 35
9 41 34
12 42 35
14 40 35
17 42 34
20 46 36
22 46 38
22 46 39
21 46 39
20 45 36
16 44 34
9 45 30
14 45 32
21 47 32
20 51 31
21 50 34
18 56 31
23 45 28
26 49 27
25 55 27
27 53 29
26 55 27
30 53 24
28 51 26
25 50 25
25 49 25
24 48 25
24 51 28
24 46 18
27 52 22
26 51 24
27 51 25
24 51 27
24 50 28
24 52 24
25 51 25
23 51 27
25 50 26
23 51 28
25 54 31
24 50 30
24 51 34
23 51 31
24 52 32
21 50 32
21 51 28
26 63 23
25 57 39
20 56 37
24 46 40
22 51 35
25 50 32
22 50 33
23 50 34
22 51 34
23 50 34
22 50 32
21 50 34
22 51 32
26 50 37
28 50 39
21 46 40
12 41 39
12 42 38
11 41 35
9 42 35
12 39 33
12 40 33
12 41 31
10 41 31
11 39 30
14 38 33
12 40 32
14 40 35
15 40 35
13 40 36
12 39 37
14 40 36
13 40 36
14 38 37
14 38 36
13 38 35
13 38 34
11 38 37
13 37 35
11 36 34
11 35 35
13 36 35
13 37 34
13 36 35
10 37 35
8 41 34
12 36 32
14 40 33
14 40 32
14 39 32
14 40 36
14 42 35
15 41 35
15 43 38
13 38 41
12 36 38
9 34 38
4 36 35
11 33 30
13 39 33
13 37 31
18 38 33
18 37 33
16 39 35
14 39 36
12 38 36
9 39 36
4 33 38
7 36 39
15 39 30
13 38 29
17 39 30
15 38 32
13 39 31
12 38 32
12 36 32
11 35 33
3 38 31
14 35 35
18 38 37
8 35 34
13 34 35
15 38 34
14 38 36
15 38 35
13 36 35
12 37 34
9 37 34
7 38 35
12 39 34
8 37 33
12 37 33
13 37 33
14 37 33
14 36 33
14 37 33
10 35 32
2 36 29
13 37 33
12 36 34
12 34 35
15 34 34
17 38 35
16 37 35
13 37 36
14 36 37
6 37 37
2 37 36
13 35 36
9 34 34
11 33 32
12 34 33
15 34 32
15 34 32
16 35 32
8 34 31
7 35 33
11 36 35
11 36 35
15 27 38
16 41 37
15 37 38
13 34 37
10 33 36
10 33 38
6 39 39
9 34 39
13 35 36
11 36 35
12 36 33
13 37 32
14 38 34
14 38 35
17 38 37
15 37 38
11 39 39
4 38 38
15 39 39
14 39 37
15 39 36
16 42 35
15 44 37
17 41 38
17 40 37
15 40 35
13 41 36
7 46 37
13 43 35
14 44 34
14 43 33
16 42 33
16 41 34
17 43 35
18 42 37
16 41 35
11 43 36
6 45 38
12 43 37
14 38 34
17 43 37
17 41 36
16 39 34
15 38 35
12 38 34
12 37 33
8 40 34
6 40 35
11 41 31
11 39 29
15 39 29
13 38 26
13 36 29
13 37 30
12 38 30
11 37 32
8 39 32
8 39 33
18 37 32
11 37 33
11 38 33
17 36 34
15 38 35
15 38 35
14 37 34
11 36 34
8 39 33
9 39 35
12 37 37
12 42 33
11 34 32
12 37 32
14 38 33
14 38 33
14 35 33
10 38 32
8 37 31
9 38 33
17 35 34
9 32 34
14 34 35
15 36 35
13 36 35
14 35 35
13 37 35
11 37 35
5 38 34
7 38 36
12 35 33
8 35 33
12 35 32
13 38 32
14 36 32
16 36 33
14 35 33
11 33 34
3 35 33
11 33 35
10 34 35
10 35 33
13 36 34
15 37 34
14 36 36
14 37 35
13 36 35
10 36 36
3 37 37
15 34 36
12 33 33
8 33 31
10 36 33
12 39 35
13 36 34
12 36 35
9 38 34
13 37 35
15 36 33
9 36 33
12 36 34
13 37 34
13 37 35
11 36 35
13 36 36
13 36 36
15 39 38
15 38 38
13 37 38
10 37 39
9 37 38
8 38 39
13 38 36
11 39 35
10 38 33
14 35 32
13 35 31
14 37 33
14 37 33
12 38 34
7 35 35
3 37 35
17 37 37
13 36 34
11 35 34
14 37 34
15 37 34
14 38 35
14 38 36
10 36 37
3 37 35
12 37 36
8 38 34
11 36 35
12 37 34
14 36 32
16 37 32
17 36 32
12 35 33
8 36 33
13 33 37
9 35 38
11 33 38
17 40 36
18 41 35
17 38 37
14 39 36
10 36 35
4 38 35
3 39 37
14 37 36
12 37 34
11 36 35
12 37 33
15 35 34
15 36 34
16 36 34
14 36 36
8 35 33
2 38 36
13 35 36
13 37 33
11 34 32
17 36 33
17 39 33
14 37 35
12 36 36
10 36 36
4 38 37
11 35 37
7 35 31
12 33 31
13 35 32
15 35 32
16 34 34
15 34 34
12 37 35
7 35 35
2 36 34
13 35 34
12 34 34
15 35 33
17 37 34
15 38 34
14 37 36
13 36 37
9 36 37
3 37 37
11 36 38
11 38 35
10 35 34
13 38 33
15 37 32
15 37 33
13 36 32
12 36 33
7 37 33
5 37 34
16 37 36
13 37 36
14 35 35
14 38 36
13 37 36
14 36 35
15 37 35
13 37 34
8 37 34
6 38 34
16 37 32
11 36 31
12 37 31
14 38 30
15 36 32
15 37 31
14 38 33
12 38 34
7 37 33
5 37 33
12 36 34
9 37 32
14 35 33
15 38 34
17 41 34
12 38 35
14 37 35
13 38 34
10 37 35
4 40 32
12 36 30
12 35 31
12 37 30
12 35 30
10 37 29
13 36 30
13 37 32
14 38 32
12 38 32
12 36 31
11 37 32
12 38 32
13 37 32
12 37 32
12 36 33
11 37 31
12 36 33
15 38 34
11 37 35
11 36 34
10 36 36
13 37 37
13 37 35
14 37 36
13 36 33
13 37 34
12 37 34
11 37 34
12 36 35
12 37 35
10 38 35
9 37 34
12 39 35
12 37 32
10 34 31
12 34 31
12 33 31
13 35 33
15 35 33
15 36 34
13 36 34
9 36 34
5 36 33
15 36 34
10 34 31
14 36 34
16 34 34
14 35 37
15 37 38
15 35 35
12 35 35
9 39 34
4 37 36
12 31 37
11 35 29
12 36 28
14 38 33
14 31 33
11 32 34
14 36 34
13 36 35
11 37 37
6 36 35
7 37 34
15 35 35
12 35 34
13 35 33
17 36 35
16 36 36
15 36 37
14 37 37
10 37 38
3 37 35
11 38 36
13 37 33
10 37 32
14 37 34
14 37 33
14 38 32
14 36 32
12 36 32
8 35 32
5 36 31
14 33 32
11 36 36
12 34 34
15 34 35
14 36 34
14 37 35
13 37 35
11 36 37
9 36 36
4 37 34
11 37 34
12 36 31
12 37 32
13 37 30
15 36 30
15 37 32
15 37 32
13 36 32
9 35 33
4 35 33
18 36 38
11 36 36
13 32 35
14 37 37
15 37 37
15 36 37
13 35 36
13 37 36
9 36 35
6 38 37
14 37 33
9 36 30
10 37 31
14 36 29
13 37 29
13 37 32
12 35 32
11 36 32
8 38 32
7 39 34
15 37 34
8 35 33
12 33 33
15 37 33
15 37 32
16 39 34
16 39 34
16 39 34
7 40 34
3 40 38
8 36 33
9 35 32
11 37 33
13 36 33
16 37 33
16 36 33
15 37 33
13 40 32
5 41 34
11 41 37
13 39 37
11 34 36
17 38 34
19 37 35
18 39 37
16 40 37
12 40 37
6 46 44
5 37 47
16 39 30
14 39 30
13 38 34
14 39 33
15 40 35
15 37 35
15 37 34
14 36 35
10 35 33
3 38 33
15 38 35
9 38 33
13 35 34
16 38 34
18 36 34
17 37 36
15 37 37
13 37 37
8 39 37
2 37 36
12 33 35
9 29 26
11 32 29
13 38 33
13 32 34
14 34 35
14 35 35
16 35 36
10 36 36
5 36 31
6 37 34
11 35 34
11 36 32
16 35 32
16 37 33
15 36 38
17 34 42
13 35 39
8 38 37
3 39 35
13 37 34
10 36 33
11 35 32
15 36 35
13 36 34
14 36 37
16 36 36
16 35 36
12 34 35
6 39 34
3 37 33
16 37 33
12 35 32
14 34 31
16 36 34
13 36 36
14 36 38
14 37 39
11 35 38
5 36 37
3 36 36
12 36 33
14 33 31
14 34 31
14 37 33
15 35 32
14 37 34
15 37 35
10 35 34
8 34 34
3 36 33
14 36 34
15 35 31
14 35 30
15 37 32
16 36 33
14 37 33
14 37 34
11 35 36
7 38 36
1 39 35
13 37 34
12 35 33
12 33 34
10 37 31
13 36 32
15 37 32
14 36 33
11 36 33
6 36 32
8 36 36
13 36 37
11 33 35
15 34 35
16 36 36
17 38 37
15 37 36
14 37 37
13 38 38
5 38 37
6 36 36
13 36 35
9 37 32
12 35 30
13 36 30
14 37 29
15 36 30
12 36 31
10 37 32
6 37 32
12 37 36
14 37 35
10 34 33
15 37 35
13 38 35
13 37 34
13 37 35
13 37 33
13 37 34
9 39 34
9 37 34
11 37 33
13 37 31
12 36 29
10 36 28
12 37 28
12 37 29
12 37 30
13 36 29
11 38 30
11 37 31
10 37 32
13 37 33
12 37 36
10 36 35
9 33 37
11 36 37
14 32 37
14 36 36
13 35 37
15 35 36
16 37 35
12 36 35
10 38 34
5 38 35
5 37 36
16 35 35
12 37 36
11 38 35
11 36 33
12 35 33
13 36 33
14 35 33
15 36 33
14 36 34
6 37 34
8 36 35
14 36 36
11 34 32
14 35 34
16 36 35
14 39 35
13 37 34
13 37 35
10 36 35
7 37 37
7 37 36
11 35 34
13 34 32
10 35 31
13 35 31
14 37 32
15 37 32
16 37 33
15 36 34
13 38 36
3 45 38
0 55 41
13 49 42
20 46 39
22 45 39
24 46 42
29 49 45
35 45 42
37 40 42
38 38 43
39 37 50
39 35 50
39 39 51
40 36 54
39 40 53
40 40 51
39 40 51
40 38 51
40 39 51
41 39 48
42 38 51
41 39 50
41 38 50
40 38 50
42 38 52
42 37 50
43 37 50
42 38 51
