34 40 50
35 42 49
33 42 47
30 47 45
29 46 42
23 48 42
17 48 46
16 46 45
16 45 42
17 40 44
15 38 42
13 35 43
11 42 41
11 37 37
11 38 35
10 37 36
12 38 35
9 38 36
11 35 33
13 36 33
13 36 34
15 36 32
14 36 33
10 38 34
8 36 33
7 35 35
15 35 34
12 35 35
13 36 36
16 37 37
18 37 38
17 37 37
12 37 36
10 37 36
5 40 37
8 38 37
9 38 35
9 37 33
12 35 33
15 35 33
16 37 32
16 37 32
10 37 32
7 36 34
12 35 33
12 35 36
16 36 36
16 39 35
16 41 37
13 37 37
11 38 38
6 38 36
3 39 38
10 37 37
7 38 33
9 32 32
14 36 32
14 36 32
17 36 31
16 36 32
12 37 32
7 36 33
14 36 37
12 35 36
17 33 37
17 37 36
14 41 39
13 39 38
8 37 37
3 37 36
6 36 36
11 36 35
10 34 32
12 34 32
15 35 31
16 36 32
15 36 32
12 38 32
9 36 33
12 36 32
13 35 37
13 36 37
18 39 36
15 40 38
14 39 37
8 37 35
4 38 34
2 40 37
11 38 35
8 36 32
12 32 33
18 37 33
16 37 32
15 39 32
11 36 32
9 36 34
9 35 32
12 36 35
14 37 36
18 36 36
16 39 38
14 37 39
9 40 37
6 37 35
3 39 37
10 36 35
7 37 32
11 36 32
17 35 32
15 37 32
17 36 33
12 37 32
9 37 34
8 37 35
10 36 35
12 34 36
17 37 36
17 39 36
14 36 36
10 37 34
6 37 36
2 38 38
10 37 37
10 37 34
10 34 33
14 35 32
17 36 32
15 36 33
11 36 31
11 35 31
8 37 33
14 36 35
14 36 37
16 35 37
17 38 36
13 37 38
9 34 39
8 39 37
4 39 35
10 38 36
8 35 33
9 35 32
14 35 32
17 36 32
16 37 32
14 35 32
11 37 31
7 37 33
13 37 35
13 36 35
14 36 36
15 36 36
14 39 37
12 35 39
8 38 38
4 36 34
6 35 35
9 36 33
11 35 33
16 36 33
16 36 32
16 36 31
16 38 31
9 37 34
4 36 35
11 36 34
13 35 37
15 34 35
17 37 37
18 38 37
12 37 36
9 37 36
3 38 35
7 37 36
11 37 35
11 36 32
12 36 33
14 36 32
15 36 33
16 35 32
11 37 32
9 36 33
6 36 33
14 36 37
12 35 36
16 36 37
18 39 36
16 37 37
13 36 36
10 36 35
4 36 36
9 39 37
12 37 34
11 34 33
15 36 32
16 36 33
16 37 33
16 37 32
9 37 33
4 36 32
10 36 34
14 36 36
13 35 35
17 37 35
16 38 36
16 36 35
12 36 36
8 36 36
3 36 36
8 37 36
12 37 34
13 36 33
14 37 33
17 36 33
16 38 33
15 34 33
8 37 33
3 35 32
12 34 34
12 36 36
16 36 36
18 37 36
17 37 38
16 38 36
13 38 36
5 38 35
3 37 34
10 36 35
13 36 32
12 37 33
16 35 32
19 36 32
15 37 33
13 37 34
9 37 34
3 36 34
10 34 35
12 35 35
15 33 34
19 38 35
17 38 37
15 37 36
11 36 36
6 36 37
4 37 35
11 37 36
11 37 34
14 36 34
15 36 33
16 35 33
17 36 32
13 36 33
8 36 33
3 37 35
13 34 36
12 37 35
16 36 36
17 38 35
17 37 37
14 37 38
9 35 36
6 36 35
5 39 36
13 37 36
11 36 33
12 35 33
15 35 32
16 36 33
17 37 33
13 37 34
6 37 34
5 36 35
13 35 35
12 36 35
15 36 34
18 39 35
16 38 36
13 38 35
10 35 36
4 36 36
4 39 38
11 37 35
12 35 34
13 36 34
16 35 32
16 34 32
16 37 32
12 37 33
7 35 32
5 35 33
13 36 36
12 35 35
17 38 35
19 38 36
16 38 36
13 37 36
10 36 35
3 37 36
6 36 37
11 35 35
10 32 32
13 36 33
18 35 32
16 36 34
16 38 32
12 36 33
8 37 34
4 36 34
10 35 35
13 36 36
17 38 35
19 37 36
16 37 37
12 37 36
8 37 34
5 37 35
9 38 37
10 37 34
11 35 34
14 35 33
17 35 31
17 36 32
16 36 33
12 37 33
8 36 32
5 35 34
12 35 36
15 36 35
16 37 34
17 37 39
17 39 37
15 39 36
11 37 33
6 37 33
4 39 35
12 38 36
9 34 32
10 32 34
15 37 31
15 36 34
15 37 32
13 36 32
8 37 33
5 38 34
13 36 35
14 35 35
13 36 34
18 38 36
18 37 36
13 36 37
12 35 37
5 38 34
5 38 34
9 41 37
10 36 33
9 36 34
13 35 33
17 34 33
16 36 33
16 37 32
12 37 33
8 37 33
7 37 34
15 35 36
11 37 34
16 37 35
17 38 35
15 36 36
14 36 38
10 37 37
6 37 35
5 40 36
12 36 34
9 35 33
12 36 32
16 35 33
16 35 32
16 36 32
15 37 33
12 36 34
7 36 33
7 39 36
14 36 37
13 37 36
17 38 36
19 37 37
18 39 39
16 38 37
14 38 36
9 38 35
4 36 33
10 38 36
14 35 34
8 35 33
9 34 30
14 35 33
15 37 33
16 36 32
15 37 33
13 36 32
9 36 34
5 36 34
13 34 35
14 36 36
10 36 36
12 37 37
15 39 38
14 36 37
12 38 37
7 42 38
13 36 38
11 41 38
13 43 40
15 44 40
17 42 42
19 46 47
25 43 48
33 42 47
36 42 46
37 43 45
37 45 47
36 44 45
36 46 49
36 46 49
37 43 49
36 44 49
38 44 50
37 44 50
38 45 49
37 44 51
37 44 49
36 45 50
37 44 49
38 45 50
37 44 49
37 43 50
37 43 50
37 44 50
36 44 49
37 43 49
37 42 50
37 43 48
37 42 49
37 44 50
36 44 49
37 43 51
38 43 51
37 43 49
