12 34 32
12 33 33
12 34 33
11 34 33
12 35 33
12 34 35
12 35 35
12 36 35
14 35 37
13 35 36
9 32 36
12 34 37
14 35 37
14 34 38
14 34 37
13 33 37
14 34 37
11 33 36
11 33 35
4 33 35
17 33 34
13 34 34
11 32 32
14 33 34
13 36 33
13 35 34
13 34 35
12 35 34
11 34 34
8 35 34
8 32 35
13 35 36
11 33 35
15 30 35
15 36 35
12 34 36
13 34 37
14 34 37
12 34 36
5 34 36
12 32 34
15 34 34
11 32 32
14 34 32
14 34 33
14 33 34
13 34 33
12 33 35
8 34 34
5 35 35
15 35 37
12 36 37
18 32 36
16 35 36
12 35 37
14 35 36
13 35 38
11 35 36
4 36 35
14 35 34
10 35 34
14 33 35
15 35 34
14 36 33
13 35 34
13 35 33
12 35 35
5 35 34
9 32 36
13 35 36
14 34 34
17 34 35
14 35 34
14 34 36
14 35 36
14 34 37
10 34 36
5 35 35
12 36 33
10 35 34
15 34 33
13 35 33
14 34 33
13 34 34
11 32 34
13 35 34
2 35 35
12 34 37
13 34 37
16 30 34
17 33 37
15 35 36
14 36 37
14 35 38
12 34 38
6 33 37
10 35 35
12 35 35
14 33 35
16 36 34
13 35 34
12 33 34
14 34 35
12 34 34
13 35 36
4 36 36
11 35 37
13 35 35
17 33 35
15 35 36
14 34 36
14 33 36
15 34 37
12 33 37
6 35 34
8 35 34
11 34 34
12 32 34
14 34 35
16 34 34
14 33 34
11 35 34
12 35 35
12 33 35
7 33 35
9 31 35
14 35 38
15 31 35
15 32 36
13 34 36
14 35 37
15 34 37
12 32 36
11 34 34
7 33 35
9 31 34
9 33 34
13 34 34
13 34 33
11 33 34
13 35 33
11 35 35
12 34 35
11 34 35
10 34 36
12 34 38
13 33 40
13 31 37
13 31 38
13 31 39
15 31 38
14 29 39
15 34 39
13 34 40
15 34 39
13 35 40
13 35 39
13 34 39
13 33 38
12 32 37
15 33 36
12 34 36
9 32 35
12 33 35
13 34 34
11 35 34
12 36 34
12 37 33
12 35 32
12 35 33
12 35 33
11 34 33
12 35 32
11 36 33
13 35 32
12 33 33
11 34 33
8 33 32
11 33 34
13 33 32
13 30 33
13 31 33
13 31 33
12 31 33
13 32 34
11 33 34
10 32 34
12 32 34
7 35 33
12 32 32
14 31 33
11 30 31
13 35 31
13 34 31
12 33 33
14 35 32
13 36 33
13 35 33
2 34 32
12 33 36
14 38 36
14 32 35
12 34 36
13 36 34
13 34 35
12 35 35
12 34 36
4 36 35
7 36 33
14 38 34
15 37 33
20 38 33
17 39 32
13 39 31
13 38 32
15 38 32
16 38 33
7 38 33
14 37 38
13 33 38
9 31 35
12 34 37
14 35 36
15 35 35
14 35 35
14 34 35
4 34 35
7 35 35
12 36 35
9 33 33
15 34 35
14 34 34
14 35 32
12 35 33
13 35 34
12 36 35
2 35 36
14 33 38
9 36 37
13 32 35
16 35 36
17 38 37
15 36 37
12 35 38
10 35 35
1 36 35
13 37 35
11 36 35
13 34 34
15 35 34
14 35 33
15 34 31
14 35 32
14 36 32
10 38 34
3 35 33
14 34 37
11 36 36
13 32 36
14 35 36
14 35 37
13 35 38
14 35 37
11 34 35
2 35 34
14 36 35
11 36 35
13 34 33
16 34 33
13 36 32
15 35 33
13 35 34
12 35 34
6 36 35
9 36 36
15 35 37
6 37 36
16 32 36
16 36 35
16 36 36
15 36 37
13 36 37
8 34 36
3 35 35
14 35 35
11 38 34
12 33 35
14 34 34
15 35 33
14 35 33
14 35 33
13 36 35
10 38 34
4 36 37
14 36 38
9 36 37
15 34 36
16 35 36
13 36 36
11 36 37
14 34 36
9 35 36
9 33 35
14 35 34
12 35 35
10 35 34
13 33 34
14 34 34
13 35 34
12 34 33
12 35 33
11 35 35
9 36 36
13 35 38
11 37 37
13 34 38
14 35 38
14 35 40
14 34 39
12 35 38
13 34 38
13 34 38
16 35 38
13 35 38
12 34 37
9 35 36
14 34 35
10 35 36
11 35 34
11 33 33
12 33 32
13 33 33
13 33 33
13 34 34
13 35 35
11 35 35
14 34 36
13 36 38
11 37 37
12 36 37
13 35 37
12 34 38
13 33 37
12 32 37
12 34 36
12 34 38
12 33 36
12 34 36
13 35 36
12 34 38
12 33 37
11 34 37
12 34 36
12 35 36
13 34 36
