10 32 36
11 34 38
8 35 37
10 34 38
12 34 37
13 35 36
16 36 36
17 37 36
17 37 35
12 40 35
11 40 33
9 41 34
13 42 33
16 42 33
13 43 35
12 40 34
12 39 35
13 39 33
10 37 33
12 36 33
8 35 32
12 35 34
16 37 35
18 38 35
16 37 35
15 39 36
13 38 36
12 38 35
13 42 34
14 43 35
10 44 36
9 46 33
16 42 33
16 43 31
15 43 30
17 44 31
19 44 31
21 43 32
20 43 32
16 42 35
10 42 36
7 41 34
6 41 36
12 37 34
16 39 33
19 38 34
18 39 34
16 39 34
12 38 36
10 41 38
8 41 36
0 42 33
10 38 31
13 38 31
16 38 27
20 37 28
15 36 31
15 37 32
14 38 33
10 38 33
8 37 31
3 38 33
13 36 35
15 37 34
20 38 35
20 38 35
15 39 37
11 39 37
13 37 37
11 38 37
7 36 35
0 37 32
10 37 32
12 38 33
15 38 31
17 35 32
18 35 32
16 36 31
13 37 31
11 38 32
4 38 32
5 38 33
13 37 34
15 37 34
19 38 36
19 40 36
15 40 36
11 38 38
12 38 37
6 37 35
2 37 34
8 37 33
9 37 33
14 38 31
16 35 31
17 38 32
16 37 32
16 36 32
12 37 32
11 38 32
5 38 31
10 39 35
10 37 35
13 37 35
18 39 37
20 40 37
17 39 36
12 38 36
6 39 36
6 37 34
3 38 33
10 36 32
12 38 32
16 38 29
18 36 31
18 37 30
13 38 31
11 37 31
10 40 31
9 38 32
6 39 33
11 38 35
13 37 35
16 38 35
19 38 36
19 39 35
14 39 35
15 38 35
9 38 36
9 37 34
2 39 35
9 38 33
9 40 33
12 38 32
17 34 30
17 38 32
16 35 30
15 37 31
12 39 32
8 38 34
3 40 33
13 37 36
12 35 34
16 37 36
19 37 34
19 39 36
13 38 34
11 38 35
8 39 35
7 39 33
2 41 33
11 37 33
12 40 34
14 37 32
19 35 33
17 38 30
16 36 30
11 37 32
9 37 34
3 38 34
10 37 36
11 34 36
16 36 35
18 37 36
16 37 36
17 39 35
13 40 35
12 41 36
10 40 33
4 40 33
9 38 32
12 36 32
12 36 32
17 34 32
17 37 32
16 35 31
13 38 28
11 38 26
11 38 29
7 39 29
12 37 33
14 36 32
12 38 32
16 38 33
18 36 35
16 36 31
13 40 30
11 41 30
10 41 30
7 42 32
7 42 31
8 44 33
13 38 29
17 32 33
17 36 31
19 40 30
14 41 31
10 42 31
11 41 34
8 38 32
6 39 34
14 35 34
16 36 36
18 39 35
19 40 34
18 40 35
14 40 33
10 38 36
9 43 33
1 39 32
7 39 35
12 40 34
13 37 33
19 33 32
18 38 32
16 39 30
15 38 32
10 39 31
10 39 35
5 40 31
9 37 35
13 33 35
15 37 38
19 40 33
19 43 33
17 40 32
16 44 33
11 45 35
11 45 29
2 49 33
12 38 33
12 40 30
15 38 29
20 39 30
19 40 31
18 41 32
16 41 33
11 41 33
9 40 36
5 38 32
9 37 36
12 38 34
15 38 34
20 36 34
18 35 35
14 41 33
13 39 33
8 37 35
6 37 34
1 40 38
11 35 33
9 35 34
15 34 33
16 37 32
15 37 31
19 38 31
17 39 30
14 39 31
11 39 34
2 39 33
8 39 38
12 34 36
18 37 36
19 38 35
18 37 36
14 39 36
13 39 35
8 38 37
3 38 34
1 40 35
12 38 35
10 33 34
15 35 31
19 37 33
18 37 31
18 38 33
13 37 31
11 38 32
5 37 31
9 40 36
10 35 35
15 39 34
19 39 35
20 38 35
16 38 35
11 42 37
9 39 36
7 40 35
4 40 34
6 40 33
10 37 34
12 37 30
16 36 30
15 35 29
14 37 30
17 38 30
14 38 31
12 39 33
6 39 33
6 39 36
11 37 35
13 37 35
20 39 35
20 39 36
17 38 35
13 38 36
11 39 37
9 37 33
1 41 36
9 39 34
9 39 35
13 37 32
17 35 31
19 35 32
17 36 31
16 36 31
11 38 32
10 39 34
5 38 32
11 38 36
9 37 35
16 38 37
20 37 35
20 40 35
17 38 36
12 39 36
9 39 36
6 39 34
2 41 35
9 38 34
10 38 34
17 35 32
18 36 32
17 36 33
17 38 33
13 39 33
11 40 33
8 37 34
3 39 34
10 37 36
12 37 33
17 38 35
19 38 35
17 39 35
15 39 35
13 39 36
8 39 36
4 39 34
4 39 33
11 38 34
13 37 31
18 34 31
17 36 31
16 37 32
17 38 32
13 40 32
10 39 33
6 38 32
7 38 35
11 35 33
14 38 33
20 36 33
21 39 33
19 39 34
15 40 34
13 42 34
8 41 33
4 40 33
3 39 32
11 39 33
11 38 30
18 33 28
19 34 29
18 36 29
15 35 30
9 35 29
9 37 32
5 37 31
15 36 35
12 35 34
15 37 35
16 37 35
16 38 35
14 38 35
14 39 34
11 38 33
7 37 33
7 38 32
7 37 33
9 35 32
12 36 31
15 35 32
13 35 32
9 37 32
13 38 35
15 37 35
15 37 36
9 39 34
13 39 36
16 40 36
