12 35 34
12 37 35
13 37 35
11 37 35
12 37 36
12 38 36
13 37 37
14 39 37
14 39 36
14 38 38
14 40 37
9 40 37
10 39 34
15 37 34
12 39 34
13 37 32
15 40 35
15 40 33
16 39 35
13 40 35
10 39 34
3 40 32
15 39 37
14 35 34
13 36 33
16 37 36
16 36 36
16 37 36
16 37 37
9 37 35
0 40 33
13 37 35
11 38 33
12 35 31
16 39 33
16 37 33
16 39 33
11 39 33
10 39 34
2 38 31
16 37 39
12 36 33
16 37 35
17 36 36
16 38 36
16 37 37
16 37 36
10 37 35
0 37 34
13 38 35
11 35 33
13 37 32
16 36 33
16 37 34
15 38 33
13 38 33
10 38 33
1 38 32
16 37 36
11 34 34
14 34 34
15 37 35
16 38 35
14 38 36
15 37 36
11 37 37
3 40 35
7 38 34
14 36 34
12 37 33
14 37 33
15 37 32
16 37 33
15 37 33
13 36 33
4 39 34
11 38 34
12 38 34
12 35 34
15 37 34
16 36 34
15 37 36
16 36 36
12 38 37
9 39 36
1 38 35
12 39 35
12 39 34
14 38 33
14 38 33
16 38 33
15 38 33
13 38 34
10 37 34
0 40 32
14 39 36
11 36 33
13 35 34
16 35 33
16 35 35
14 38 36
16 38 36
13 39 37
6 38 36
4 37 35
11 38 34
13 35 33
15 37 33
16 38 34
16 37 33
15 38 34
13 38 34
8 38 33
0 38 33
14 35 35
11 33 32
14 37 34
16 34 35
15 36 35
16 37 35
15 37 37
9 38 36
0 41 36
12 37 34
11 38 33
15 36 32
17 36 31
16 38 33
16 37 32
13 38 34
11 39 35
0 39 32
13 36 37
11 33 32
13 33 32
16 35 33
17 36 34
15 37 35
15 39 36
13 39 38
7 38 37
4 38 35
13 37 35
13 37 33
14 37 34
16 36 33
15 37 34
15 39 33
11 38 33
8 38 33
6 36 32
13 36 36
11 32 34
15 37 36
17 34 35
15 36 36
15 36 37
14 39 38
9 36 36
4 40 36
13 40 37
11 37 34
13 37 32
16 38 33
16 37 32
14 38 34
13 38 34
8 39 35
3 37 33
16 36 36
10 32 34
14 36 35
16 37 35
15 36 36
16 37 36
16 39 37
11 38 38
0 39 35
13 39 37
11 38 35
12 37 34
16 38 34
15 37 33
15 39 34
12 37 34
10 38 34
4 36 33
13 35 36
10 34 34
14 36 36
15 36 35
15 37 36
16 36 36
14 37 36
10 37 35
1 40 34
12 37 35
11 36 33
16 36 33
16 37 32
16 38 32
16 38 32
11 38 34
5 37 34
7 38 34
14 35 34
12 32 34
16 37 37
17 35 36
14 37 37
16 38 36
12 38 37
8 37 36
7 37 36
11 38 35
10 34 34
16 37 34
17 35 33
16 38 33
14 39 34
11 38 35
1 38 33
10 37 36
11 36 35
13 33 34
15 36 36
17 34 36
15 34 35
15 37 38
13 37 38
3 38 35
8 39 36
9 38 35
14 37 33
16 36 33
17 37 33
16 36 33
15 37 34
10 37 33
0 40 32
14 38 39
13 34 34
16 36 36
16 36 35
16 37 35
15 37 35
15 37 35
12 39 37
4 40 36
6 39 35
11 39 35
11 37 33
15 37 33
17 37 34
16 39 33
16 36 33
11 39 34
7 38 34
8 37 34
11 37 36
12 35 35
16 38 36
19 34 36
14 37 35
15 37 36
13 38 38
8 38 36
6 39 35
11 39 34
11 36 32
15 38 34
17 36 34
15 38 34
16 38 33
12 38 34
6 40 33
9 38 33
12 39 37
13 35 34
15 38 36
17 35 36
15 37 36
15 38 36
14 37 38
11 37 36
1 39 34
11 38 35
10 37 34
13 37 34
16 37 34
16 37 33
15 37 33
12 38 33
11 38 34
3 37 32
12 38 37
10 33 33
16 37 37
17 36 35
16 37 36
15 38 37
15 39 36
10 39 37
1 41 36
11 40 36
12 38 35
12 37 34
15 38 34
16 35 32
17 38 33
16 38 33
10 38 33
8 39 35
7 38 35
15 36 36
13 35 35
15 37 35
17 35 36
16 37 36
16 36 36
14 37 36
6 36 35
4 39 35
12 38 36
12 36 33
15 38 35
15 36 33
15 38 33
13 39 34
10 37 35
9 37 35
8 36 33
13 36 34
10 34 33
12 36 35
17 35 37
15 35 36
17 35 36
14 38 37
10 37 36
2 38 34
11 38 37
12 37 33
12 36 34
14 36 34
15 37 34
16 37 35
13 36 34
9 37 35
4 37 34
16 37 38
11 36 36
15 37 35
16 36 35
16 37 36
15 37 37
15 37 37
12 36 37
2 39 37
10 37 36
12 37 37
10 36 35
14 37 33
17 38 33
15 38 33
15 38 34
12 38 35
3 39 33
9 37 37
13 35 36
12 33 37
15 35 35
17 34 36
15 35 36
16 35 37
15 39 39
7 38 35
4 38 36
13 40 37
12 37 34
15 36 34
16 37 33
15 38 33
15 38 34
12 37 34
7 37 35
7 37 34
15 37 38
10 33 35
15 36 37
16 35 37
16 38 36
15 37 37
14 38 38
11 38 38
0 40 36
12 38 36
11 37 36
11 35 34
15 36 34
15 37 33
18 38 34
15 38 36
11 38 35
5 38 35
9 37 38
15 35 37
10 35 36
15 35 36
16 35 37
15 37 36
15 37 36
14 35 37
6 37 34
0 37 33
13 35 35
12 35 33
14 36 32
15 37 32
15 37 32
13 37 33
14 39 33
13 39 34
3 40 33
16 39 37
12 35 33
11 36 35
13 36 33
14 34 34
13 36 34
16 37 33
15 36 34
12 37 33
0 38 33
11 37 35
10 38 34
14 36 32
15 35 31
16 36 32
15 36 32
13 35 33
11 37 33
7 37 34
7 37 35
16 35 37
11 35 35
13 38 37
15 36 36
13 35 37
15 35 38
16 34 39
14 35 37
