12 37 32
12 37 32
33 32 15
14 36 33
13 38 33
13 37 34
15 41 37
14 43 37
16 44 35
14 44 34
11 42 33
11 41 33
13 42 33
12 40 32
12 39 32
13 38 30
12 36 31
11 35 31
10 34 30
5 34 32
14 34 32
15 37 33
18 39 34
16 40 36
14 40 35
13 37 35
16 39 36
13 40 35
5 39 34
2 38 32
16 38 34
13 38 35
14 36 34
15 35 32
15 37 31
15 38 32
11 37 31
9 37 33
6 35 31
10 36 34
14 34 33
15 37 35
19 36 35
19 38 35
15 37 35
11 40 36
12 38 36
10 39 36
2 38 33
3 40 33
13 37 34
12 39 32
17 34 31
18 34 31
17 37 30
16 37 32
12 38 31
9 38 32
8 38 33
7 40 35
13 35 35
15 35 34
19 38 35
19 38 36
14 39 37
15 38 36
11 39 35
11 39 35
1 41 36
9 37 33
11 36 33
13 37 31
17 36 32
18 37 32
17 39 32
15 38 32
11 38 33
11 39 35
6 38 32
8 40 37
13 35 34
17 37 36
18 39 35
18 39 35
15 39 36
12 40 36
8 40 36
6 38 34
0 43 35
8 38 32
12 36 32
20 37 30
19 36 30
15 37 31
15 38 32
14 38 32
12 37 31
8 38 31
7 40 33
11 34 34
13 38 33
17 38 36
19 39 35
16 36 36
13 38 36
11 38 36
9 38 35
6 40 33
4 41 34
10 40 35
11 38 34
17 34 32
17 37 32
16 38 32
18 37 33
13 39 33
10 38 34
5 36 32
5 40 37
14 36 35
14 39 35
19 39 35
20 40 34
15 39 35
14 39 36
12 40 38
8 38 35
2 39 35
3 41 35
13 38 36
13 39 34
18 34 32
17 37 33
17 38 31
16 36 33
11 37 32
11 37 34
5 36 33
6 39 36
14 36 35
14 39 34
20 37 35
17 38 35
17 38 36
14 38 36
10 38 39
8 37 38
2 40 38
5 40 34
10 37 34
12 39 33
18 35 32
17 36 33
16 36 32
17 35 34
13 38 32
12 38 34
9 37 33
4 38 35
12 38 37
15 37 36
17 40 37
18 38 36
15 37 39
15 39 37
12 37 35
8 39 36
4 37 34
5 40 36
14 36 34
11 37 33
18 34 32
19 37 31
18 37 31
16 37 33
12 37 33
9 38 33
10 38 34
4 38 35
12 36 38
15 34 35
18 37 36
18 37 35
19 38 36
14 39 36
15 39 36
10 39 37
7 36 34
2 40 37
10 36 38
11 36 36
13 33 33
17 32 31
16 35 30
16 38 32
15 36 31
10 36 32
7 38 33
3 37 33
13 35 36
14 36 35
17 36 36
18 36 37
16 34 39
12 39 34
13 37 35
12 39 36
10 37 34
3 40 35
9 37 33
10 39 34
13 33 34
17 35 32
18 35 31
16 37 31
14 37 32
10 39 31
9 40 37
7 34 34
10 35 35
15 38 35
17 37 37
20 38 37
18 38 34
16 38 34
12 38 36
11 38 37
9 36 37
5 39 36
5 38 36
10 36 35
11 36 34
17 33 31
19 38 32
17 40 31
14 36 33
10 38 32
9 38 34
8 37 34
6 38 35
15 35 34
13 37 35
19 37 34
18 37 35
16 37 34
13 39 35
9 38 35
8 38 35
2 37 35
6 38 35
12 35 34
13 35 35
18 34 32
18 36 31
16 37 30
15 37 33
10 37 32
10 37 34
3 36 32
12 35 35
12 33 33
15 37 36
18 37 34
18 36 34
14 37 34
12 37 35
10 40 36
8 37 34
0 39 33
9 38 35
12 39 34
17 36 34
20 34 33
17 36 32
15 38 31
11 37 33
9 38 34
12 35 35
4 37 31
13 37 36
13 36 35
14 36 36
18 36 36
16 37 36
13 38 35
13 36 35
12 36 36
10 36 34
4 39 34
9 38 35
8 38 34
15 39 32
18 36 34
15 36 34
15 37 34
12 37 32
10 38 33
14 37 34
7 37 33
4 37 35
13 34 35
12 34 35
18 35 36
17 37 36
16 36 36
15 38 36
13 37 35
9 37 37
9 36 36
2 39 36
12 37 35
12 38 36
13 39 33
17 35 33
17 37 33
17 37 33
16 37 33
11 36 32
11 37 34
5 38 34
7 38 35
11 37 37
12 35 35
16 38 37
19 34 38
18 40 37
12 41 33
14 37 34
9 37 36
9 36 34
1 40 35
12 37 35
12 36 34
12 36 33
17 36 33
16 37 33
17 37 32
16 36 34
9 39 34
9 39 36
4 36 34
8 37 38
14 35 36
14 38 35
19 36 35
19 37 35
17 38 34
14 39 35
11 36 36
9 37 37
4 36 35
2 40 38
13 36 35
11 35 35
17 34 31
18 37 33
17 36 32
15 37 33
13 38 32
10 37 33
11 38 35
3 36 33
10 36 37
14 34 36
15 39 36
17 37 35
18 35 37
16 38 36
16 35 36
10 37 36
9 37 35
2 38 35
7 40 36
14 35 33
11 38 35
16 34 32
16 34 32
16 37 32
18 37 32
12 37 33
12 38 34
7 38 35
1 38 35
15 36 36
14 35 34
14 38 36
17 38 36
18 37 36
15 39 36
12 39 35
11 38 37
12 35 35
6 37 35
3 39 35
15 37 35
14 38 33
13 34 31
14 34 30
14 36 30
14 37 31
12 37 33
10 38 32
14 39 35
14 37 35
10 37 34
4 38 33
12 38 34
13 37 35
13 37 34
14 36 34
13 37 36
14 36 37
15 36 37
16 38 36
14 36 36
13 36 36
11 36 36
12 40 35
17 40 34
15 40 34
6 42 34
8 40 34
11 46 36
15 46 36
16 51 38
15 53 34
21 51 35
23 55 33
24 54 32
28 55 29
33 53 30
37 50 29
40 43 32
40 35 27
36 37 24
32 46 23
22 63 38
14 58 57
22 49 39
10 50 48
15 41 48
22 44 49
18 44 42
19 46 43
20 45 42
19 46 41
19 46 40
18 48 41
21 48 40
22 48 42
21 49 42
20 51 40
23 53 39
25 56 37
26 54 31
32 49 22
27 47 17
19 50 18
14 50 25
13 48 35
8 50 38
13 48 38
16 46 43
23 45 40
23 48 37
22 50 37
21 47 38
20 48 37
19 47 39
19 42 38
15 45 38
14 44 39
12 43 40
15 44 40
16 43 40
14 40 41
14 40 40
14 38 39
14 38 37
13 38 39
12 38 38
12 34 40
14 35 40
13 36 38
12 37 38
13 39 36
13 39 37
12 37 36
13 37 38
13 37 38
12 38 38
13 37 37
12 36 37
12 37 39
12 36 37
12 35 38
12 36 37
13 37 38
14 38 38
13 37 38
