37 41 49
36 41 50
35 44 48
36 44 44
36 46 43
33 46 43
29 45 42
23 43 42
17 49 46
17 47 44
11 45 41
13 50 44
13 44 47
14 40 47
16 40 46
19 39 45
19 40 44
20 41 46
19 45 47
20 44 47
19 47 49
21 47 47
23 46 46
26 46 47
27 39 47
23 40 47
21 35 45
20 36 45
19 33 46
19 30 46
17 31 47
19 34 49
19 32 50
18 32 48
11 29 45
18 35 41
21 34 41
23 31 44
19 38 47
17 42 48
16 44 47
16 45 45
14 39 42
11 45 39
10 48 38
13 40 38
15 40 37
14 39 36
14 39 36
12 39 35
9 39 35
2 40 31
16 37 33
12 38 31
16 38 33
20 40 33
19 37 34
14 38 36
11 40 36
2 42 34
8 42 35
8 37 38
10 38 32
14 39 28
17 36 30
16 40 30
15 42 31
12 41 30
7 45 31
13 46 34
13 45 34
12 45 31
17 42 35
18 45 36
18 47 36
17 47 33
17 47 34
18 46 33
18 46 34
17 46 32
18 49 32
16 38 36
18 52 38
21 52 40
22 49 38
23 49 40
20 47 42
21 49 43
24 51 39
26 52 44
28 49 42
28 50 43
27 45 39
26 47 47
30 43 50
21 48 47
23 37 45
24 44 44
28 47 49
26 42 48
25 41 45
27 44 50
24 47 49
26 43 48
23 43 46
23 38 46
21 47 48
25 40 46
24 48 48
24 49 46
21 43 44
16 48 41
12 45 43
12 45 40
14 42 38
14 42 35
12 41 35
13 42 34
15 42 35
18 43 36
16 41 37
15 42 38
11 39 37
5 38 34
8 39 35
12 40 36
15 37 33
19 38 34
19 39 34
16 39 36
13 40 36
7 38 38
4 41 39
10 39 37
6 37 33
13 38 32
16 40 34
18 39 33
17 38 33
16 36 33
10 37 34
3 38 32
13 36 38
9 37 36
12 34 35
16 36 33
18 38 36
16 37 37
12 38 36
8 37 36
3 40 37
14 37 37
11 37 33
9 35 31
15 37 33
17 39 34
18 36 34
17 37 35
11 39 34
5 41 31
12 38 35
6 36 34
11 34 33
18 37 33
21 37 37
18 41 40
11 35 35
9 36 34
4 37 36
10 41 37
8 38 33
10 38 34
15 39 35
16 38 33
17 38 33
18 36 32
12 44 35
8 38 34
9 37 37
6 37 37
14 35 35
18 45 35
20 40 37
19 40 37
17 43 35
10 43 35
3 44 36
10 43 35
9 37 33
11 38 32
14 38 32
19 39 32
19 40 35
19 40 33
15 41 35
9 40 34
4 41 36
8 37 36
13 41 34
21 39 33
22 40 34
21 44 37
17 44 36
10 46 34
4 48 35
14 43 36
8 38 27
14 39 30
17 39 32
19 38 33
18 38 33
13 39 31
9 42 33
3 41 32
11 39 35
10 39 34
16 38 33
21 38 33
17 39 34
17 41 35
13 42 37
6 41 37
4 42 36
13 40 38
9 39 33
12 37 33
15 38 32
16 38 32
14 37 30
12 37 32
9 38 31
7 40 33
14 39 36
11 37 34
14 36 35
17 38 36
16 37 35
17 39 36
16 40 33
9 38 34
1 40 32
13 37 32
11 38 30
12 39 30
13 38 31
15 37 31
15 38 32
16 38 32
13 39 33
1 41 33
16 39 36
9 39 35
11 36 33
17 38 33
16 39 34
15 41 34
11 39 33
8 39 29
11 40 31
11 42 28
13 40 29
14 40 28
13 41 30
13 40 31
14 40 30
15 39 30
15 40 31
7 40 31
14 39 33
10 39 37
14 37 37
13 35 34
16 38 36
17 37 35
16 39 34
13 39 34
4 38 33
1 40 35
12 40 35
15 35 33
14 37 33
12 35 33
16 38 33
16 37 33
13 36 34
9 36 34
7 37 34
10 35 33
11 36 34
16 36 33
19 38 33
19 40 35
16 42 36
13 41 36
3 39 36
7 35 37
10 41 35
11 38 32
14 39 33
16 36 31
16 36 32
15 38 32
12 38 34
7 40 33
11 37 35
15 37 37
14 38 35
15 37 35
15 38 36
16 38 36
15 40 37
12 37 34
6 40 36
9 40 37
7 39 31
12 37 33
14 40 34
16 37 32
16 37 32
16 38 33
8 38 32
1 41 31
17 38 36
10 37 34
17 33 32
18 36 35
17 39 36
15 38 39
11 38 38
5 36 37
3 38 38
9 37 34
7 36 32
13 38 34
16 38 33
16 38 32
17 38 32
16 37 32
9 38 33
7 37 34
13 38 38
9 36 34
15 37 36
16 40 35
17 37 37
15 38 39
10 39 36
2 39 35
8 39 36
9 38 33
9 37 33
12 37 33
14 37 32
16 38 33
15 36 33
15 37 34
11 37 34
4 39 34
8 39 35
11 36 35
14 37 33
19 39 35
18 39 35
15 39 36
13 39 35
7 39 37
3 40 37
13 37 35
10 35 32
12 36 33
12 37 31
14 36 32
17 36 33
17 38 33
15 37 34
11 39 35
7 39 35
6 40 35
13 39 36
14 39 36
12 40 35
11 43 36
11 44 39
15 48 42
19 47 44
23 49 45
30 46 45
35 41 46
40 39 42
40 35 45
36 37 49
38 40 52
41 38 52
41 37 51
40 36 51
41 36 51
40 36 50
41 36 52
40 38 51
39 37 51
40 37 54
40 36 52
