36 39 47
38 43 45
37 39 42
32 40 41
28 44 42
23 48 42
14 49 43
9 51 37
4 45 37
9 40 35
11 41 35
14 40 34
16 40 36
14 38 35
7 40 34
6 40 32
9 38 33
16 35 36
14 38 30
15 37 31
16 39 32
17 34 33
16 36 33
12 40 32
5 39 31
1 39 28
10 31 27
14 33 28
12 36 33
13 37 32
15 38 34
15 38 33
12 34 36
7 32 31
5 34 30
11 35 32
10 32 32
12 27 29
14 33 33
14 33 32
16 36 34
15 35 36
11 36 35
8 38 35
0 37 38
12 34 34
11 32 30
14 37 30
14 37 31
15 38 33
15 37 32
12 37 33
8 37 34
3 39 34
13 36 37
13 34 31
15 36 34
18 38 35
17 39 37
13 41 38
11 41 38
10 41 39
3 42 37
10 38 35
9 36 31
11 38 30
15 38 31
18 38 32
16 38 32
13 42 35
14 45 36
9 45 37
9 46 39
11 47 41
14 50 41
19 46 42
23 45 44
28 40 44
32 37 45
34 43 48
37 43 47
38 40 48
39 43 49
35 41 49
34 41 51
36 36 52
38 36 52
38 36 52
38 36 52
37 37 52
35 37 54
36 34 51
38 38 48
42 38 46
