39 40 46
38 41 46
36 43 47
38 40 44
36 46 47
31 41 41
27 49 43
22 50 44
18 55 44
19 51 41
19 46 37
18 48 38
16 47 36
15 48 36
11 47 34
10 49 32
13 42 30
14 42 30
14 42 31
16 41 31
16 41 33
17 42 32
12 42 31
11 42 31
5 45 29
19 41 36
15 41 32
17 40 33
20 42 34
17 43 35
17 42 35
14 43 34
11 44 33
6 45 34
13 45 35
10 43 31
12 41 31
16 41 31
17 41 30
16 41 30
14 40 31
11 43 30
9 42 31
14 41 34
16 42 36
16 41 36
17 41 34
18 43 34
17 43 35
16 41 34
13 44 34
9 46 34
4 48 36
10 41 37
8 39 31
15 42 32
17 41 31
20 39 30
18 40 31
16 41 31
9 43 32
6 42 31
17 42 38
11 40 33
16 41 35
17 42 35
17 41 35
16 41 36
16 42 36
13 44 36
7 47 34
11 44 35
12 42 33
10 40 29
15 40 31
17 40 30
18 42 31
15 42 32
14 42 32
9 42 31
5 44 34
13 42 34
17 42 36
15 41 33
15 42 34
16 42 34
15 42 34
15 41 34
15 42 34
12 41 35
10 44 32
7 42 30
14 40 29
12 39 29
12 40 28
13 39 26
16 40 30
17 40 31
14 42 31
13 43 33
12 43 31
11 43 32
16 41 34
14 41 33
14 39 33
17 40 34
13 41 34
13 41 34
14 41 33
13 41 33
13 41 33
13 43 31
13 38 31
15 42 31
13 39 27
14 43 29
15 44 29
13 44 28
15 43 29
14 43 28
14 41 29
14 42 29
13 42 29
13 41 29
14 42 30
15 40 29
14 42 28
14 41 29
13 41 29
15 42 31
13 42 33
15 41 33
15 43 34
13 42 35
13 44 35
14 43 36
13 44 35
15 45 35
16 43 33
17 42 32
17 43 33
15 42 34
13 42 33
7 46 32
12 45 33
14 41 35
15 38 34
13 39 31
14 42 28
17 40 29
14 41 29
14 41 31
15 43 33
10 41 32
10 40 29
10 41 33
14 42 32
17 42 34
19 45 32
19 46 34
18 44 37
17 46 36
13 48 35
7 50 35
10 44 33
11 39 31
12 39 30
14 41 29
15 41 31
18 41 31
19 41 33
17 42 33
13 44 33
9 45 32
4 45 31
20 41 36
17 39 32
15 39 31
20 42 34
17 43 36
16 42 37
15 44 35
11 43 34
8 45 34
4 44 36
12 38 37
10 38 31
13 42 31
17 40 31
18 40 31
18 40 32
17 42 32
14 41 33
9 42 33
7 44 32
18 41 39
14 41 36
14 40 37
18 41 36
18 40 35
17 40 37
14 41 36
11 42 34
7 46 33
9 46 35
15 40 32
13 41 31
12 42 32
16 43 33
16 40 33
17 40 33
16 40 33
14 41 33
7 44 33
7 43 34
13 39 35
13 41 31
17 41 34
19 40 33
17 42 36
17 41 37
13 40 35
11 42 34
6 45 33
5 45 35
16 40 33
12 42 32
12 42 32
16 39 32
15 40 32
17 41 33
16 41 33
12 41 33
3 45 31
12 42 34
13 41 32
14 37 33
18 42 33
18 43 36
16 40 36
16 39 36
11 41 35
7 44 33
4 48 36
13 40 35
11 40 32
17 40 33
17 41 32
18 41 33
19 40 34
17 43 34
11 42 33
4 44 31
15 43 34
12 41 34
14 40 33
17 41 33
18 39 36
16 40 37
13 42 35
13 43 35
10 44 34
8 44 34
14 39 34
13 43 32
14 42 31
17 42 33
17 40 33
17 41 32
16 40 33
12 40 33
8 42 31
6 42 30
17 42 34
14 38 34
18 39 32
19 42 33
19 44 33
17 44 33
14 44 33
14 46 34
10 46 32
3 47 33
17 41 35
8 40 31
13 38 32
15 43 30
16 40 31
20 40 31
19 40 32
15 41 33
9 43 32
7 45 35
16 42 36
19 39 35
15 39 34
18 42 36
17 42 35
18 42 35
15 44 34
12 41 35
10 46 34
6 46 36
14 43 33
13 42 30
15 41 31
16 41 31
18 41 32
17 40 31
15 42 31
12 41 32
7 45 32
10 43 32
17 39 34
12 42 33
16 39 34
16 42 33
16 44 38
17 45 34
15 41 32
15 41 33
10 43 30
8 45 32
16 42 31
11 42 29
15 40 30
15 41 28
15 40 30
15 41 31
16 43 33
13 42 32
12 42 33
9 46 33
16 42 35
14 41 32
13 38 34
16 40 33
15 42 33
14 41 32
12 43 32
14 42 31
13 42 31
14 42 30
12 42 30
12 42 31
13 42 28
13 42 29
13 42 30
13 41 29
13 42 29
13 44 30
13 42 30
14 42 30
14 42 29
15 42 29
15 42 30
12 43 30
17 43 33
16 45 36
9 44 35
8 33 44
15 40 41
15 44 35
16 41 33
16 46 35
19 46 36
19 47 38
19 47 37
18 47 37
10 45 36
6 46 36
13 38 33
13 41 35
13 41 33
15 41 32
16 41 32
18 42 34
18 44 32
15 44 32
14 45 33
10 45 31
6 45 30
17 41 34
14 38 31
13 40 31
17 39 35
17 41 35
13 38 39
15 41 36
14 41 34
10 43 33
5 46 34
12 42 35
11 40 33
8 40 32
13 41 32
15 42 31
16 40 32
18 38 32
19 41 33
18 40 34
10 46 35
3 47 38
17 41 38
13 39 34
16 41 35
19 41 36
18 43 35
17 42 36
15 44 34
9 43 34
5 46 34
14 42 34
10 41 30
11 40 32
16 40 31
16 43 33
17 40 34
18 40 32
14 40 32
9 40 32
6 43 33
19 41 36
13 40 31
14 39 34
17 41 36
16 41 35
17 42 37
17 42 36
13 42 34
10 42 34
4 47 34
14 40 33
12 42 31
12 41 32
13 41 31
16 42 31
16 40 31
17 40 32
14 41 32
10 42 31
10 42 33
16 41 36
14 42 36
13 39 34
19 42 34
15 42 35
15 41 33
14 40 34
14 41 34
8 44 34
8 46 35
11 39 34
9 37 31
14 42 31
14 41 31
15 41 32
18 39 31
17 40 32
14 42 32
12 41 32
9 43 33
12 41 36
12 40 34
16 38 36
19 43 35
20 42 33
17 42 33
12 43 33
9 42 33
7 46 33
11 41 38
13 41 34
11 42 33
12 46 33
14 46 35
16 46 35
19 47 38
20 47 41
18 46 43
18 48 44
19 41 44
18 40 41
17 39 41
19 38 42
18 37 43
18 37 44
18 40 46
26 47 51
22 40 57
21 34 51
24 35 51
23 36 52
23 35 52
26 34 51
25 35 51
26 39 52
25 41 52
27 37 51
25 36 50
25 38 51
24 40 48
23 40 50
22 41 49
23 43 50
24 48 50
24 44 47
24 44 45
21 45 43
22 47 37
21 44 35
25 45 36
23 41 37
18 54 38
13 47 40
9 45 43
8 44 44
9 43 39
13 43 34
9 42 30
11 43 31
14 41 29
16 40 30
17 42 31
17 40 31
16 41 32
13 42 32
5 43 32
9 43 36
18 39 38
11 42 34
17 40 34
18 41 34
16 42 35
17 42 34
14 41 33
10 40 34
7 45 33
10 44 35
15 42 33
11 42 31
13 41 32
15 40 30
15 41 31
17 41 32
17 40 32
13 41 32
9 42 31
6 43 33
18 41 36
15 38 34
15 39 35
19 42 33
17 41 33
16 43 34
15 43 35
11 43 35
3 45 35
8 42 34
13 38 34
8 38 31
12 41 31
17 42 31
17 42 31
17 41 32
15 41 33
15 39 33
12 42 33
4 43 34
15 42 35
15 42 34
15 39 34
16 41 34
16 42 34
14 42 35
14 45 33
13 43 34
15 42 33
12 44 33
11 46 32
14 43 31
13 41 28
14 41 28
15 43 28
14 42 27
15 42 28
16 42 28
15 44 28
15 44 29
14 44 29
15 44 28
17 44 29
16 45 31
16 43 31
13 42 31
13 42 30
9 42 31
16 42 34
15 41 33
10 43 34
15 40 35
17 42 35
14 42 34
15 42 34
16 42 34
14 43 34
15 44 33
14 43 34
14 45 35
11 46 34
13 44 32
14 42 32
14 43 31
14 44 30
15 41 30
15 41 32
16 40 31
16 41 32
14 43 32
13 42 33
11 43 33
9 43 33
18 40 34
15 38 32
14 39 32
17 40 34
16 41 33
15 38 36
16 42 36
16 41 35
14 41 33
11 44 32
7 44 33
14 39 36
13 39 33
11 42 31
16 41 30
16 41 32
15 42 31
16 39 30
14 41 31
12 41 32
9 41 32
9 40 33
18 37 35
12 39 35
15 38 34
16 38 34
15 41 34
15 41 34
16 41 34
15 41 35
13 44 35
5 43 34
10 43 35
12 40 32
11 40 31
14 42 33
15 40 31
17 41 32
17 40 33
18 41 31
14 41 34
11 42 33
6 43 32
18 39 36
9 40 31
14 41 33
18 39 34
17 41 34
16 41 35
14 41 36
12 42 34
7 44 35
6 43 35
17 38 35
12 38 34
13 41 32
14 41 31
16 41 32
17 41 31
16 40 32
14 40 31
11 43 33
7 43 33
16 44 35
11 44 36
14 39 34
16 41 34
17 42 35
16 42 34
16 41 34
11 41 37
7 42 33
7 46 36
14 41 33
13 44 32
13 42 34
14 41 32
16 41 32
16 41 32
17 40 31
15 41 32
10 40 31
6 43 32
16 42 38
11 42 36
12 40 34
19 40 33
18 42 34
15 42 34
15 41 35
12 43 34
8 42 37
4 45 38
14 36 35
11 40 36
11 39 32
12 39 34
15 39 35
15 41 34
18 41 36
18 41 34
14 41 34
11 44 35
10 46 36
15 38 37
12 41 37
13 39 36
15 40 35
13 41 35
15 40 36
15 42 35
11 40 36
6 39 36
10 37 37
15 34 36
7 33 30
11 34 33
11 33 32
11 36 33
14 38 33
14 38 32
14 37 34
14 39 36
12 41 36
11 40 38
12 38 39
12 40 36
14 41 38
16 40 37
15 46 38
16 46 36
22 47 39
26 44 41
23 41 45
15 47 47
18 48 40
17 54 38
21 47 35
25 44 34
20 49 37
18 49 35
18 49 34
19 49 35
19 49 34
21 48 34
23 48 35
21 49 36
20 47 35
15 46 35
12 48 30
14 46 32
14 45 32
15 43 31
18 43 32
18 42 33
17 44 32
15 42 33
13 43 34
7 44 35
7 44 36
15 41 34
14 41 35
11 39 33
13 41 31
15 41 32
14 42 30
15 40 31
16 40 31
14 41 32
12 41 33
10 41 34
15 41 37
12 43 37
15 39 36
16 40 35
18 42 37
16 41 35
15 42 33
13 40 33
10 44 33
8 46 34
16 43 34
11 42 31
14 42 33
15 41 32
13 41 32
15 40 32
16 41 31
16 42 32
8 41 32
9 40 34
20 40 37
12 41 36
15 41 37
17 42 35
17 41 35
17 41 35
16 41 34
14 41 34
9 43 35
6 44 37
13 36 36
11 37 34
9 39 31
13 41 32
15 38 32
16 39 32
16 41 32
13 41 34
11 41 34
8 42 34
10 42 35
14 40 35
11 40 32
17 40 34
18 41 34
16 43 35
17 43 37
14 41 37
12 42 36
8 43 35
10 43 35
16 40 36
10 40 34
13 41 33
14 40 31
16 40 33
15 41 32
17 40 33
15 42 33
12 40 33
5 44 34
14 42 36
14 40 36
12 38 33
18 41 35
17 41 35
16 39 36
16 41 36
14 42 35
10 43 34
5 45 35
13 41 34
12 39 31
14 42 31
13 40 32
15 40 32
15 41 33
17 40 34
16 40 35
14 42 34
9 42 34
7 44 33
14 42 34
14 40 32
15 42 32
17 41 33
17 42 33
17 41 34
16 41 35
12 42 36
8 42 35
7 45 35
15 39 36
13 42 35
11 40 32
11 40 32
15 40 31
17 40 32
18 39 33
19 39 34
16 40 36
14 42 35
3 44 34
7 43 35
13 42 34
13 41 32
17 40 31
18 42 32
18 41 34
16 42 35
14 40 35
11 41 38
8 48 35
8 44 35
16 45 32
13 46 30
10 52 30
14 54 34
17 56 37
25 49 36
33 48 38
37 44 37
41 39 40
40 36 44
38 36 46
37 41 53
38 36 52
40 37 51
41 35 52
41 35 51
41 35 52
40 37 52
41 37 49
43 36 53
40 36 50
41 33 50
