16 40 41
15 41 42
15 41 42
16 41 42
16 41 41
17 42 41
17 42 41
17 41 41
15 41 42
15 42 42
17 42 44
16 41 42
17 38 43
17 41 44
19 42 45
18 39 44
19 38 46
19 38 45
20 38 46
20 39 48
21 39 48
22 40 47
22 37 47
21 39 48
19 38 48
17 43 49
18 43 48
22 39 44
22 41 45
23 41 45
20 44 46
21 44 46
22 41 46
24 44 47
24 44 49
23 44 47
23 44 47
17 43 49
18 40 46
20 38 45
20 39 45
23 40 46
23 39 46
22 39 47
22 40 49
25 41 50
26 45 51
23 45 51
17 44 52
19 43 49
27 37 42
25 42 45
26 43 45
25 42 47
24 43 48
24 40 47
23 42 48
22 44 49
19 45 48
14 42 47
16 42 46
21 40 43
20 41 43
20 38 43
19 39 44
19 38 45
18 38 45
17 39 47
16 41 48
16 42 51
15 43 49
16 42 47
23 38 42
23 37 43
22 39 41
15 38 41
14 40 40
14 41 39
12 40 41
13 38 43
10 38 41
12 37 40
13 35 37
14 34 38
17 35 40
17 34 40
16 34 40
15 34 41
14 34 41
11 35 39
9 36 39
10 37 38
11 36 38
12 36 36
12 37 35
14 35 35
12 36 36
12 36 37
12 36 35
13 36 36
12 35 38
12 35 37
8 35 36
8 34 38
15 35 37
15 34 38
14 34 40
15 35 39
14 34 38
14 33 35
12 30 33
11 30 35
13 32 36
12 32 36
10 31 35
12 31 33
12 30 34
10 34 34
9 34 34
14 33 33
12 32 34
12 33 35
13 32 35
13 32 35
13 32 37
11 33 37
10 31 36
13 32 36
12 32 36
13 33 37
13 34 36
12 33 36
11 35 36
13 34 35
13 35 36
12 36 35
12 36 36
10 37 35
12 37 35
14 38 36
13 38 34
14 38 36
14 37 35
12 38 35
11 37 35
9 36 35
13 35 34
7 36 35
15 34 35
16 35 37
16 35 37
16 36 39
13 38 38
15 38 39
17 40 39
14 41 39
11 42 39
9 43 37
5 44 35
12 42 35
13 41 34
14 42 32
17 40 33
17 41 32
20 38 33
17 39 34
14 41 33
11 40 35
6 40 34
2 39 35
13 37 35
15 36 35
17 39 36
17 40 35
16 38 35
14 37 36
14 39 36
10 39 37
7 37 35
3 39 35
10 37 35
10 36 33
13 36 32
15 35 31
15 36 32
16 37 31
16 37 33
12 38 33
13 38 33
7 39 32
4 40 35
15 35 33
15 35 35
18 38 36
15 38 36
14 39 36
14 38 37
15 38 36
8 38 36
7 37 35
1 42 36
9 37 34
12 39 33
15 37 32
17 35 31
16 37 31
15 36 31
15 36 32
14 37 32
12 39 33
6 38 32
5 39 35
15 35 36
15 36 35
16 37 37
16 38 35
14 39 37
15 37 36
11 39 37
9 38 36
9 38 34
3 40 35
11 37 33
12 36 31
13 36 31
17 34 32
13 37 32
14 36 30
14 36 32
13 38 32
14 40 33
6 39 33
5 38 34
15 36 35
15 36 34
15 36 36
15 37 36
15 37 36
14 35 36
12 36 36
12 40 36
9 40 35
8 41 35
9 38 34
11 39 35
11 36 33
17 37 32
16 36 31
15 35 33
13 35 32
13 37 32
10 37 33
12 38 34
8 38 33
4 39 33
17 37 35
15 40 35
16 39 36
16 40 36
14 39 35
14 36 33
13 37 33
14 38 35
12 40 33
8 42 34
5 41 32
12 40 33
11 39 32
15 37 32
16 37 31
13 37 30
15 36 31
10 38 30
10 38 30
8 36 31
7 37 31
10 33 33
14 34 34
18 38 36
18 38 37
13 37 38
13 44 34
13 38 35
9 37 35
6 37 34
1 39 34
11 37 32
11 36 31
13 36 31
18 36 30
19 37 32
17 37 32
14 37 32
10 38 32
9 39 34
5 40 33
8 38 34
14 34 33
18 38 35
19 37 35
18 39 34
13 36 35
15 37 34
9 38 36
9 37 36
2 40 37
9 37 34
11 35 33
14 36 31
19 36 29
16 36 29
17 38 30
15 38 30
11 38 31
10 38 31
3 39 31
11 36 34
14 34 36
17 42 34
20 35 34
16 38 36
14 41 34
14 38 35
8 40 34
9 37 33
2 40 33
10 36 33
9 35 31
12 35 30
17 35 30
17 35 31
18 36 31
15 38 30
11 40 31
11 39 31
4 39 30
9 39 34
13 36 35
14 39 34
18 36 34
16 38 36
14 39 31
14 38 33
10 38 33
9 37 32
3 37 32
10 36 31
11 36 31
15 34 28
18 35 30
18 37 30
17 36 30
14 36 31
11 37 31
10 38 33
6 36 31
8 35 34
11 32 31
13 35 34
16 36 34
16 36 33
15 36 33
13 36 33
10 37 34
10 38 33
6 39 32
8 39 31
11 41 34
14 36 31
16 37 30
18 37 31
13 33 31
14 37 31
12 38 31
12 38 33
6 37 33
9 37 34
13 36 34
15 35 35
17 34 34
16 37 35
14 37 35
15 36 34
13 38 35
11 40 35
10 40 34
2 41 35
9 40 34
7 39 34
12 36 32
15 35 31
18 38 32
21 37 33
16 40 32
10 39 32
6 39 34
5 39 33
10 36 35
14 36 34
17 38 35
18 37 34
17 37 35
15 38 34
13 38 37
10 39 36
9 37 34
5 41 35
7 41 35
12 38 34
11 36 32
16 35 31
15 36 31
16 38 31
18 37 32
15 38 32
12 40 32
8 39 34
4 37 33
14 38 35
13 38 34
18 39 34
19 39 33
16 38 35
14 37 34
10 39 36
9 39 34
4 39 34
2 41 34
11 36 33
13 36 33
18 35 31
18 36 30
16 36 30
15 36 31
13 37 31
11 40 32
10 38 31
4 38 32
13 36 36
14 35 34
18 38 34
19 37 34
16 38 34
14 40 33
13 40 34
12 43 34
8 40 33
4 42 33
8 37 34
12 38 34
15 37 29
17 35 29
15 36 30
16 38 31
15 38 32
10 37 30
12 37 33
5 39 33
14 37 35
12 37 34
16 37 34
18 37 35
16 39 35
15 39 34
15 40 36
12 39 35
10 39 35
6 40 33
2 39 31
13 38 33
13 37 31
15 34 30
17 34 32
15 36 30
15 37 31
14 39 31
12 37 31
11 37 33
5 37 31
13 34 34
13 34 32
15 35 33
16 35 35
16 36 35
13 38 35
14 37 35
12 37 34
10 35 33
8 35 31
5 34 30
15 35 32
14 33 32
11 33 29
11 33 30
13 35 30
14 35 29
13 34 31
11 36 31
12 37 32
12 38 32
11 37 32
9 39 33
13 38 34
16 36 33
14 37 34
15 37 35
12 39 35
12 37 37
12 39 37
11 38 34
10 37 33
9 36 32
11 36 33
12 33 32
14 35 32
13 36 30
13 40 34
13 39 32
11 41 35
12 39 35
16 38 35
16 41 38
14 40 38
14 40 40
15 38 41
16 39 40
16 41 41
16 38 41
15 39 39
14 39 38
14 40 38
13 41 36
17 40 34
15 43 35
13 44 34
12 45 34
13 43 34
15 42 35
16 41 33
15 43 33
