36 41 49
36 42 47
36 46 43
38 44 39
38 50 36
39 50 34
34 46 33
30 45 34
21 47 36
4 54 41
0 50 37
4 41 36
8 39 39
7 42 33
16 42 30
13 40 32
14 36 33
15 39 34
15 38 34
16 38 35
14 38 33
11 38 33
9 40 33
1 45 33
11 42 35
8 39 31
14 33 35
15 40 31
14 40 32
16 39 32
16 42 32
8 39 32
1 39 30
13 34 34
10 32 35
15 34 35
18 34 36
16 37 37
14 39 37
12 39 38
4 41 36
4 40 34
10 40 32
13 40 31
15 38 31
16 37 32
18 38 31
16 38 33
11 39 34
6 39 31
4 40 28
11 39 35
13 35 28
17 40 32
17 40 33
15 39 33
14 40 34
7 41 37
5 40 35
7 41 36
7 39 33
8 33 30
13 40 31
15 39 30
19 37 30
16 38 30
11 38 29
8 41 33
11 39 38
9 38 36
12 32 35
18 37 37
19 40 36
17 39 37
14 39 36
11 37 36
7 39 35
6 41 37
6 42 35
7 36 30
13 36 32
17 38 31
18 38 31
16 36 30
14 40 30
8 39 32
5 39 32
12 37 36
10 35 33
17 38 35
15 38 38
15 39 37
17 38 35
14 37 33
8 45 34
4 38 34
9 38 32
7 38 32
11 36 32
15 40 32
18 39 32
17 40 33
14 40 34
10 43 35
2 52 40
14 48 40
16 51 43
18 49 42
24 48 41
32 45 42
36 42 44
38 39 43
40 38 46
41 40 47
44 43 52
40 42 51
41 42 47
41 42 48
42 41 48
40 40 48
40 39 49
42 39 49
42 39 50
42 39 49
40 39 48
41 39 53
41 37 51
41 37 50
