12 35 34
11 35 33
12 34 34
12 35 34
12 35 34
13 34 35
12 35 34
11 34 35
12 34 35
12 33 36
12 32 36
10 35 36
12 33 35
10 34 37
13 35 36
14 35 38
13 35 38
14 35 39
13 35 38
12 35 37
10 33 36
10 34 35
10 34 34
11 31 31
10 31 30
14 32 32
13 34 31
12 34 32
14 33 33
14 35 34
10 33 33
4 33 32
12 33 32
12 34 36
14 31 31
12 33 33
13 33 33
13 33 33
12 31 33
13 32 35
11 32 34
5 33 33
10 33 32
9 33 30
15 28 30
15 33 31
12 32 30
12 34 31
13 35 32
11 32 32
4 32 32
11 31 32
11 32 35
12 30 31
16 32 33
13 33 34
15 34 36
13 34 36
10 32 35
1 31 34
13 33 35
10 35 33
14 32 31
15 34 32
15 35 32
15 34 32
13 36 33
12 34 33
2 34 33
11 32 34
9 35 36
16 29 34
15 34 35
15 34 35
13 34 36
13 35 36
10 36 35
3 36 35
11 38 33
13 35 32
17 32 33
13 34 31
13 32 32
13 33 32
12 34 32
9 34 34
5 34 33
14 34 37
13 33 34
15 30 34
14 34 34
14 34 35
13 35 36
12 33 36
3 36 34
9 35 34
12 35 35
15 37 33
15 35 33
14 33 32
15 33 33
14 36 32
12 33 34
1 35 33
8 34 36
12 35 37
14 33 33
17 29 36
15 35 35
15 35 37
14 35 37
12 34 36
1 36 35
9 36 34
12 34 34
16 32 35
15 34 32
14 32 32
15 34 32
12 35 34
10 34 34
3 36 35
14 34 38
10 34 34
17 30 34
15 33 35
14 35 35
13 36 36
13 34 37
5 35 34
9 35 34
10 34 33
14 33 34
14 35 34
16 32 32
15 32 33
16 34 32
13 37 33
9 36 34
2 35 34
12 33 37
11 35 35
15 29 33
16 34 35
14 34 36
13 34 34
13 35 35
8 33 34
4 35 34
12 36 33
11 32 33
17 35 33
15 34 31
13 33 31
13 35 32
15 34 32
8 34 34
6 33 33
12 35 39
13 34 34
16 30 35
15 35 34
14 36 35
13 34 36
12 35 35
2 35 34
11 33 33
10 34 33
14 32 34
16 33 33
14 32 32
14 33 32
13 36 32
12 34 34
4 34 33
7 32 35
11 34 39
17 29 33
16 34 36
12 36 35
13 35 38
14 35 37
11 36 38
8 37 36
12 38 36
11 35 34
15 34 34
15 35 34
12 35 33
12 33 33
12 34 34
12 34 33
4 34 33
12 32 34
13 35 35
14 31 33
16 34 34
13 36 34
13 33 35
12 35 35
10 33 35
2 35 34
11 35 33
10 32 33
15 34 33
15 35 33
14 32 32
14 34 33
14 34 33
9 35 33
4 32 34
12 33 36
13 34 35
18 31 34
14 35 35
12 35 36
14 36 35
11 36 36
2 36 34
12 35 33
10 32 33
15 32 33
16 34 33
13 34 31
14 33 31
11 35 33
12 35 33
5 35 34
10 32 35
10 36 37
14 31 33
17 32 34
14 34 34
13 33 36
14 36 36
12 35 35
5 35 34
11 35 33
9 31 33
17 32 34
16 35 33
13 32 33
14 34 32
12 35 33
13 33 34
2 33 32
14 32 34
11 36 37
15 30 35
15 33 37
13 37 36
14 35 37
13 35 38
10 35 36
2 36 34
13 33 35
12 36 33
13 32 32
16 34 33
15 33 33
14 32 32
12 35 33
13 34 33
6 36 33
7 32 34
13 37 37
12 31 33
14 30 35
14 35 33
14 32 35
14 34 36
13 33 35
4 34 33
6 32 33
11 30 31
15 31 33
15 35 33
14 35 33
11 34 33
13 32 33
11 32 34
10 34 34
6 33 32
11 35 37
14 34 34
17 31 34
14 35 35
13 35 37
15 37 37
11 37 36
4 36 35
8 34 34
15 35 32
13 31 31
15 33 31
13 35 32
14 34 33
13 34 34
12 34 34
11 34 34
2 32 33
13 33 36
12 35 33
16 31 34
14 34 34
14 34 35
15 35 36
13 34 37
8 34 35
6 35 35
13 36 33
10 34 33
16 34 34
15 35 33
13 33 32
13 36 32
12 35 33
11 36 35
1 35 34
12 34 36
10 34 35
16 30 34
13 35 35
14 34 36
15 35 35
11 33 36
10 32 34
4 33 34
10 34 33
12 35 34
14 34 33
14 34 32
13 32 34
12 32 35
12 34 33
13 34 34
12 37 35
9 34 35
13 36 38
14 36 37
12 34 37
14 35 36
14 35 37
13 34 36
14 34 35
13 33 33
6 34 33
9 34 33
13 34 32
10 31 33
15 32 35
13 33 33
13 35 33
12 35 33
12 35 33
11 34 34
4 31 33
11 33 34
11 35 34
17 31 35
15 34 35
13 35 36
14 34 35
12 34 36
8 33 33
7 35 33
10 34 32
14 30 34
14 32 34
12 34 33
12 35 33
13 35 34
11 37 34
12 33 35
5 35 34
12 32 34
14 35 33
16 30 34
13 34 35
12 35 35
14 36 36
13 34 34
7 32 33
5 33 32
14 37 34
10 31 30
15 31 34
14 34 31
13 34 32
14 34 32
12 34 33
11 32 34
2 34 33
13 32 35
9 34 33
16 28 33
16 34 34
13 32 33
14 33 34
14 35 34
11 33 34
2 34 33
11 33 32
10 34 34
16 30 32
15 34 32
13 33 32
13 34 33
13 33 32
12 34 33
6 32 32
5 32 34
15 32 36
10 33 34
14 31 34
15 34 35
13 34 35
15 33 36
13 33 36
7 34 34
6 33 33
11 33 33
12 36 35
11 33 32
11 33 32
13 32 31
13 33 31
11 34 32
13 34 33
12 33 35
11 32 36
13 33 35
11 34 34
12 33 35
10 33 36
11 33 36
13 33 35
12 34 35
13 34 36
12 33 35
11 35 36
12 34 35
12 34 35
12 34 36
13 33 35
12 33 35
13 34 35
11 33 35
12 34 35
12 34 36
14 33 37
12 34 35
12 33 36
11 35 35
12 33 36
12 33 35
