43 37 50
43 37 50
44 35 49
45 35 50
43 34 51
43 36 48
42 39 48
44 38 46
42 42 46
43 40 46
42 42 41
39 44 43
37 41 41
31 49 47
27 47 41
22 47 44
15 49 43
12 45 42
9 44 40
10 44 40
12 42 37
12 40 37
12 40 36
13 41 35
15 36 36
12 37 36
12 37 36
13 38 37
13 37 37
11 37 36
12 39 36
12 38 34
12 39 35
13 40 35
13 38 36
12 37 36
12 37 35
13 36 36
13 36 36
12 39 36
13 38 35
13 37 36
12 38 36
12 38 36
13 38 36
12 37 35
13 38 36
13 39 35
13 38 36
12 37 35
12 38 36
12 37 36
13 37 35
13 39 35
13 37 36
12 38 35
13 37 36
13 38 36
13 37 35
14 38 36
13 37 35
12 38 37
14 36 36
13 38 37
13 39 37
13 39 37
13 39 35
14 37 34
12 39 35
13 38 34
12 39 34
10 39 34
8 38 35
11 37 34
5 35 35
19 36 37
13 38 38
14 35 36
19 37 37
17 36 36
16 37 37
13 39 38
10 41 37
11 42 37
6 43 39
11 40 36
11 38 36
16 37 35
13 36 35
12 37 35
15 36 35
12 37 36
11 36 35
3 37 35
14 38 37
13 38 37
16 37 36
18 38 36
15 38 37
15 38 38
14 38 38
10 38 38
7 39 37
9 41 38
10 38 36
12 37 36
15 37 34
14 37 33
15 36 34
14 37 33
10 37 33
7 37 35
13 38 36
12 38 38
15 36 38
18 40 37
16 37 38
15 38 38
10 39 37
10 39 37
1 40 38
11 40 35
9 38 34
11 36 32
13 37 32
15 36 32
16 36 32
14 37 34
12 37 34
8 38 36
11 37 37
10 39 39
16 37 38
18 39 37
14 39 36
14 40 37
12 40 37
10 38 38
4 39 37
6 37 35
12 38 33
16 36 30
17 38 30
15 38 30
10 36 32
10 37 33
9 36 35
10 36 35
13 36 35
16 38 38
16 38 37
17 36 36
15 38 36
14 37 38
15 37 39
8 39 38
10 39 37
8 38 35
8 36 33
12 37 34
15 36 33
15 36 33
13 35 34
12 37 34
10 36 34
3 37 34
12 38 38
14 38 37
18 37 36
16 37 36
16 39 37
14 38 36
12 38 37
9 38 38
4 40 40
8 37 34
11 37 36
15 36 34
14 37 33
14 35 33
15 36 34
12 36 34
15 35 35
6 37 35
12 37 37
15 37 36
17 36 36
17 37 36
15 38 37
12 38 38
9 38 37
9 38 38
5 39 39
8 36 36
14 36 34
16 36 36
14 35 33
16 36 34
13 38 34
13 36 35
7 37 35
11 36 37
14 38 37
17 37 37
16 38 37
14 40 38
12 40 40
8 41 41
8 39 39
5 39 40
9 38 36
11 38 35
14 36 34
15 36 33
15 37 33
16 37 33
13 36 34
8 35 36
11 36 36
12 36 38
15 37 36
17 38 38
15 39 38
13 38 38
12 38 39
10 39 39
1 41 35
9 34 33
10 37 35
14 38 35
15 37 34
14 36 33
15 36 32
13 36 34
13 36 34
6 37 34
12 37 35
12 40 37
16 35 37
15 39 37
14 38 37
13 38 37
11 40 39
11 37 37
5 39 40
9 37 35
9 37 35
14 36 33
14 36 33
14 35 33
14 37 34
14 36 34
12 36 35
11 37 36
11 38 38
16 37 38
18 36 38
16 37 36
13 37 39
12 38 39
7 36 40
5 39 39
9 36 36
9 37 35
13 36 35
14 36 34
13 35 35
15 36 35
14 38 35
12 36 35
7 38 35
13 37 37
13 38 38
12 37 37
17 38 37
16 38 38
14 38 37
11 37 39
9 37 38
3 39 40
10 37 35
9 36 35
15 37 34
16 36 33
13 36 32
16 37 33
13 36 34
8 36 35
8 36 37
17 37 39
12 37 36
16 33 38
16 39 37
14 38 39
15 38 39
11 39 38
10 41 36
5 38 38
8 40 33
7 37 31
16 36 32
15 37 30
14 35 31
14 35 32
12 37 33
14 37 35
8 38 34
12 37 37
15 39 37
17 38 37
15 38 37
14 37 38
15 37 38
9 38 37
8 39 35
8 41 37
10 40 34
12 37 33
15 37 33
15 36 33
14 36 33
13 37 35
10 36 35
6 37 35
12 37 35
14 38 37
16 37 35
17 37 36
14 40 36
13 38 37
14 38 37
7 37 37
11 38 38
9 40 37
9 37 35
10 36 34
15 36 34
13 37 33
12 37 35
16 37 33
12 36 35
7 35 35
11 36 35
11 39 37
16 36 35
17 38 36
14 38 37
14 37 36
12 38 38
8 38 36
4 38 39
8 36 35
11 37 36
15 36 35
15 37 32
14 36 33
14 36 34
10 36 34
12 36 34
6 36 36
15 36 38
12 37 36
16 35 38
16 37 37
14 37 38
12 39 38
9 39 38
10 35 36
6 39 39
10 37 36
12 36 37
12 36 34
13 36 33
12 36 33
15 36 33
13 36 34
9 36 34
12 36 36
14 38 37
14 36 35
17 39 36
15 38 36
14 37 37
12 38 37
11 38 38
9 39 37
5 39 39
10 37 35
11 37 36
14 36 36
13 37 33
14 35 33
13 36 33
12 36 35
5 37 34
15 35 36
11 37 38
13 36 36
16 37 37
16 37 37
13 38 37
11 38 36
9 39 37
2 39 39
10 38 35
10 37 34
14 36 34
13 38 33
14 35 33
15 36 32
15 37 34
13 37 34
6 35 35
10 37 36
15 38 39
15 37 35
17 36 37
14 39 37
14 36 38
14 38 38
10 38 38
7 38 37
6 39 36
11 38 35
10 36 35
13 35 33
13 36 33
13 36 32
15 37 32
14 35 33
14 36 35
8 38 35
11 39 37
10 39 37
13 37 37
16 38 38
14 38 38
14 36 38
13 37 39
11 39 37
4 38 39
7 36 35
9 36 36
11 37 37
14 35 35
14 35 34
16 35 33
19 37 35
13 37 35
8 36 34
11 38 37
13 36 38
12 38 37
15 39 39
13 40 39
14 38 39
14 37 38
13 38 38
11 37 37
8 36 36
13 37 35
14 39 35
9 37 34
13 36 34
12 36 34
12 36 34
14 36 33
13 35 34
12 37 34
15 37 35
14 37 38
13 39 39
12 37 39
13 38 37
13 37 38
11 38 37
13 37 37
12 37 37
13 37 37
14 36 36
13 37 37
14 36 35
12 37 35
13 37 38
12 38 35
12 37 36
13 37 35
12 38 35
12 38 35
12 38 35
12 37 36
14 36 36
13 37 35
12 37 35
12 38 36
12 36 36
13 37 37
12 37 36
14 38 36
13 36 37
12 37 35
13 36 35
12 36 35
12 38 36
13 37 35
12 36 36
12 37 36
13 37 34
13 37 36
13 37 37
13 38 35
12 38 36
11 37 35
13 38 36
13 36 35
12 38 36
13 37 35
12 38 35
12 37 37
13 37 35
13 36 36
11 37 35
12 37 36
13 37 35
12 37 36
13 37 35
13 37 37
13 41 39
11 44 40
10 45 40
9 47 39
8 49 38
11 48 38
15 49 36
23 51 36
32 48 40
37 40 40
41 37 40
42 36 43
44 33 46
40 33 51
41 33 52
40 33 53
41 35 52
40 33 52
41 36 52
40 34 51
41 36 52
