19 48 33
19 48 33
20 49 32
17 48 34
19 48 33
19 48 33
19 50 33
20 49 33
20 49 32
19 48 31
20 48 31
18 48 32
18 46 32
18 47 31
18 46 30
18 48 31
16 48 28
11 50 28
8 46 33
16 40 29
14 41 35
16 41 33
19 44 35
20 43 34
20 43 37
20 47 35
17 53 42
17 44 39
10 52 38
19 43 37
19 46 34
19 46 32
20 43 35
17 50 33
20 49 35
22 47 35
17 48 35
17 48 34
15 51 32
8 48 36
7 37 34
13 36 37
21 43 33
26 46 35
21 44 39
19 43 36
22 46 37
16 51 39
18 51 36
13 56 41
11 42 33
16 44 34
19 49 30
20 39 31
18 44 32
18 45 33
19 48 32
16 44 32
16 50 32
9 49 32
8 50 28
9 36 38
17 41 30
24 46 33
23 43 35
20 40 36
21 47 36
20 50 41
14 56 35
24 53 32
11 62 40
16 28 29
16 45 31
20 48 30
20 37 31
13 49 31
18 48 27
22 43 34
15 48 32
14 47 33
11 56 27
10 49 31
12 36 33
11 41 34
22 46 31
27 43 34
24 42 38
20 44 33
17 52 41
14 53 35
24 47 49
6 54 36
14 36 32
19 49 32
19 46 32
20 42 31
18 48 31
19 45 32
17 49 34
14 47 30
14 49 33
8 53 28
11 42 33
12 36 36
19 45 32
26 45 34
24 42 36
21 41 36
20 49 38
14 56 34
22 56 35
11 53 34
14 27 30
18 45 31
19 48 30
21 38 31
18 50 31
18 44 31
18 50 34
17 45 30
15 49 33
6 48 30
9 44 29
9 35 40
17 44 31
28 45 33
26 40 38
21 41 38
18 47 37
16 52 39
19 57 37
15 56 39
12 40 31
13 35 36
17 56 28
22 41 32
18 43 32
18 47 31
19 47 33
17 46 31
17 49 32
6 49 32
6 47 31
6 35 37
13 40 33
25 46 33
27 45 37
23 41 38
21 45 36
18 54 37
16 60 35
23 55 38
8 51 37
14 30 33
15 50 29
21 45 32
22 40 33
21 45 31
17 47 32
18 47 31
14 46 31
14 48 33
10 52 29
12 46 30
8 38 35
14 43 30
26 44 33
27 41 36
22 38 35
20 45 35
16 56 39
18 56 34
19 57 45
11 46 34
15 37 34
18 51 30
21 40 33
19 43 31
18 49 31
19 45 32
17 47 29
15 52 31
10 52 30
6 44 27
6 37 37
12 42 31
23 44 33
29 45 34
26 39 36
20 44 38
15 53 38
20 56 36
19 54 44
7 50 33
13 30 30
15 48 33
21 45 30
20 39 34
18 49 30
19 45 30
19 47 33
14 49 30
13 51 31
9 49 27
10 36 33
8 40 36
19 49 30
28 43 34
27 38 37
20 41 36
18 52 36
11 59 40
21 50 37
9 61 37
15 32 30
16 45 30
21 45 30
21 40 33
17 45 30
17 47 28
19 47 32
17 48 31
14 50 33
10 54 29
12 43 29
9 41 36
15 43 33
25 43 30
27 41 36
23 41 37
19 47 36
12 56 38
21 53 37
17 57 39
14 36 32
15 40 34
18 53 29
21 40 33
20 43 32
18 46 32
19 49 33
17 48 30
15 50 31
13 52 30
8 50 29
7 34 34
9 42 31
22 46 30
28 42 36
24 38 38
20 44 36
16 53 35
13 57 38
22 56 40
9 52 37
14 30 33
16 47 30
23 46 30
21 39 32
17 50 31
20 46 31
19 47 31
16 48 31
13 50 30
8 50 28
11 39 35
7 40 34
19 46 31
26 43 34
26 40 37
23 41 37
21 48 37
14 55 36
19 55 35
12 57 40
17 34 30
14 41 33
18 50 33
20 38 29
18 49 34
20 47 33
21 48 32
16 46 31
16 49 33
12 56 30
11 48 30
7 35 37
13 45 33
23 47 32
27 41 34
24 38 36
21 45 34
15 56 41
16 54 33
20 54 44
9 49 33
12 38 32
16 48 29
21 42 32
21 41 34
17 51 30
19 46 30
18 46 31
15 51 31
10 50 29
9 49 27
7 34 38
13 42 30
25 45 31
29 43 36
23 39 38
20 44 34
17 55 41
16 56 34
19 54 48
7 47 32
11 31 31
15 47 33
21 46 29
20 41 34
21 51 31
22 48 33
22 50 31
17 53 33
16 52 30
11 50 32
9 42 36
8 40 35
19 46 30
29 44 34
28 42 39
23 43 35
18 53 35
14 58 37
24 51 41
12 56 34
14 35 33
16 44 31
21 46 29
21 39 32
18 45 31
17 48 30
18 48 33
15 48 30
15 49 33
7 52 29
11 43 29
8 40 38
17 46 31
27 45 33
26 42 36
22 40 39
19 49 38
12 58 40
24 51 35
13 56 40
14 32 30
16 42 33
20 48 30
21 39 33
18 48 31
18 45 29
19 47 32
17 45 29
14 50 33
7 52 30
10 48 30
9 34 39
13 44 30
25 47 31
27 44 36
24 40 39
21 44 36
17 57 39
15 54 35
13 56 47
14 38 35
16 41 33
17 50 30
20 40 31
18 44 32
17 48 31
20 47 31
19 47 30
16 49 32
15 46 30
6 50 29
12 42 30
11 32 35
13 42 31
24 46 32
26 44 38
23 42 35
20 47 34
14 53 40
19 55 36
21 56 44
10 53 37
16 36 32
17 47 31
16 45 31
16 43 31
15 45 32
16 46 31
18 48 33
15 48 31
18 45 31
21 48 32
19 47 32
15 45 31
17 48 35
16 42 40
14 44 34
17 42 33
16 44 34
14 48 37
18 46 36
20 48 38
22 46 35
17 47 38
15 43 34
14 51 33
17 42 35
17 42 36
15 48 32
17 45 32
19 51 30
19 48 31
19 46 33
18 49 33
16 48 32
17 49 32
21 48 33
21 49 33
17 47 32
16 48 34
18 48 33
21 48 33
19 46 35
16 44 35
16 45 32
18 48 36
15 53 35
17 49 37
21 45 35
21 44 36
18 47 34
11 50 34
18 44 34
18 44 36
18 47 33
16 48 34
18 49 35
19 50 36
17 48 34
17 49 33
17 44 34
16 47 33
16 46 33
16 46 32
16 47 33
17 44 31
16 45 34
16 45 32
17 44 33
16 44 33
15 45 33
15 45 32
16 46 33
