36 37 50
37 41 48
38 42 47
38 41 46
36 42 43
29 50 49
27 45 45
25 43 45
21 44 47
19 42 46
17 41 44
13 41 41
11 44 40
13 44 36
8 40 37
11 38 34
13 39 32
13 38 32
13 39 32
14 39 32
13 39 32
16 41 34
14 40 35
14 39 36
11 37 37
6 38 34
12 38 35
12 36 33
14 36 34
18 37 33
18 39 34
17 37 35
14 39 35
8 37 38
3 44 36
7 40 37
11 37 34
8 37 33
10 39 35
15 39 33
16 38 34
18 37 33
18 37 34
12 37 35
3 38 34
5 35 34
13 37 34
18 35 33
19 37 33
18 38 31
17 41 35
11 38 39
7 36 37
1 36 37
8 37 37
13 37 35
12 39 34
12 37 33
16 37 33
18 36 34
18 37 36
16 37 37
8 36 36
0 38 35
13 36 37
12 36 34
17 37 33
19 37 35
18 40 36
15 39 38
12 37 36
8 37 37
5 39 35
11 39 36
12 41 33
11 37 32
14 39 33
16 38 33
17 37 33
16 38 34
15 38 34
10 37 35
3 38 35
9 36 36
11 38 36
14 36 33
17 37 34
17 37 36
15 38 38
14 37 37
11 37 35
7 37 35
4 40 36
13 36 35
9 35 32
12 37 32
14 37 32
16 37 34
14 38 34
13 37 33
8 37 32
4 39 33
14 36 34
12 36 35
14 36 34
14 37 34
16 37 37
15 38 39
14 38 37
10 38 36
8 38 36
8 36 36
14 38 33
11 40 31
13 39 33
13 39 33
11 37 33
13 38 33
15 37 33
5 38 32
15 37 37
13 39 36
13 36 36
14 38 35
12 39 34
14 39 34
14 39 34
14 38 32
8 39 33
11 40 32
10 40 30
13 40 31
13 38 30
12 40 29
13 39 29
12 37 30
12 38 31
12 37 30
8 38 31
14 37 34
11 36 33
11 36 34
14 37 36
12 35 37
13 39 37
15 37 34
14 38 33
13 37 34
10 38 34
6 39 33
8 39 34
13 40 34
10 37 33
11 39 32
15 38 32
15 36 33
15 37 34
14 38 34
12 36 34
7 39 34
7 39 37
15 38 38
10 35 36
14 38 39
13 38 39
12 44 44
17 44 48
22 41 48
22 44 49
23 34 48
21 30 51
22 36 50
22 34 45
23 33 49
22 29 49
22 27 48
20 27 49
23 27 47
23 25 49
20 27 48
20 23 44
21 20 47
17 24 48
20 23 43
13 25 40
17 33 38
18 32 42
23 36 44
22 36 46
17 34 49
12 36 48
11 34 45
2 37 44
11 34 40
11 32 37
8 33 32
11 34 33
14 37 34
15 36 34
13 37 33
14 38 34
9 38 35
6 38 33
5 36 32
15 36 35
12 37 31
18 37 33
19 38 35
16 38 35
14 39 36
12 39 36
10 39 36
4 39 35
9 39 36
13 36 31
12 37 32
13 38 32
14 37 31
13 37 33
15 39 33
12 38 32
8 38 33
9 40 35
16 39 35
10 38 34
14 37 34
14 38 34
13 38 35
14 38 34
14 38 34
14 37 34
11 37 34
9 39 33
7 40 34
11 38 32
12 37 31
13 38 33
14 38 32
14 37 31
14 36 30
15 38 34
11 36 34
5 39 32
7 39 33
15 34 32
11 37 32
15 35 32
15 38 33
13 35 36
14 38 36
13 38 34
13 38 33
9 38 33
3 40 34
13 36 31
12 36 30
12 38 32
15 38 30
14 36 30
14 38 32
13 38 33
10 38 33
5 40 33
12 37 34
12 36 35
12 37 32
16 37 35
13 38 33
15 38 34
14 39 34
14 39 34
12 38 33
10 39 34
7 39 34
11 37 33
10 35 32
11 35 30
13 36 30
13 35 30
14 37 33
12 39 32
12 37 34
10 37 36
9 37 34
11 35 34
10 35 33
9 39 35
7 41 38
7 41 41
17 42 44
22 45 45
29 45 45
32 46 44
31 40 44
34 39 49
35 37 51
36 37 49
38 38 52
38 37 51
40 38 52
39 36 52
40 36 52
41 37 51
41 37 50
40 36 50
40 36 53
40 38 51
