37 41 44
37 41 44
39 46 45
37 37 40
33 44 44
26 44 44
20 45 40
15 48 42
11 43 38
6 43 38
8 42 37
9 38 34
10 36 33
13 38 34
12 37 33
14 37 32
12 37 32
9 37 32
12 39 34
13 38 33
11 38 34
13 35 33
11 36 33
12 35 32
13 35 32
12 36 31
11 37 31
14 39 33
11 42 34
7 40 35
7 39 33
7 36 33
12 35 32
15 36 32
14 37 32
18 36 32
13 37 32
9 35 30
10 37 35
11 38 35
11 35 38
15 35 38
17 37 36
14 36 36
14 37 36
12 38 36
4 37 36
4 39 36
15 37 36
10 36 33
9 35 32
12 35 32
16 37 32
17 36 33
17 35 34
14 37 34
8 36 33
2 36 36
7 36 39
16 34 33
18 39 35
18 38 33
16 36 33
15 37 32
10 38 34
2 39 35
9 38 36
10 41 36
9 35 36
12 37 33
13 35 33
16 37 33
16 37 34
12 36 33
8 35 33
10 35 34
10 37 36
11 35 36
16 34 35
19 37 36
17 39 37
15 38 37
10 38 37
5 39 38
2 38 38
12 37 35
8 37 33
13 36 34
14 37 33
14 36 33
13 34 32
14 36 32
11 36 32
6 37 33
15 37 37
14 37 37
13 34 35
14 38 36
15 39 36
13 37 37
14 37 37
11 37 35
7 37 34
7 38 34
8 38 32
9 36 30
14 35 31
14 36 31
14 39 32
16 40 32
16 42 35
11 43 38
6 41 41
13 38 44
10 32 38
14 32 40
15 32 40
17 32 40
18 32 37
18 33 39
15 32 37
9 33 37
7 30 40
12 40 42
15 38 40
10 37 44
13 34 42
14 34 42
17 36 41
14 33 41
12 35 44
15 32 45
13 35 37
11 31 40
14 38 42
15 31 43
15 32 41
13 30 42
14 35 43
18 38 44
19 37 51
20 42 48
17 43 48
18 47 47
22 43 43
26 45 44
24 48 40
26 48 42
27 48 42
30 48 44
31 49 45
30 49 42
30 51 45
30 51 46
27 50 41
27 51 45
26 52 45
26 49 45
26 45 41
26 45 33
26 43 38
26 40 40
22 45 39
13 50 42
15 46 45
14 44 40
7 39 37
4 42 37
10 38 37
9 35 32
8 37 31
11 39 33
13 36 32
14 35 33
16 36 33
15 36 35
14 37 39
10 40 38
7 43 39
14 41 40
13 42 36
16 40 35
16 40 34
15 41 34
13 41 35
12 38 33
13 37 33
11 38 32
8 39 31
11 37 32
12 38 29
12 40 30
11 40 30
13 38 31
11 39 31
14 40 32
13 39 34
13 39 33
13 40 32
10 38 33
14 39 34
9 37 36
11 37 35
12 38 36
13 39 36
13 38 36
13 40 35
12 42 42
14 43 45
18 48 44
21 44 44
21 46 43
20 44 44
21 41 42
20 39 45
20 41 43
18 41 44
22 36 46
20 42 47
24 42 55
25 35 53
26 38 49
25 36 52
24 37 50
26 37 51
24 38 51
24 37 52
25 37 50
23 36 49
22 40 45
20 42 42
21 39 42
22 39 46
20 37 40
10 48 42
6 34 42
8 42 40
9 34 38
11 32 37
11 35 36
9 36 32
6 35 31
12 34 30
11 34 31
10 33 29
12 31 29
14 34 31
14 35 31
15 36 31
14 37 32
12 38 33
5 40 35
12 39 36
14 38 36
9 36 33
13 35 31
12 36 31
15 38 31
12 37 31
13 37 31
15 35 30
12 38 32
8 38 31
7 39 30
10 38 33
9 39 30
13 39 32
11 34 30
12 31 30
14 37 34
14 29 34
9 31 31
4 32 30
11 33 33
11 32 30
12 32 32
17 36 33
16 37 33
17 39 35
17 37 36
12 38 35
3 37 35
5 34 35
12 35 35
8 36 33
12 36 34
13 35 33
15 37 34
17 35 33
18 37 34
13 37 35
7 36 35
6 35 34
8 35 36
12 34 32
16 37 33
16 38 33
16 37 34
14 37 36
11 37 37
5 33 35
4 39 39
13 36 36
9 36 32
11 34 31
15 36 31
17 37 31
17 37 33
16 38 34
10 37 32
4 36 32
8 36 35
14 35 34
13 36 33
16 37 34
15 38 33
14 37 35
15 35 37
14 37 37
8 39 34
3 37 35
13 37 35
9 37 33
11 35 32
13 36 32
14 37 32
15 36 32
16 36 32
11 36 31
5 35 33
11 36 34
16 37 36
11 35 35
14 36 36
13 38 36
13 37 37
12 36 36
12 37 36
10 38 35
3 38 36
13 38 33
9 36 31
10 34 32
12 36 31
14 36 30
14 37 31
15 37 31
13 35 31
11 36 33
8 36 34
16 35 37
11 36 35
12 35 35
12 36 34
12 36 34
15 37 35
14 36 33
13 37 33
9 35 33
4 40 35
12 34 34
11 36 32
10 36 33
13 35 33
16 36 32
14 36 34
14 36 34
14 37 36
12 37 35
3 37 34
7 38 34
11 36 34
14 35 33
17 38 34
15 39 36
16 40 38
16 39 39
16 40 38
15 41 39
11 39 37
7 36 39
4 39 32
9 36 32
15 36 33
14 38 33
13 38 35
15 37 34
14 39 36
10 39 35
3 40 34
13 36 35
11 38 34
16 36 35
16 38 35
16 40 35
16 39 35
14 38 35
12 38 36
5 38 36
2 38 35
11 35 34
9 34 32
14 35 32
14 36 32
15 37 33
16 36 34
16 36 35
12 36 36
10 37 35
3 35 32
12 35 34
9 36 32
15 36 32
18 38 34
15 36 36
13 35 38
12 36 38
10 36 39
4 35 36
6 36 36
12 35 35
11 34 33
13 36 33
13 37 33
15 35 33
15 35 33
15 35 33
12 36 36
7 36 34
3 35 34
19 36 36
13 35 34
15 35 35
14 38 34
13 37 35
15 37 35
13 35 36
10 37 34
3 37 33
11 37 33
10 36 30
11 36 29
16 36 28
15 36 30
14 37 32
13 37 32
10 36 32
7 37 31
4 37 31
16 38 33
12 35 31
12 35 32
14 36 34
14 37 35
14 36 35
14 34 36
12 36 35
7 36 32
5 37 34
11 35 33
9 36 33
12 36 32
15 37 31
16 36 33
14 35 33
14 36 33
11 36 34
3 36 33
6 36 37
18 37 37
11 35 35
13 35 35
15 39 39
15 45 40
16 45 40
18 49 40
17 48 38
14 45 35
14 47 33
20 44 33
17 46 29
14 45 28
21 48 30
24 53 31
20 52 26
25 53 29
28 52 27
25 53 22
21 55 19
31 43 33
22 52 30
28 50 40
24 57 21
22 50 29
19 52 36
23 52 29
24 50 31
22 53 34
21 51 35
21 50 32
21 50 36
21 48 34
21 47 33
20 49 32
21 48 34
23 53 35
19 50 35
22 55 31
20 52 28
22 52 31
21 49 30
21 50 31
20 51 29
21 49 32
21 53 29
25 49 31
21 50 27
22 51 28
24 49 32
22 52 27
24 50 31
18 53 30
19 45 30
20 43 32
22 44 35
20 48 38
20 50 38
15 47 36
15 46 34
14 48 36
14 44 36
11 44 35
2 40 35
13 39 35
15 36 32
9 37 31
11 36 33
14 36 31
17 37 33
16 39 32
12 39 32
11 38 32
6 40 32
10 39 34
16 37 34
11 37 33
10 37 33
13 40 32
11 36 32
14 36 32
14 37 31
12 38 32
13 36 31
13 37 30
10 38 31
11 37 31
10 37 31
10 38 31
13 39 32
12 40 31
13 42 32
13 42 32
12 42 32
14 42 33
14 45 35
13 45 36
14 46 36
16 46 37
15 48 37
12 46 38
16 46 39
18 44 39
19 46 43
21 44 42
23 44 45
22 44 47
24 41 48
24 39 47
23 39 48
21 39 48
19 39 47
22 36 47
21 36 48
21 36 48
20 34 48
22 31 50
22 36 50
23 31 52
22 31 49
26 36 55
20 23 51
26 41 58
27 34 52
26 26 47
22 30 52
23 30 47
21 26 45
15 23 45
13 30 41
20 36 42
23 38 43
22 43 50
23 40 50
19 45 48
17 43 44
16 45 43
13 42 43
10 41 39
8 40 35
8 39 34
13 36 31
13 38 32
15 38 34
15 38 35
13 38 35
13 39 35
13 38 35
13 37 35
11 37 35
8 39 36
8 37 33
11 37 29
10 37 25
16 35 26
17 32 34
13 36 33
12 39 33
12 37 34
10 36 33
5 35 30
11 36 33
15 33 33
11 34 31
16 33 33
15 35 34
13 36 35
14 38 36
13 36 37
10 38 34
4 34 35
6 37 35
11 31 31
8 32 33
11 37 33
14 35 31
15 36 32
17 35 32
14 34 34
11 34 34
6 36 33
11 35 35
10 35 32
11 35 32
14 36 33
17 40 33
16 39 35
15 38 34
10 36 34
8 35 37
4 41 38
10 35 36
11 33 36
8 31 34
11 37 32
13 35 32
15 36 34
18 36 33
14 36 34
10 34 34
3 37 34
10 36 37
11 36 36
14 35 34
16 37 34
15 38 35
15 37 34
12 36 36
12 36 37
7 38 38
5 36 38
14 37 37
10 36 33
10 36 32
12 37 32
13 36 31
14 37 33
15 37 33
15 36 34
11 37 36
7 35 36
17 36 38
9 36 35
11 35 36
14 38 35
14 37 35
13 38 35
11 36 32
12 37 32
13 37 32
13 38 32
13 38 33
8 39 33
12 39 33
8 37 30
8 35 28
13 36 28
13 35 28
10 38 27
9 41 28
5 45 31
11 49 35
16 50 37
21 50 39
30 47 41
33 46 39
33 46 41
35 43 42
37 43 46
36 42 48
34 39 49
37 41 51
39 42 53
37 37 52
36 39 52
38 36 52
38 36 53
37 39 51
38 38 53
39 39 52
38 39 51
