39 40 33
40 42 48
41 41 44
40 44 47
39 41 42
36 44 46
30 50 49
26 45 45
20 45 44
18 45 43
16 42 41
13 43 37
11 43 38
10 41 33
9 40 33
10 41 35
8 42 34
8 40 33
13 39 33
12 40 33
11 39 32
14 37 31
14 37 31
11 38 30
10 37 30
6 37 33
16 38 37
14 37 38
18 34 39
17 37 39
14 38 40
9 41 37
6 40 34
4 42 33
7 40 33
13 42 30
16 37 26
18 36 25
18 37 22
19 37 25
19 44 23
15 46 23
17 43 27
14 42 24
11 40 23
10 32 19
14 30 23
11 38 25
12 38 28
10 32 26
8 41 24
10 44 24
13 51 23
16 45 25
15 35 20
14 40 19
25 44 15
30 37 23
21 45 26
25 37 25
25 38 22
21 40 24
16 45 27
12 44 28
4 44 28
6 37 28
12 39 28
12 36 37
12 39 35
11 38 35
13 36 33
8 38 35
6 41 32
9 38 34
11 40 34
9 37 33
11 38 34
15 37 33
17 36 33
20 38 33
16 37 33
12 36 34
3 41 38
7 39 37
10 37 37
10 39 35
15 39 34
15 39 35
16 38 36
15 38 36
11 39 36
8 39 36
7 40 36
13 37 32
8 37 32
12 39 30
14 37 31
14 37 31
14 37 31
14 37 30
10 37 31
6 39 31
15 35 35
13 35 36
12 36 35
15 39 35
15 38 35
14 38 36
13 38 37
10 39 36
8 39 35
8 40 34
11 39 31
10 36 28
13 38 29
15 40 31
14 39 34
13 40 38
13 36 38
10 34 36
9 32 38
10 30 44
15 28 41
16 29 40
16 29 35
18 31 35
16 28 36
13 26 38
11 28 40
9 19 42
7 24 41
13 28 43
12 25 39
12 27 41
17 33 46
14 27 40
15 29 40
13 33 47
16 30 42
15 31 45
15 31 48
15 33 45
17 35 44
18 31 42
15 32 43
16 34 42
16 32 44
12 41 45
15 35 41
15 33 44
15 40 38
14 35 39
11 38 39
12 39 39
12 36 38
12 36 39
12 35 38
14 38 38
14 36 38
14 37 39
13 38 38
11 34 37
11 34 39
12 37 35
11 34 34
12 37 34
11 38 33
10 36 37
12 35 36
12 38 35
13 37 34
13 37 35
13 36 35
12 38 37
13 39 37
14 37 36
15 36 36
11 37 38
13 35 38
10 38 35
11 41 34
10 38 34
13 36 34
12 39 33
11 37 36
14 34 39
15 36 38
15 38 35
15 39 35
12 36 37
10 36 37
7 41 38
11 38 36
13 36 35
12 36 33
9 37 33
12 37 32
14 39 33
15 39 34
15 38 33
8 38 36
6 37 34
10 37 37
19 36 37
15 35 33
12 37 34
13 38 37
13 38 37
12 38 39
14 42 41
16 45 43
15 50 43
14 49 41
15 50 42
17 46 41
21 47 40
26 46 42
26 51 35
25 51 31
24 50 31
25 49 33
27 49 34
24 53 35
35 44 31
26 62 36
30 59 43
35 54 39
34 51 37
32 54 38
33 54 38
31 52 36
31 53 37
30 52 34
31 50 35
31 54 32
32 54 30
30 52 31
30 52 32
29 53 30
29 52 29
31 52 27
30 55 28
30 52 27
32 52 29
30 53 28
30 54 26
30 54 27
29 52 27
31 49 29
28 53 28
24 53 30
26 50 30
26 48 34
24 55 35
21 53 35
18 51 33
15 48 37
15 49 34
17 45 37
14 45 35
16 46 36
14 47 36
16 45 37
18 44 38
15 44 37
17 43 38
16 42 39
13 42 36
9 42 34
8 41 33
18 40 35
13 41 33
13 43 34
12 41 32
12 38 33
12 37 31
14 39 32
12 39 32
9 38 29
12 40 33
16 39 32
15 37 30
11 37 31
11 41 34
13 39 33
12 40 32
14 39 33
14 40 33
15 40 33
13 41 33
14 40 32
13 41 34
11 40 33
12 39 32
15 39 31
14 41 30
14 45 30
15 40 31
13 43 31
14 42 31
14 43 31
14 41 32
14 42 33
13 41 33
14 41 32
14 40 32
14 41 33
11 41 34
14 38 36
13 40 37
11 40 36
14 40 36
16 37 35
14 40 35
15 40 35
14 41 36
13 43 37
12 44 33
12 42 36
12 53 33
15 44 37
12 39 32
12 40 37
12 38 31
13 38 31
13 38 31
13 38 32
15 38 32
9 39 32
8 40 35
7 38 35
21 34 37
8 36 33
9 37 33
13 37 33
14 39 32
16 38 33
16 38 35
14 38 36
7 40 35
2 40 37
13 35 35
11 38 32
10 36 34
13 39 33
16 38 33
16 38 33
16 39 33
11 38 33
7 38 33
5 38 34
14 38 34
13 35 36
13 35 32
16 36 35
15 37 35
15 36 35
13 35 34
12 36 33
7 39 31
6 40 32
16 34 30
11 33 30
10 31 30
14 34 30
15 35 30
14 36 31
14 37 31
10 38 32
7 40 32
7 38 32
15 34 34
11 33 30
12 37 33
13 39 32
15 39 33
15 39 33
14 37 36
12 39 34
12 37 32
6 40 32
13 37 30
9 38 31
12 38 30
14 38 29
12 38 29
13 38 29
15 36 30
14 37 31
10 36 30
4 39 30
16 39 36
13 33 34
11 33 33
15 36 35
16 36 36
15 36 35
14 37 35
12 37 34
5 40 35
4 39 37
15 37 35
8 37 34
11 37 33
13 38 32
16 39 33
16 37 34
16 37 33
12 37 33
7 38 33
7 39 34
11 37 35
10 36 33
17 37 34
17 41 35
16 39 36
14 38 36
11 39 36
7 41 37
5 40 38
12 36 37
10 36 33
10 36 32
14 38 33
16 38 31
16 36 32
16 39 32
12 39 33
8 39 33
8 38 34
13 36 36
13 38 35
15 37 34
17 40 35
13 39 36
14 38 35
12 37 35
8 38 34
6 39 33
14 38 32
11 39 30
11 37 30
14 37 30
16 39 31
15 39 32
16 38 33
13 37 33
8 37 33
5 39 31
15 37 33
10 37 33
15 36 34
16 39 35
14 38 35
14 37 35
14 37 35
10 37 35
3 41 35
10 40 36
11 39 33
10 38 34
12 38 33
15 36 32
15 37 32
14 37 33
10 38 31
7 38 31
5 38 34
17 37 36
13 37 37
16 37 37
17 40 36
15 40 36
12 38 36
10 38 36
6 41 37
0 41 38
14 36 37
11 38 34
9 38 35
14 37 32
15 38 32
17 37 33
18 36 33
12 37 33
6 40 33
5 38 35
11 37 37
12 35 34
16 35 35
16 39 36
14 39 36
13 38 35
11 39 35
7 38 36
6 39 36
13 38 36
8 39 34
10 38 34
12 38 33
15 37 32
15 37 31
16 37 31
13 37 31
9 38 33
9 37 35
15 38 37
10 37 35
14 36 36
14 38 38
13 42 39
14 42 38
13 38 35
12 38 34
6 39 32
10 40 33
12 40 31
8 40 31
10 38 30
13 36 30
15 37 30
15 39 31
12 38 32
9 38 32
5 39 35
16 37 37
13 37 33
18 40 34
14 40 35
12 38 35
10 37 36
12 39 36
13 38 35
13 38 34
11 41 34
13 41 33
10 38 31
11 39 32
15 39 31
14 37 30
13 39 30
12 38 29
9 38 29
6 38 31
18 38 35
12 36 32
14 33 34
14 39 35
14 38 34
14 37 35
16 36 37
13 39 36
7 48 36
9 41 37
13 41 32
12 39 34
11 39 33
13 40 33
15 40 34
18 42 36
16 37 35
12 40 36
9 40 37
8 41 38
13 41 35
13 46 33
16 43 35
15 42 38
17 38 36
18 38 33
17 36 34
6 39 35
15 39 36
12 40 36
8 42 37
12 44 37
16 41 34
13 41 32
12 42 33
14 41 33
14 41 34
14 39 33
13 38 35
13 39 34
10 39 33
4 40 35
12 37 34
15 38 34
11 36 33
14 40 35
15 40 33
14 38 35
14 37 34
12 38 34
10 39 34
5 40 34
10 37 35
13 37 33
11 37 33
13 38 31
13 38 31
15 37 33
15 38 33
14 38 34
12 38 33
7 40 34
10 39 36
17 36 36
11 36 33
12 38 35
14 39 35
14 37 35
14 38 35
14 38 35
15 38 34
9 37 33
5 39 33
14 39 34
10 38 31
10 38 31
13 38 31
14 39 32
15 39 32
15 39 33
16 38 34
15 37 36
5 39 35
6 39 36
17 37 37
9 38 34
8 46 36
8 42 37
12 48 40
20 47 41
22 45 42
29 44 41
36 46 41
36 44 40
38 44 43
36 37 47
35 36 50
38 36 52
39 38 53
39 35 52
40 36 52
40 37 51
39 36 52
40 36 51
40 36 49
40 37 51
41 34 51
