38 37 46
41 38 45
39 40 43
36 40 38
30 53 46
23 51 48
20 53 46
17 51 41
16 45 42
14 43 38
10 44 38
7 42 38
7 41 35
8 41 35
15 39 36
13 38 34
16 38 34
17 37 34
18 39 36
16 39 36
16 40 36
11 39 36
3 43 39
6 41 35
12 37 32
12 39 32
14 40 32
16 38 32
17 39 34
16 36 34
14 37 35
8 39 34
5 38 31
12 40 37
12 39 34
15 38 33
19 39 34
17 40 39
17 39 37
13 40 36
5 39 35
4 39 35
14 39 36
10 38 32
13 38 33
15 39 33
15 37 34
17 38 34
13 37 35
8 38 33
0 43 31
13 42 33
13 42 33
15 38 31
17 41 34
18 41 39
20 43 37
17 46 37
14 45 36
4 47 36
11 40 31
10 37 30
13 37 31
14 40 31
14 40 33
16 41 34
16 40 33
15 43 34
10 43 33
2 43 33
14 39 36
13 39 34
19 37 33
19 38 33
16 40 36
16 43 38
13 46 36
10 45 37
10 46 36
12 43 36
13 45 34
15 42 32
18 43 31
18 43 32
17 44 34
16 44 34
14 47 35
12 48 35
16 48 37
14 46 35
19 48 35
22 47 37
21 48 38
21 51 41
20 53 42
21 51 42
21 50 42
21 45 42
22 38 46
18 38 46
20 40 48
19 37 47
22 35 48
22 34 49
20 33 50
21 33 52
23 34 48
18 27 46
18 35 44
19 39 40
19 37 37
17 47 41
17 42 47
14 47 47
13 44 42
11 48 41
14 47 42
14 46 39
16 44 37
15 44 35
14 43 32
15 47 33
19 43 32
17 43 32
18 42 32
16 44 33
9 43 33
5 45 32
15 44 35
13 40 36
16 40 34
18 41 34
18 41 37
18 41 37
17 43 37
11 46 37
6 47 35
13 41 33
11 40 29
15 41 31
15 39 33
15 40 33
17 40 34
16 42 34
12 43 36
9 44 34
10 41 34
12 40 37
13 40 32
18 39 33
21 41 37
17 42 38
14 42 38
5 42 38
4 42 36
12 39 37
12 41 33
13 39 33
14 38 32
15 38 34
16 36 33
16 37 34
7 38 33
1 42 33
17 39 35
13 37 36
15 36 34
21 37 34
18 38 35
16 38 36
12 39 36
6 39 38
1 41 36
11 41 36
10 38 31
14 38 30
16 38 31
16 38 31
17 38 30
13 38 31
7 39 29
4 39 29
17 41 38
13 39 37
15 38 35
14 38 35
14 39 36
14 41 34
12 39 32
7 39 29
4 41 31
12 42 31
7 38 31
11 34 27
16 35 30
16 38 30
16 36 30
13 37 29
8 37 29
3 40 31
14 39 34
13 39 35
14 35 32
14 38 34
14 38 33
15 38 35
14 40 32
11 39 34
4 38 30
9 40 33
10 38 29
12 39 30
14 38 29
17 37 28
17 37 29
14 38 30
12 40 30
9 41 32
10 43 33
13 43 35
12 42 33
18 41 32
20 43 34
20 44 34
17 47 36
14 52 38
12 55 40
16 58 43
23 51 44
31 44 42
36 43 44
39 40 45
40 38 45
37 42 49
36 37 51
37 37 52
39 34 53
40 34 52
38 34 52
39 33 52
39 36 53
39 34 52
38 34 52
38 34 53
39 34 50
39 35 55
39 34 53
39 33 50
