13 36 31
12 36 31
13 36 32
12 35 32
11 36 32
12 37 33
12 38 33
14 38 34
12 37 34
12 39 35
12 38 34
14 39 34
13 39 35
14 39 35
13 40 34
13 38 33
9 39 34
13 37 33
9 37 30
12 37 30
15 36 31
12 35 30
10 37 29
12 37 30
13 35 31
14 35 30
13 36 31
12 37 32
13 37 32
12 38 32
10 37 32
9 37 31
13 36 31
14 34 31
12 36 31
11 37 31
13 35 31
14 36 33
13 36 33
15 37 32
10 38 31
10 37 31
9 37 30
15 35 29
13 33 28
10 33 27
13 36 28
12 35 28
12 35 30
10 34 29
11 36 32
13 35 33
13 33 32
12 35 33
13 34 34
13 34 34
12 35 33
13 36 32
13 35 31
10 34 31
8 33 30
9 33 31
13 33 31
13 33 29
13 33 28
12 33 28
12 35 28
13 34 29
13 32 30
14 35 30
11 34 29
11 36 30
5 34 29
13 36 31
13 32 31
11 34 27
13 35 29
17 34 30
16 36 30
15 32 33
2 56 35
9 33 29
14 45 36
13 44 28
18 37 27
18 41 28
18 37 28
17 34 29
10 38 31
5 38 29
7 42 32
11 38 33
10 37 33
12 40 31
13 41 31
15 39 32
15 38 32
14 38 33
10 36 32
5 36 31
13 37 30
13 38 30
11 38 30
14 41 31
14 42 31
14 40 30
14 39 31
13 39 32
11 36 29
13 37 32
14 36 32
11 35 32
11 38 31
13 37 32
14 39 33
14 39 32
12 39 33
5 38 31
9 37 29
13 39 31
11 36 28
14 34 27
14 35 28
14 35 29
13 35 31
13 37 30
12 38 31
6 38 31
6 38 29
16 39 32
13 37 32
13 38 32
12 36 32
13 37 33
12 37 31
14 37 31
15 36 32
8 34 30
8 35 29
13 35 30
10 36 28
12 37 29
16 39 31
14 37 29
14 35 29
11 36 29
6 33 28
11 35 30
14 35 32
12 30 31
12 34 33
13 35 33
13 38 32
15 38 32
12 40 31
12 39 31
4 39 32
11 36 31
12 38 30
11 37 29
14 36 28
17 37 30
15 38 29
13 37 30
12 37 31
6 36 28
10 37 31
12 36 32
12 36 32
14 37 33
13 36 34
13 38 33
14 36 34
13 39 34
11 39 32
8 36 31
9 36 29
15 35 31
11 35 30
14 33 29
14 36 30
14 36 31
12 37 30
12 38 31
10 38 31
8 39 31
9 38 33
14 38 33
10 35 32
10 36 32
12 36 33
13 36 33
16 35 33
16 36 33
12 39 32
4 42 31
12 38 31
14 38 32
13 39 29
14 39 31
13 39 30
13 37 31
11 36 31
12 36 30
9 37 31
9 38 31
14 38 34
16 37 33
14 35 34
11 36 34
12 35 33
13 36 33
12 38 31
13 37 32
14 39 32
10 39 33
9 37 31
10 37 32
10 35 32
12 33 30
12 37 30
12 35 29
13 37 30
13 41 30
14 39 30
13 41 32
12 37 29
13 39 31
12 37 32
12 38 32
12 37 33
11 38 32
12 37 32
12 36 32
13 35 34
13 36 34
13 39 34
12 38 34
11 37 34
11 37 32
12 36 32
12 36 32
13 35 31
12 36 31
12 35 31
10 36 32
13 37 32
13 37 33
13 35 33
13 36 33
13 36 33
12 36 34
13 35 34
12 37 33
13 37 33
11 36 33
12 36 32
13 37 34
12 37 33
13 37 33
12 39 33
12 37 32
10 36 34
13 36 33
10 37 34
13 38 34
12 38 34
12 37 33
13 38 33
12 37 33
12 37 34
12 36 33
12 38 33
11 37 33
13 39 34
13 38 33
13 37 33
13 38 33
12 37 32
