46 29 51
43 26 52
45 28 53
45 28 53
44 31 33
57 53 33
57 53 33
57 53 33
45 28 50
45 27 50
43 32 47
43 34 42
40 40 42
40 40 41
38 42 39
32 46 42
27 47 39
20 51 45
15 49 41
11 45 44
8 44 42
7 44 39
9 41 37
11 39 37
13 40 37
15 39 37
12 39 37
13 37 35
12 37 35
11 36 34
12 35 33
12 37 34
12 36 34
12 36 34
11 36 34
12 35 34
12 37 34
11 37 34
13 35 34
12 35 34
13 36 35
13 36 35
11 35 34
12 36 35
12 35 35
12 36 34
12 36 34
12 37 33
13 35 34
11 35 35
12 35 33
12 35 34
13 36 35
12 36 35
12 36 35
11 35 34
12 35 34
12 36 35
13 35 35
11 35 34
12 37 34
13 35 34
11 36 35
12 35 34
12 35 34
12 36 34
12 35 34
13 35 34
13 35 35
13 36 35
12 36 34
10 36 34
11 35 34
11 35 34
12 34 34
13 35 34
13 36 34
11 34 34
12 35 34
12 35 34
13 35 35
13 36 34
13 36 34
13 37 35
12 36 35
13 37 35
11 38 37
11 37 37
12 41 39
14 40 38
16 42 39
17 42 37
17 40 38
15 37 37
14 37 35
7 38 34
9 37 36
8 39 33
11 37 35
14 37 34
17 40 37
13 41 34
12 41 33
8 42 32
6 39 36
4 41 40
2 39 39
8 35 38
17 35 34
18 36 32
19 35 32
20 34 33
14 37 32
2 41 32
2 38 37
2 40 33
9 38 36
12 38 37
14 38 37
13 39 36
10 40 36
2 40 35
9 36 36
5 36 36
4 35 34
14 33 34
18 34 33
19 35 35
16 37 33
6 37 31
8 37 34
4 40 33
8 39 33
12 39 36
11 38 36
13 36 36
12 37 35
9 36 36
5 40 36
10 38 38
8 37 38
10 34 37
14 34 35
16 35 36
15 36 34
12 36 34
7 35 32
10 37 34
6 37 34
10 38 37
14 36 36
12 38 36
12 38 36
10 36 35
8 37 37
4 38 36
12 37 38
11 33 37
15 34 36
13 36 36
13 35 34
13 36 35
10 35 33
7 35 33
10 36 35
9 38 32
10 37 33
16 36 35
14 37 35
14 38 35
11 38 34
8 38 35
5 38 38
13 37 39
10 37 38
13 35 37
13 36 35
13 36 35
17 36 36
12 35 35
12 35 33
12 38 36
9 38 33
11 39 34
15 38 35
14 38 33
14 39 36
11 40 35
8 38 34
8 37 36
12 39 37
11 36 35
13 35 36
15 37 35
14 37 36
17 39 37
13 39 35
12 38 34
12 37 35
10 38 33
12 38 34
14 37 33
13 39 34
12 38 32
7 39 36
8 37 38
7 41 35
13 39 38
12 37 36
15 35 35
16 36 33
12 35 38
12 37 39
9 36 36
5 34 31
12 37 33
9 36 29
12 36 31
13 38 32
11 38 33
10 39 34
8 39 33
10 38 34
2 37 35
14 38 40
10 38 41
15 35 41
15 35 41
17 36 39
16 36 38
11 37 37
3 36 33
11 38 35
9 37 31
13 35 33
16 39 33
15 38 33
12 38 36
5 40 36
9 39 37
4 39 34
13 39 39
11 39 38
14 36 39
11 37 38
12 36 39
13 36 37
11 36 36
5 36 34
12 38 34
11 36 32
15 37 33
17 36 35
14 36 35
11 37 36
7 38 36
6 38 35
3 38 38
12 41 38
11 40 38
16 37 37
12 35 36
9 35 36
10 35 38
9 36 36
9 36 34
11 37 34
10 36 32
16 36 34
17 37 35
17 37 34
10 39 35
7 40 34
9 38 36
8 40 35
11 40 38
12 39 36
16 38 37
13 38 36
11 38 38
12 38 37
10 39 36
8 39 34
10 38 31
12 34 30
16 36 32
17 37 34
13 38 35
9 37 34
5 39 35
2 39 35
11 41 36
14 40 37
14 37 36
13 38 36
10 37 37
7 37 37
8 37 38
9 37 34
10 38 35
13 38 32
14 37 30
17 37 32
15 38 33
12 37 34
7 38 34
3 39 35
4 38 36
11 39 38
13 41 37
16 36 37
16 38 35
11 39 36
12 41 37
9 42 36
9 40 36
11 42 39
12 40 34
16 37 34
21 36 35
21 37 35
18 37 34
9 38 34
4 38 33
0 38 35
10 38 38
14 40 38
16 38 38
17 38 37
14 39 36
11 36 36
7 40 35
0 38 36
3 38 35
6 33 33
12 35 34
18 36 33
20 36 33
20 36 32
13 37 32
5 38 33
6 37 35
5 37 40
16 37 36
14 38 36
14 39 36
13 40 38
11 37 37
5 39 37
7 37 37
6 37 35
6 34 34
14 34 34
14 36 34
15 35 33
15 35 32
16 36 33
11 35 33
9 36 37
11 39 36
14 36 37
11 38 35
11 40 37
12 39 39
8 41 39
4 38 40
9 37 37
8 36 33
11 36 33
14 37 31
14 36 31
15 36 33
12 29 33
5 31 37
9 32 41
7 33 32
12 35 34
16 39 31
13 39 30
11 41 32
8 41 33
4 40 36
6 42 41
11 36 42
6 37 39
8 33 38
12 35 36
16 35 35
16 36 34
13 37 33
9 36 31
13 37 34
10 37 34
14 38 34
11 37 34
10 38 37
9 40 39
8 40 41
4 39 40
9 39 39
10 39 36
5 36 34
8 34 32
12 35 32
12 37 33
14 35 32
16 35 33
11 36 33
14 37 34
12 35 35
11 37 36
14 38 36
11 39 36
9 40 40
10 41 41
5 41 38
7 37 39
5 36 35
6 36 34
11 37 33
12 35 33
14 35 32
17 34 32
16 34 32
9 36 33
13 37 35
12 36 35
10 39 37
10 38 36
9 39 38
13 39 40
12 39 40
7 39 38
4 38 39
6 36 35
8 35 34
11 35 35
11 36 33
12 33 32
14 36 32
14 37 32
16 36 35
14 37 36
15 39 38
11 39 40
13 37 40
9 39 41
12 39 41
13 37 39
9 39 39
12 37 37
10 38 36
11 37 33
9 37 34
12 37 32
15 37 33
11 34 31
16 36 34
18 36 35
13 37 36
12 38 37
11 38 37
10 38 38
13 37 37
13 38 36
13 37 36
12 37 35
13 37 34
12 36 35
13 37 35
13 37 35
14 38 34
13 35 36
13 37 36
12 38 36
12 37 36
12 37 35
12 36 36
12 38 35
12 38 35
12 37 35
14 37 36
12 37 36
12 38 35
12 37 35
12 37 35
12 37 35
12 37 35
13 38 35
13 37 35
13 37 34
13 39 35
12 37 35
12 37 35
12 37 35
12 37 36
13 39 35
13 37 34
13 38 35
12 38 36
13 38 35
13 37 34
13 37 35
12 37 35
12 38 35
13 37 35
13 36 35
12 36 35
13 36 36
13 36 35
13 36 35
13 37 35
12 38 35
13 37 35
12 37 35
12 38 35
12 37 35
12 38 35
12 38 36
14 37 35
12 38 34
13 36 34
11 37 34
12 38 35
12 37 36
13 38 35
12 38 36
12 39 35
12 38 35
12 38 36
13 39 37
10 43 36
11 52 35
11 56 30
13 60 26
19 57 27
20 48 34
31 41 36
37 37 39
39 35 44
40 30 45
40 32 52
40 33 54
42 34 50
41 34 54
41 35 50
41 36 51
40 36 52
42 36 51
42 35 50
42 35 51
42 36 52
42 35 50
42 38 51
42 38 52
42 38 51
41 36 51
41 36 51
41 36 51
42 35 51
42 36 51
41 37 51
42 35 50
42 36 50
