36 41 51
39 42 48
39 42 46
36 40 44
33 47 47
29 42 45
26 44 44
23 49 48
21 46 44
18 43 42
15 44 42
7 42 40
7 43 39
9 45 38
13 40 34
12 40 34
13 41 34
12 38 33
14 39 32
16 39 34
16 38 34
12 38 35
8 39 35
6 41 36
17 36 37
13 38 35
17 39 36
18 39 34
14 40 35
16 39 35
13 39 35
8 39 35
6 41 36
11 42 38
7 41 33
9 37 33
14 39 33
15 36 31
18 36 31
19 37 32
11 37 32
3 42 32
11 38 40
10 38 38
16 38 36
19 38 36
20 38 34
16 40 37
10 40 37
4 42 38
5 43 38
11 41 35
10 39 32
14 38 31
16 38 31
16 42 34
17 44 35
14 43 37
10 42 38
10 40 40
10 40 38
13 38 35
18 38 31
18 43 35
17 45 36
15 46 36
14 48 39
12 38 28
15 43 38
15 40 31
16 40 39
10 39 38
11 39 32
13 37 34
14 41 35
13 38 37
8 35 37
7 32 37
8 33 33
10 32 34
15 32 32
18 36 34
19 37 35
16 39 37
12 39 38
9 39 38
5 41 38
9 41 38
9 38 34
12 36 31
12 38 33
15 38 33
18 40 33
18 39 34
14 39 35
8 44 35
3 49 38
15 44 42
14 43 43
16 41 41
20 37 44
22 33 48
20 32 51
21 31 47
20 31 48
21 30 48
20 32 47
22 31 47
23 29 51
20 30 49
20 29 49
19 27 50
21 27 51
17 27 50
13 32 49
22 36 40
20 41 39
22 30 43
22 32 47
27 30 47
22 34 50
18 41 48
11 44 47
3 43 43
5 39 37
8 40 37
12 40 33
9 38 30
12 36 32
13 37 32
13 37 32
19 38 34
17 39 35
10 39 35
10 39 32
10 38 34
5 43 35
13 36 34
17 37 33
19 40 35
17 40 37
16 44 38
18 44 38
15 44 39
12 43 37
10 42 35
11 41 38
12 41 34
15 38 32
14 34 31
11 37 33
10 39 31
10 38 32
10 36 34
11 42 33
12 41 34
13 41 35
14 44 34
14 43 34
11 42 33
9 39 31
10 39 30
12 42 33
13 42 29
13 43 32
14 42 30
12 40 30
14 38 31
13 40 30
14 38 30
13 39 28
13 39 30
13 39 31
13 42 32
15 41 34
15 40 35
14 39 35
14 39 37
14 39 36
13 40 37
10 41 35
3 45 33
12 41 34
14 43 33
17 41 33
16 40 33
15 41 31
14 40 33
14 41 33
12 41 35
7 39 35
3 39 36
15 39 38
15 38 38
16 37 36
15 41 37
15 42 38
17 42 37
17 40 38
14 40 37
6 41 36
7 40 35
9 43 33
8 40 34
12 38 32
17 38 32
18 38 33
19 39 34
14 39 38
13 41 38
9 43 41
13 39 37
15 39 37
11 43 37
17 42 36
18 43 34
16 41 33
18 41 34
11 39 34
1 42 34
11 40 35
9 39 33
13 38 34
14 38 32
16 38 33
14 38 33
14 39 33
11 37 32
4 39 31
16 38 34
13 39 36
14 37 35
15 37 35
18 38 36
15 38 37
13 38 37
8 39 35
4 41 34
10 39 34
9 39 32
13 38 30
15 39 31
16 38 30
14 38 31
15 37 31
6 37 30
2 39 30
17 37 36
12 36 36
13 35 33
17 37 35
17 37 35
14 37 35
13 36 36
9 36 34
3 40 34
12 39 35
7 39 33
13 37 34
15 37 34
17 39 34
17 37 33
16 37 33
11 36 34
7 39 32
6 37 34
15 37 38
14 36 33
18 37 35
17 39 37
16 39 35
13 39 36
11 37 36
3 38 34
3 38 35
12 37 34
11 37 32
14 37 33
17 36 32
16 36 33
17 37 33
13 37 33
8 37 32
2 38 33
15 36 36
9 37 35
15 37 35
19 37 35
19 38 35
13 39 35
12 40 37
7 38 37
1 40 35
12 37 36
12 36 35
12 38 32
13 38 33
13 36 33
16 37 33
16 37 32
14 38 33
9 36 32
4 39 34
16 38 36
13 37 35
16 37 35
16 38 34
14 39 34
14 38 34
13 38 35
7 37 35
4 38 33
9 36 33
13 35 31
9 36 30
11 35 29
11 35 31
13 38 30
13 39 31
14 38 32
14 40 32
12 40 32
13 40 32
11 39 32
13 40 33
13 39 35
11 39 34
12 41 36
13 43 38
13 47 40
14 49 43
17 53 46
24 52 46
28 44 47
31 39 47
37 33 42
40 39 48
35 33 46
37 37 52
37 36 53
41 34 52
42 35 51
40 35 51
40 33 52
41 33 52
40 33 51
40 33 50
39 35 53
40 35 52
40 34 52
40 35 51
39 35 52
39 33 52
40 33 52
40 35 51
39 33 52
39 34 52
39 33 51
39 33 51
38 34 52
39 32 52
39 33 52
38 34 52
39 33 52
38 35 52
38 33 52
39 35 52
39 33 51
39 33 52
39 36 51
40 33 51
39 35 52
39 34 52
39 34 53
39 33 51
39 35 52
39 35 52
39 35 51
38 35 53
39 33 50
40 35 52
40 35 52
41 35 52
39 34 53
37 32 54
37 32 53
35 33 52
38 34 49
39 40 48
38 45 48
39 48 51
40 50 49
41 47 49
40 46 49
39 43 51
39 38 51
39 37 48
38 33 52
37 32 52
36 33 52
36 32 54
38 32 53
39 34 52
40 34 51
39 37 52
39 36 51
40 36 52
39 35 52
39 36 51
39 36 52
38 36 52
39 36 53
38 36 52
37 35 51
39 36 52
39 36 51
39 37 51
39 36 52
39 37 51
39 37 52
39 36 52
38 37 53
39 36 52
38 36 52
39 37 52
39 38 52
39 37 50
40 37 53
40 35 52
40 37 53
39 37 51
39 35 52
40 36 52
40 36 52
39 36 51
40 37 52
39 36 52
39 37 51
38 37 52
39 36 52
40 36 52
39 38 52
38 37 52
40 36 51
39 36 51
37 37 52
38 35 50
39 37 53
40 37 53
39 38 50
39 36 52
40 39 53
38 36 50
39 37 50
39 39 53
39 35 51
38 37 53
40 36 51
40 36 51
39 37 52
39 37 51
39 36 51
39 38 51
39 38 52
38 36 52
40 37 53
39 36 52
39 37 52
39 37 52
39 36 51
38 36 51
39 37 52
38 37 52
39 37 52
39 37 51
40 38 51
40 37 52
39 36 52
39 37 51
39 37 50
40 37 52
39 36 52
38 38 52
39 37 52
38 36 52
37 36 51
39 36 51
39 38 53
39 36 53
39 37 53
39 36 51
39 37 50
38 36 51
39 36 50
39 38 53
39 36 51
39 37 50
39 37 52
39 38 51
40 37 51
