32 40 52
34 41 53
35 40 52
35 42 50
35 41 49
35 40 47
34 41 45
32 43 47
31 42 46
28 41 44
24 45 45
19 46 47
15 43 43
10 42 41
8 43 39
7 42 37
10 40 36
13 37 34
14 37 35
16 37 35
14 38 36
11 39 37
8 38 36
8 37 34
12 36 35
15 37 35
13 38 34
16 37 34
17 37 35
14 38 36
13 37 38
13 38 39
11 39 37
6 39 35
10 38 35
12 37 34
10 36 33
12 37 32
15 35 32
15 37 32
17 36 33
14 37 35
8 37 34
8 37 35
11 36 35
15 38 36
13 36 35
16 36 35
18 39 37
14 38 35
12 38 36
9 37 38
6 39 37
8 39 37
11 37 34
8 36 33
9 36 34
14 35 31
16 36 32
16 37 31
14 39 35
10 38 34
7 36 36
14 34 36
14 35 37
16 35 36
17 37 35
17 36 39
14 37 38
10 36 38
6 37 37
2 38 37
11 38 36
11 37 35
11 36 33
15 35 32
16 34 33
17 36 32
13 38 34
10 37 35
5 36 34
12 35 35
16 36 39
16 35 37
16 37 37
16 37 38
13 37 37
12 36 37
8 37 36
5 38 38
10 38 37
10 37 34
11 36 33
15 36 33
16 35 33
16 36 33
14 36 33
9 36 34
5 35 34
8 35 36
14 35 37
15 37 36
17 35 36
17 37 37
14 37 36
11 36 38
8 36 37
5 38 36
8 37 36
11 37 34
10 36 33
16 37 32
17 36 33
17 37 34
14 37 33
9 37 35
6 36 34
7 35 35
14 36 38
12 35 35
16 36 37
17 37 37
16 37 37
14 35 37
10 36 37
5 38 36
6 39 38
13 36 35
10 37 34
13 37 35
17 35 34
16 35 33
14 36 33
11 35 33
8 36 33
6 36 34
13 35 36
13 36 35
16 36 36
17 37 35
16 36 36
13 36 37
11 37 36
8 38 36
3 38 36
13 38 35
10 35 35
13 34 33
16 38 35
17 36 33
14 36 34
14 36 33
9 35 32
7 37 34
14 35 34
12 35 37
14 36 36
17 36 36
16 38 36
14 37 38
12 36 36
7 36 36
3 39 37
11 36 35
10 36 32
13 37 34
16 37 33
16 36 33
15 36 33
13 37 34
7 36 33
4 36 33
14 36 36
13 35 34
16 36 36
19 38 35
16 36 37
14 38 36
10 37 37
5 38 35
5 38 38
11 38 35
11 35 35
14 35 33
16 37 33
16 36 33
15 37 33
9 35 34
7 35 34
5 36 35
14 37 37
13 36 37
16 36 36
19 37 36
15 37 36
13 36 36
9 36 37
5 37 35
10 38 36
12 38 36
13 37 35
15 36 35
18 36 34
15 37 32
13 35 33
6 35 34
5 36 34
10 35 34
14 36 37
14 36 35
18 35 37
17 35 36
14 38 38
12 36 38
8 37 37
3 40 37
12 38 36
13 37 36
13 37 35
16 36 34
16 37 33
15 36 33
13 34 34
6 35 33
4 35 34
14 36 35
14 34 36
14 35 35
17 36 35
17 37 36
15 38 37
12 37 36
8 38 37
5 39 36
10 37 36
11 36 36
11 37 34
14 36 33
15 36 32
17 36 32
15 35 33
10 36 33
6 36 32
7 36 34
15 36 35
15 36 35
17 36 36
17 37 36
14 37 36
12 37 36
7 38 36
5 38 36
10 37 36
9 36 34
11 36 34
15 36 33
17 35 33
14 35 34
14 36 32
8 35 33
7 36 33
12 35 36
16 38 37
15 36 35
16 37 35
16 37 36
14 37 37
12 37 36
7 37 35
4 38 37
8 37 36
9 36 35
13 33 33
14 37 32
17 34 32
17 36 32
13 35 33
10 35 34
6 36 34
11 36 36
14 37 35
16 37 36
15 37 35
14 36 37
14 36 39
11 37 38
6 38 35
4 39 35
13 36 33
10 36 32
11 35 31
16 36 32
17 36 33
15 35 32
13 37 33
6 36 33
5 40 35
12 36 34
15 39 38
13 36 35
15 39 36
16 41 37
14 39 35
15 41 35
12 41 34
8 43 33
11 43 31
10 42 29
13 39 29
16 37 28
15 40 30
15 40 32
16 40 30
12 40 32
7 40 31
12 38 32
15 37 34
11 35 33
16 37 33
15 36 33
14 35 34
13 35 34
11 33 35
8 37 34
3 42 34
10 37 33
10 36 32
12 37 32
16 36 33
18 36 33
17 36 33
12 36 33
7 38 32
5 36 32
13 35 35
14 37 35
15 37 34
18 39 35
16 41 37
12 39 37
10 41 37
9 40 36
9 42 38
7 41 34
9 37 34
16 34 32
17 34 31
15 36 31
10 37 31
5 34 28
8 34 30
18 30 33
14 31 36
16 32 34
16 37 36
14 37 38
13 36 38
10 38 39
7 36 37
3 41 38
8 38 36
7 38 36
12 36 32
13 34 32
17 36 33
15 37 33
12 36 32
11 36 34
13 37 35
13 38 38
13 34 36
17 35 38
16 37 37
13 39 37
11 38 38
8 36 37
2 38 36
10 37 37
11 27 33
9 31 31
14 37 32
15 35 31
15 37 31
15 36 31
12 37 33
11 36 33
8 36 34
12 37 38
12 35 37
14 37 36
17 38 36
15 40 38
13 39 35
9 38 33
4 39 34
9 37 35
11 36 33
11 35 33
13 37 33
16 35 32
17 36 32
14 37 33
12 36 34
6 36 33
10 34 34
14 36 38
11 34 35
16 37 35
14 39 36
15 38 38
14 37 36
11 35 36
8 37 36
4 37 36
13 35 35
12 33 30
7 35 30
11 36 30
15 36 31
16 38 32
11 43 36
11 44 40
11 44 40
16 41 47
23 41 48
27 39 47
30 37 47
29 38 50
30 34 49
32 35 49
31 39 51
30 39 50
28 40 51
29 42 52
32 39 51
33 40 52
34 41 52
34 42 50
34 43 51
33 43 52
33 42 51
34 43 51
32 42 51
34 41 51
35 44 50
34 42 51
35 42 51
34 41 51
36 43 51
34 42 52
34 42 52
34 42 52
33 41 50
32 42 51
30 44 51
33 45 49
32 49 47
