41 36 50
41 37 51
42 35 51
41 36 51
41 35 52
42 35 51
42 36 51
42 35 52
41 37 53
43 36 50
43 39 49
44 40 47
44 41 48
42 39 47
42 39 47
40 41 47
41 42 44
38 45 44
35 43 40
31 45 41
26 48 41
24 47 39
16 44 39
6 46 40
1 43 39
5 44 38
8 36 37
11 39 37
13 42 35
13 40 36
12 38 37
11 38 36
12 38 35
15 36 34
14 38 35
13 37 35
15 38 35
14 37 35
13 39 37
11 39 36
13 39 36
12 40 36
12 38 35
14 38 35
13 37 36
14 37 35
13 37 36
13 37 37
13 38 37
13 39 37
13 38 36
13 38 36
13 37 35
13 40 36
13 37 36
13 37 35
13 38 36
13 38 36
12 38 36
12 38 36
12 38 37
12 38 36
13 36 36
13 37 36
13 37 35
12 37 33
12 37 33
13 39 33
13 38 34
13 42 35
12 41 35
13 39 35
9 40 35
8 39 34
8 37 35
11 36 34
12 37 33
17 35 36
14 34 33
14 33 35
15 37 36
16 37 35
14 37 36
12 38 36
9 38 37
9 38 37
5 40 40
10 37 35
10 37 35
14 38 36
14 37 34
14 35 33
14 35 33
11 37 34
10 36 34
7 37 33
15 37 36
13 38 36
16 36 35
16 38 35
13 39 38
11 38 38
10 39 37
7 39 38
4 40 39
9 39 36
10 38 35
12 37 34
14 36 35
12 36 33
14 36 33
14 36 34
14 39 36
11 36 34
13 38 38
14 39 37
17 38 36
15 37 37
12 39 40
11 39 39
8 41 39
2 39 39
11 38 35
10 40 35
12 35 32
13 36 33
13 37 33
13 37 33
14 38 34
13 36 35
11 37 33
12 39 38
13 40 36
17 36 37
15 39 36
12 41 38
14 41 37
10 40 38
10 39 35
6 41 37
9 38 33
12 37 31
15 37 31
11 37 30
11 36 31
11 37 32
10 37 32
10 34 33
14 37 35
14 35 37
16 35 37
16 35 36
14 38 38
14 38 38
12 37 38
7 39 38
2 39 34
8 38 35
11 37 34
13 36 32
15 36 33
13 36 32
13 35 32
12 36 34
11 36 33
8 37 34
12 38 35
14 37 35
21 37 36
15 37 35
13 39 37
12 39 37
7 39 37
5 40 37
8 40 37
11 38 35
14 36 35
14 37 34
12 36 33
13 37 33
11 35 35
11 34 35
6 36 33
14 37 36
13 38 37
17 37 35
16 36 36
15 39 35
13 38 36
9 36 38
7 38 38
4 40 41
11 37 37
12 39 36
14 37 34
13 36 33
11 36 33
11 37 34
8 32 32
4 31 31
13 36 35
11 35 35
17 35 36
16 38 36
14 37 38
11 39 38
8 40 37
2 39 38
8 39 36
9 37 35
11 37 34
14 35 34
13 36 33
14 35 33
10 37 33
13 35 35
10 37 34
14 37 36
12 37 35
16 37 37
14 37 36
12 38 37
13 38 38
8 39 38
4 39 37
11 41 38
8 38 36
12 36 35
14 36 35
14 36 33
11 35 33
12 36 33
14 35 33
8 35 33
13 36 36
11 38 37
19 37 36
17 39 36
12 38 37
10 40 39
5 38 39
0 41 40
10 37 35
11 36 36
11 36 35
13 35 34
13 36 33
15 36 33
14 36 34
12 35 33
13 36 34
14 35 37
13 37 36
15 37 38
15 39 37
13 38 38
10 39 38
6 39 39
0 39 41
11 36 36
11 37 36
12 35 34
11 35 33
14 36 34
15 37 35
13 37 34
12 35 36
13 35 34
14 39 38
14 37 35
15 37 36
12 39 37
13 39 39
10 40 38
9 41 39
2 40 40
10 38 34
10 38 33
14 37 33
13 35 31
11 35 32
11 36 32
12 37 34
10 37 34
16 36 35
15 39 40
16 37 35
16 37 37
11 38 38
13 40 39
12 41 39
11 40 38
3 42 39
5 40 32
7 39 30
16 37 30
14 36 31
12 36 32
15 34 33
14 38 34
11 37 35
9 37 34
14 38 37
14 38 36
13 36 35
13 39 37
13 38 38
10 40 37
6 40 38
1 40 38
11 39 35
10 38 34
12 36 35
13 35 33
13 35 32
12 35 33
15 37 33
15 33 35
9 36 34
13 36 35
14 39 36
15 38 37
14 39 36
12 39 38
11 39 38
8 42 39
1 41 40
6 38 36
6 36 35
10 35 34
13 36 34
14 35 32
15 35 32
13 36 34
11 35 34
14 35 36
12 37 37
11 36 35
13 38 36
11 39 37
11 39 39
9 39 39
9 41 38
1 40 41
8 36 36
8 37 35
12 36 35
12 36 33
13 36 32
15 35 34
12 37 33
9 35 34
14 36 35
11 38 38
15 37 38
14 39 37
12 39 38
12 38 39
9 40 38
6 38 37
9 40 37
9 37 36
10 36 34
13 35 34
13 36 33
13 36 33
14 36 34
15 36 35
8 35 34
13 37 36
13 38 37
14 37 38
15 38 36
13 39 38
12 39 40
9 40 39
9 39 37
7 40 37
6 36 35
9 37 34
14 35 33
14 35 33
15 35 33
16 39 32
14 33 34
8 35 35
14 36 37
10 39 38
11 37 39
14 38 37
12 38 37
13 40 38
11 41 38
9 39 37
5 40 36
8 38 35
9 36 33
11 34 34
11 35 32
14 35 33
17 36 33
17 36 35
15 35 34
15 36 35
12 38 39
9 38 36
10 39 37
13 39 37
12 40 36
14 38 37
12 39 38
10 39 37
4 38 37
11 36 35
6 35 33
10 35 32
12 36 32
14 36 31
18 36 32
15 36 32
16 38 34
13 39 34
14 38 36
12 39 37
10 38 37
11 36 37
11 39 38
11 38 37
13 37 37
12 38 36
13 36 35
12 37 35
13 38 35
13 36 35
13 35 36
13 35 36
12 37 36
11 37 35
13 37 35
12 37 35
13 38 35
13 38 35
12 37 35
13 38 36
12 37 36
13 37 35
13 38 36
13 38 36
13 36 36
12 36 35
13 36 36
11 38 36
12 36 35
12 37 35
13 38 36
13 37 36
11 37 37
13 36 36
12 37 35
13 38 36
12 36 37
13 37 36
12 37 35
12 38 36
13 37 36
14 37 37
12 37 35
13 37 36
13 37 36
13 37 35
13 37 37
14 37 36
12 37 36
13 37 36
12 38 37
13 37 36
12 38 36
12 37 35
13 38 37
13 37 36
12 37 35
13 37 35
12 37 35
13 38 35
13 37 36
13 38 36
12 37 36
13 38 36
14 37 36
13 38 35
14 41 37
13 44 38
10 49 40
5 59 41
8 54 40
15 54 38
20 47 36
29 42 36
36 37 36
41 33 42
42 33 46
41 33 52
39 37 54
41 36 52
43 37 52
43 36 52
42 37 51
40 36 52
40 35 53
39 34 51
39 35 51
40 36 51
40 36 52
