41 36 51
41 36 51
40 35 52
40 34 53
43 35 51
44 35 50
42 37 48
41 40 47
42 42 46
42 46 44
43 42 43
39 46 41
36 44 43
34 46 42
29 49 45
25 44 41
22 50 47
17 41 41
13 45 44
10 41 41
9 41 41
10 39 38
10 39 39
11 40 38
12 36 38
13 39 37
11 37 36
13 36 35
14 36 34
13 36 34
12 37 34
13 36 35
13 37 35
12 36 34
12 35 34
13 35 35
11 36 35
13 34 34
13 35 34
12 34 34
12 36 35
12 38 35
13 37 34
13 35 35
12 36 35
13 36 37
12 36 35
13 36 35
12 37 35
12 37 36
13 34 35
12 36 35
12 36 35
13 36 35
12 36 34
12 35 35
13 36 35
12 36 34
12 34 33
14 37 35
13 37 34
12 35 35
11 37 36
11 37 37
15 36 38
14 38 38
13 40 38
13 38 38
12 38 37
11 32 36
9 33 35
8 34 34
10 33 33
12 32 32
13 34 31
12 34 31
13 34 31
14 35 30
10 36 33
9 36 33
6 36 34
12 35 37
13 35 38
15 32 36
14 33 34
14 35 35
12 35 34
13 37 34
11 35 35
10 36 35
7 38 34
11 35 33
13 34 32
16 34 34
13 36 33
14 36 34
11 38 34
7 36 34
4 36 35
13 34 36
14 36 39
15 34 37
16 36 37
14 36 37
13 35 39
13 35 38
8 36 37
4 36 35
11 34 34
10 34 33
15 32 32
14 32 32
14 34 33
12 35 34
10 36 34
6 38 34
3 37 36
13 35 35
16 34 38
17 38 36
16 37 37
13 40 38
11 38 37
10 36 38
10 37 36
7 36 35
10 37 34
9 35 33
17 33 33
16 35 33
16 38 34
13 39 35
9 37 36
8 39 36
3 39 36
15 40 39
15 39 38
16 36 37
15 36 36
14 37 36
14 36 36
11 37 37
7 35 36
3 37 35
11 35 33
12 31 32
16 33 32
16 36 31
12 36 32
10 39 33
8 37 34
8 38 36
7 37 37
15 39 38
14 38 37
16 37 37
13 38 37
12 37 37
13 37 37
9 37 36
5 37 36
12 37 34
12 35 33
15 36 34
17 36 33
14 37 34
12 37 35
9 38 35
6 39 35
7 37 37
11 39 39
12 37 37
14 36 37
14 36 36
15 36 36
14 37 36
11 36 36
7 37 34
10 37 37
11 36 32
13 36 35
17 38 34
15 38 35
15 38 34
12 39 34
6 38 36
3 38 36
13 39 37
11 36 36
15 34 36
16 35 34
16 36 35
16 36 36
12 32 35
8 31 33
2 36 33
7 36 32
11 36 34
16 37 36
14 38 35
12 38 35
13 37 34
10 37 35
11 33 36
5 33 37
10 33 38
15 34 40
18 33 38
16 35 38
17 36 38
16 37 36
11 37 36
4 38 35
9 39 38
6 38 34
11 37 35
18 35 36
16 40 35
14 38 34
12 37 34
8 38 33
1 35 34
13 34 38
12 33 38
12 33 35
15 35 36
19 35 35
20 36 36
17 37 36
11 36 34
2 38 35
8 38 35
8 38 35
16 37 36
16 37 35
17 37 35
14 37 35
8 39 36
6 36 37
6 37 36
10 37 36
15 35 36
19 35 35
19 35 35
17 35 34
15 36 35
10 36 34
1 37 34
5 38 36
8 38 36
14 39 34
17 38 36
18 40 34
13 39 34
9 40 35
9 39 35
3 35 36
9 36 37
9 39 35
17 34 35
19 34 35
19 36 34
18 35 34
13 38 35
2 36 34
2 39 36
8 38 35
12 37 36
18 39 36
17 38 35
14 38 34
10 38 34
10 36 34
0 37 34
11 35 39
12 35 36
18 31 35
18 38 35
17 36 35
16 38 34
10 38 35
8 36 33
6 39 37
8 36 34
12 38 36
18 39 36
18 39 34
14 38 34
13 37 34
10 33 34
3 36 38
7 31 38
9 29 34
16 29 34
21 30 33
18 35 33
16 34 36
10 34 36
5 35 36
2 38 37
10 35 36
12 37 36
18 36 36
18 36 34
14 35 33
11 33 34
8 33 33
12 31 34
9 31 31
14 34 37
12 33 34
20 33 35
18 37 36
14 37 37
13 37 37
8 37 38
0 39 38
5 37 36
10 35 35
13 35 35
17 33 35
14 34 34
14 33 33
14 34 34
11 35 33
5 37 32
12 36 38
11 35 34
17 37 36
16 38 35
16 37 37
13 39 38
9 39 39
7 37 39
5 37 38
10 34 38
11 36 36
14 37 35
14 35 34
15 36 33
16 35 34
14 36 35
10 35 34
9 37 35
10 38 40
15 37 36
17 38 36
15 37 37
13 40 37
12 39 37
9 40 38
1 40 39
9 38 35
10 36 35
14 36 34
15 36 32
14 36 33
15 37 32
12 37 34
12 35 35
11 35 36
11 38 37
13 37 35
17 36 35
14 37 37
13 38 38
13 37 37
9 39 39
4 39 38
10 39 36
10 38 34
8 37 34
12 34 32
14 36 32
14 36 32
14 35 32
14 35 33
12 36 33
13 37 36
12 37 37
11 37 38
17 37 37
14 38 37
13 39 38
13 38 38
10 40 38
3 39 38
9 38 34
10 36 34
11 34 33
13 37 33
15 34 32
14 37 33
14 36 34
15 36 35
7 38 35
13 37 38
14 37 37
10 36 38
13 39 39
12 37 39
12 38 38
11 38 38
12 36 37
11 36 36
10 37 35
13 37 34
14 36 36
13 37 34
13 37 34
13 39 36
13 38 35
14 38 35
12 37 37
12 38 36
12 38 34
12 38 35
11 37 35
12 38 36
12 37 36
14 38 35
12 38 37
12 37 36
12 38 35
13 37 35
12 39 36
12 38 36
13 37 36
12 38 36
12 37 35
13 37 34
13 38 35
14 36 35
13 38 36
12 37 36
13 36 35
13 39 36
12 37 36
12 38 35
13 37 35
13 38 36
13 36 36
12 38 36
12 37 37
12 37 35
12 37 36
13 36 35
13 39 35
13 37 35
13 39 36
13 37 35
13 38 35
13 40 37
9 47 37
6 52 39
10 54 40
15 55 40
20 52 40
27 47 39
34 39 37
38 39 38
41 37 42
41 35 45
39 33 50
41 38 54
41 37 51
41 36 51
41 37 54
41 37 50
42 37 51
42 37 51
42 38 52
