13 33 38
13 41 38
13 40 34
15 39 35
14 40 33
13 39 35
13 40 34
14 41 35
14 40 34
13 43 33
14 42 33
14 43 33
15 43 34
14 44 34
14 42 34
12 41 34
13 40 33
14 41 34
15 42 34
13 42 33
10 41 32
15 41 34
13 38 34
12 37 35
13 40 35
13 40 37
15 42 36
15 40 36
16 42 36
16 41 37
16 39 37
15 40 38
10 40 36
8 45 35
13 40 34
15 40 33
15 39 34
14 39 32
14 42 34
15 40 33
15 41 33
14 42 35
11 40 36
1 40 32
15 40 38
14 34 34
13 36 36
14 37 36
14 36 35
15 37 34
16 37 35
14 37 36
12 41 37
4 38 34
14 40 35
13 39 35
13 39 34
16 39 33
17 39 33
15 38 33
16 40 34
15 41 35
9 40 36
3 39 35
15 39 37
11 35 34
12 37 35
16 38 36
18 37 34
16 37 36
17 37 36
14 40 38
4 40 36
8 46 37
13 41 36
14 40 33
14 40 33
16 40 34
16 42 34
15 39 33
13 39 36
11 41 36
3 40 34
14 38 36
14 36 34
11 38 35
14 37 35
16 37 35
16 37 35
16 37 35
14 39 37
12 39 36
1 40 34
12 41 35
12 39 35
13 39 34
14 39 34
15 39 34
16 39 35
16 39 35
11 40 35
5 40 34
10 39 35
14 38 36
12 35 35
15 38 36
19 37 37
16 38 36
15 38 36
16 40 39
13 38 38
4 41 36
5 40 36
13 40 36
12 37 35
15 38 33
14 37 34
14 39 33
15 40 35
16 38 34
13 38 35
5 39 34
10 37 34
15 37 37
11 36 34
15 38 37
16 36 36
15 36 37
15 39 37
15 38 36
13 38 37
1 40 36
11 40 35
14 38 35
12 38 33
14 39 33
16 38 34
14 38 35
17 39 35
15 40 35
12 40 36
1 40 33
14 39 36
12 37 36
11 35 34
15 38 36
18 37 36
16 37 36
16 39 36
15 40 38
12 39 37
0 40 35
14 39 35
12 37 34
12 39 33
14 38 35
14 38 33
14 40 34
15 39 34
14 40 36
10 40 36
5 39 37
17 40 37
15 36 34
15 38 36
17 39 38
14 38 37
16 38 38
17 40 38
12 40 38
4 44 37
16 43 38
12 41 36
15 39 36
16 36 35
16 38 33
13 38 34
14 37 34
6 40 35
8 40 38
12 39 38
18 38 39
19 41 39
14 40 37
14 41 38
16 40 39
14 40 40
7 40 38
10 42 36
12 38 35
14 37 34
15 38 33
15 37 33
15 37 33
14 39 36
14 40 37
1 41 35
14 39 40
14 38 36
18 42 37
18 40 37
16 41 39
16 40 39
18 41 39
14 41 39
1 41 34
15 41 36
17 40 35
13 38 32
17 40 33
16 40 33
18 39 35
14 39 35
12 40 35
1 40 34
16 41 36
14 38 35
16 41 36
16 38 36
15 40 38
14 40 38
18 41 40
16 40 38
3 44 35
10 41 34
17 40 36
13 38 32
14 39 35
15 37 33
16 38 33
15 39 33
13 38 34
0 39 33
17 42 40
15 37 34
15 40 36
16 40 37
17 39 38
16 39 39
16 38 40
16 41 39
8 42 38
1 42 35
15 41 36
16 39 33
13 40 33
13 39 34
15 40 33
18 38 34
14 40 34
12 39 35
0 40 33
20 41 41
17 34 36
14 40 35
16 40 37
18 40 39
16 40 38
16 41 40
15 41 40
0 43 37
12 41 38
19 39 36
18 36 34
14 40 33
10 42 34
14 41 36
17 39 37
15 38 36
7 39 34
6 40 34
14 39 37
16 35 36
20 37 36
18 39 37
15 42 37
17 41 38
17 42 40
5 42 36
6 42 35
14 42 36
15 40 35
16 39 34
16 37 36
16 39 34
16 40 34
13 40 35
6 39 34
6 40 32
17 41 37
11 38 36
15 39 36
18 37 38
17 39 38
16 39 37
16 40 38
14 39 38
1 42 37
11 41 36
15 39 36
12 37 32
15 40 35
16 40 34
17 39 34
18 38 34
14 39 34
4 40 35
11 39 35
13 40 37
14 37 36
16 40 37
16 38 37
16 38 37
17 39 38
15 39 38
2 40 36
11 40 32
14 36 34
14 38 34
13 40 32
15 39 33
16 40 34
15 40 35
15 40 34
9 40 35
4 42 34
16 39 36
13 37 33
15 40 36
16 39 37
17 37 36
17 38 36
16 40 38
12 40 37
1 41 35
12 38 35
13 41 34
15 39 34
17 40 35
16 39 34
17 39 35
14 40 35
11 40 35
1 39 34
12 40 36
14 38 37
15 38 36
18 39 36
16 38 38
16 39 38
18 40 37
15 39 39
8 40 38
7 41 37
14 42 37
12 39 37
14 39 35
15 39 35
17 38 35
18 39 34
14 39 35
9 39 37
3 39 35
15 40 37
12 37 35
14 39 37
18 38 36
17 38 36
17 40 37
18 39 37
13 42 37
2 43 35
9 42 35
12 40 34
13 37 35
15 38 35
18 39 35
17 38 34
15 38 34
10 39 34
2 40 34
13 42 38
14 37 36
15 37 38
17 39 38
18 37 38
16 37 38
17 40 37
13 38 39
0 40 37
9 41 36
11 40 36
13 38 34
16 38 35
17 36 33
17 37 34
16 40 34
12 40 34
8 40 35
4 38 34
15 39 37
11 37 35
17 39 36
19 37 37
16 37 39
17 38 38
16 39 39
9 38 36
0 41 35
13 41 35
11 37 34
15 37 33
17 38 34
16 38 34
16 38 34
13 40 34
9 40 34
2 39 32
14 39 37
12 36 33
16 37 36
18 38 36
17 37 35
15 38 36
16 39 38
11 38 37
0 41 34
10 40 34
12 38 35
14 37 34
16 38 33
17 37 34
16 39 34
15 38 33
9 38 33
1 40 32
15 38 38
12 36 34
15 38 36
17 37 35
18 37 35
15 39 37
17 39 37
15 39 38
6 39 36
7 41 36
12 40 37
12 39 35
13 37 34
16 36 34
17 38 33
19 39 34
15 39 35
11 39 35
2 41 34
13 41 38
14 39 37
14 37 36
16 39 35
17 38 36
14 40 37
17 41 37
15 38 39
3 39 37
8 41 36
13 40 36
13 38 35
13 39 34
15 37 33
17 39 33
17 39 34
15 39 35
12 41 35
4 39 33
11 41 37
14 38 37
12 37 36
15 38 36
16 36 38
15 37 37
16 36 37
15 38 37
14 39 37
3 39 35
10 39 34
16 40 35
11 38 33
12 38 34
13 38 34
15 37 35
13 39 35
13 41 34
13 41 35
9 41 33
11 41 35
16 36 34
13 36 32
11 36 31
15 36 31
14 35 31
14 36 33
13 34 31
12 34 31
11 40 33
4 39 30
13 38 34
16 39 33
10 38 31
11 40 31
14 41 32
15 40 31
15 41 32
15 40 32
12 40 32
8 38 31
8 37 32
17 33 34
14 34 33
10 38 33
15 38 36
15 36 35
14 38 36
