10 35 34
11 35 33
13 36 34
12 35 35
11 35 34
12 36 34
12 35 34
13 35 35
13 35 35
12 35 34
13 36 35
11 36 35
11 34 35
12 35 35
11 34 35
11 34 36
10 34 37
14 32 37
14 34 36
14 32 37
14 34 38
14 34 38
10 35 34
5 35 36
15 33 34
13 36 35
10 32 34
13 33 34
13 35 32
13 33 34
13 36 34
13 36 35
14 37 37
13 37 37
12 37 37
5 37 37
12 34 38
13 36 36
12 34 36
14 35 37
14 35 37
14 35 38
14 35 37
13 34 38
12 35 37
5 37 36
7 35 36
10 36 33
12 32 34
14 34 33
14 35 35
14 34 33
16 36 35
14 37 35
12 37 36
4 36 37
9 33 37
11 37 36
15 36 36
17 32 38
16 35 37
15 36 37
14 36 37
14 34 38
13 34 37
5 34 38
12 35 35
12 37 33
13 34 35
14 34 34
13 34 34
14 35 35
13 33 34
12 34 36
10 34 36
4 34 37
11 35 37
11 35 35
17 33 36
15 33 36
14 36 37
14 35 38
14 34 36
11 34 37
5 38 36
13 37 35
11 36 36
13 34 34
14 34 34
14 34 35
13 35 33
13 34 34
12 34 34
12 34 35
4 34 37
12 33 37
12 36 37
14 33 37
15 34 37
14 34 37
14 34 38
15 34 37
14 35 38
8 35 38
6 36 37
12 37 35
11 35 36
14 33 35
13 32 34
15 33 35
15 35 35
14 35 35
12 35 37
9 36 37
5 33 37
13 34 37
12 35 36
15 33 37
15 36 36
14 36 37
14 36 39
15 34 40
12 32 39
1 34 37
13 34 37
10 38 35
12 34 35
15 34 35
15 34 35
14 34 35
15 34 35
14 35 37
11 36 37
3 35 37
11 32 38
12 35 37
15 35 38
17 34 38
16 34 37
14 34 38
15 35 38
12 34 38
3 34 36
10 34 38
8 38 36
11 34 34
14 33 35
16 35 34
16 34 34
15 34 33
14 35 34
13 33 35
5 36 35
9 33 38
11 34 38
13 33 37
14 32 38
14 35 37
15 36 37
14 35 37
15 34 38
8 34 37
7 34 37
9 37 34
12 34 34
16 34 36
14 34 35
15 33 34
13 34 33
12 34 35
11 35 34
2 34 37
14 35 38
11 36 36
13 32 38
14 35 38
16 35 37
15 34 37
14 35 38
12 34 37
4 35 36
11 34 36
10 37 36
13 34 35
16 35 34
14 35 34
14 35 35
15 34 34
12 34 34
10 35 35
4 34 36
14 33 36
12 35 35
13 31 38
16 34 37
15 35 38
14 35 38
16 34 39
12 35 37
4 35 38
11 35 36
9 37 36
13 33 36
15 34 34
15 35 33
14 33 36
16 35 35
14 35 35
12 35 36
4 34 37
7 33 38
13 33 37
12 35 35
14 34 38
16 35 37
14 34 38
14 33 37
13 33 38
9 33 35
4 34 37
14 34 36
9 35 35
14 33 34
15 37 35
15 34 34
14 35 33
13 34 34
13 34 35
10 34 36
7 33 37
14 33 37
9 35 35
14 32 38
17 34 36
15 34 37
16 34 37
13 36 38
9 34 36
1 35 36
12 36 35
11 38 34
13 35 34
16 34 34
16 35 33
15 34 34
13 34 34
12 35 34
9 34 35
1 34 35
15 33 37
11 35 36
13 30 35
15 34 35
14 36 35
15 35 36
13 34 37
11 35 36
3 33 35
9 35 35
10 37 34
16 34 34
15 37 35
14 34 35
14 33 34
13 35 33
12 34 34
7 35 34
3 34 38
15 34 36
12 36 34
15 32 36
15 33 37
17 36 35
14 34 37
14 35 37
12 34 37
1 35 35
11 35 36
10 39 34
13 33 34
16 36 35
14 33 33
15 34 33
15 36 33
13 35 34
11 34 35
1 35 36
13 32 37
11 36 35
14 31 37
16 34 36
16 36 36
14 34 35
13 34 36
12 32 36
1 33 36
13 36 35
9 35 35
13 33 34
14 36 35
14 35 33
15 34 34
14 34 34
12 34 34
10 36 36
4 34 36
12 33 37
11 35 36
14 33 37
18 34 36
16 35 37
14 34 37
14 35 38
13 34 38
0 35 35
13 35 36
11 38 35
14 34 35
15 34 35
14 34 34
15 34 34
13 35 34
12 33 34
8 35 35
5 34 38
15 35 37
13 36 36
13 32 36
14 34 37
17 35 38
14 34 36
14 34 38
10 34 36
1 36 36
12 34 34
10 36 34
16 33 34
15 34 32
14 33 33
15 35 34
12 35 34
12 34 34
7 36 36
6 33 37
13 35 38
11 33 35
16 29 35
14 33 34
13 34 35
15 33 36
14 34 36
11 34 35
2 36 35
13 35 34
10 35 35
13 32 34
13 36 35
14 35 34
15 35 34
13 34 33
12 34 35
11 35 35
2 34 36
14 34 37
11 36 35
12 32 36
15 34 36
16 34 36
15 33 38
14 34 37
13 34 37
3 34 36
10 35 36
9 37 35
13 35 35
16 33 35
15 35 35
14 33 33
15 35 34
13 34 34
10 35 35
2 34 36
15 32 38
11 36 35
12 32 36
16 33 36
16 35 36
16 34 36
13 34 37
12 33 37
5 34 36
7 34 36
13 36 34
9 35 35
16 34 35
14 36 34
12 33 33
14 34 34
15 34 35
13 35 35
12 35 36
4 36 36
9 33 35
11 38 38
14 35 36
17 34 36
15 35 34
14 35 35
15 34 36
13 34 36
10 35 37
1 35 36
11 35 36
14 35 36
11 33 35
14 34 34
14 35 33
16 35 33
14 35 34
11 35 35
13 33 36
4 33 36
8 31 37
16 36 38
13 36 36
13 30 36
16 32 35
14 34 35
14 35 37
13 34 37
12 34 37
3 37 35
10 34 36
14 36 35
10 34 34
15 33 33
16 35 31
14 35 32
15 36 33
14 36 34
11 35 35
7 36 35
4 35 35
12 35 36
11 32 33
14 31 34
13 34 34
14 33 34
14 34 35
13 32 35
11 33 35
1 36 35
14 34 34
11 33 34
14 33 33
15 37 33
15 34 34
15 35 34
14 35 33
12 35 33
12 36 34
2 36 34
12 29 35
10 32 36
13 29 34
15 32 35
14 35 35
14 34 37
13 36 36
12 34 36
11 34 36
5 35 35
10 35 34
11 34 33
12 33 32
15 33 32
15 34 32
14 34 33
14 34 33
12 34 34
12 35 35
3 34 37
14 32 37
11 34 36
15 32 37
16 35 36
13 35 37
12 33 37
13 34 37
14 34 36
