10 39 37
10 40 36
14 40 37
9 39 37
12 40 37
14 38 37
15 41 37
13 38 37
13 39 35
15 40 38
15 39 37
14 38 37
13 40 38
13 39 37
14 38 39
13 38 37
15 39 38
13 39 38
13 38 37
13 38 38
14 37 38
14 36 38
15 37 38
14 37 36
6 39 36
9 37 34
13 37 35
14 37 34
12 37 33
11 38 33
15 38 33
15 38 34
12 38 33
13 38 34
13 41 35
14 42 35
10 41 34
7 40 34
14 37 35
14 32 34
10 36 34
15 35 34
13 37 35
14 36 35
15 38 36
16 38 36
15 37 37
10 39 36
4 39 36
11 40 36
11 36 36
11 40 35
16 39 34
14 39 34
16 39 35
15 39 36
14 40 36
11 39 37
2 40 36
14 39 37
13 38 38
15 36 37
17 38 38
15 37 38
17 36 38
16 37 38
11 36 37
1 38 34
11 41 38
13 36 36
14 36 35
15 39 36
18 39 37
16 38 36
15 38 34
10 40 35
4 38 34
15 36 38
11 36 37
15 34 35
18 35 36
18 35 36
15 35 37
16 36 38
12 39 39
3 37 37
7 40 36
12 38 36
12 34 36
15 37 35
16 36 34
17 36 34
17 37 35
12 39 35
5 40 36
10 40 38
14 41 38
13 37 39
16 37 37
16 37 38
16 34 38
18 35 36
14 38 37
4 36 37
4 40 35
13 39 35
13 39 34
15 38 35
17 37 34
15 39 34
15 39 35
12 38 34
5 38 34
4 40 36
14 38 38
12 34 35
18 37 36
18 36 35
17 36 35
16 36 37
13 38 39
10 37 37
1 41 35
14 39 36
13 39 36
13 38 35
15 38 35
16 38 35
17 39 36
14 39 35
9 40 36
0 39 34
15 39 37
13 35 35
15 36 35
19 37 35
17 36 37
15 35 37
16 38 37
11 39 38
2 40 36
9 41 38
12 41 36
12 38 35
16 38 34
16 37 34
15 39 34
16 39 35
12 38 35
7 40 34
6 37 33
14 38 37
12 34 34
15 36 35
18 36 37
16 39 37
16 38 37
15 38 38
11 38 37
0 39 36
11 41 36
15 38 36
11 36 34
16 37 34
15 37 32
15 37 33
15 39 35
11 37 35
4 37 35
8 38 36
16 35 37
14 34 35
13 37 35
16 36 36
17 37 35
17 39 37
13 38 38
10 38 38
0 38 35
14 38 37
8 37 34
13 36 36
14 36 35
17 35 34
16 36 33
13 37 33
12 39 36
2 37 33
16 41 41
14 33 34
13 35 36
14 35 35
14 36 35
13 35 34
13 33 34
14 31 33
9 34 33
4 34 31
11 36 35
13 33 34
15 35 33
12 33 32
13 35 31
13 35 31
12 35 32
10 36 34
2 36 31
14 35 36
11 33 33
13 33 35
16 34 36
15 34 37
16 35 37
14 35 36
12 36 37
5 39 37
10 40 38
15 37 38
11 36 35
14 38 35
14 34 34
15 38 36
15 36 35
12 36 35
11 37 37
5 36 34
15 37 39
13 34 38
15 37 38
17 38 38
16 38 38
15 37 38
15 40 40
11 39 39
3 40 37
11 41 37
11 38 35
10 37 34
13 36 32
15 35 33
14 36 33
17 37 34
11 37 35
5 39 35
9 38 34
13 38 36
13 33 35
16 39 36
18 36 37
17 36 37
16 37 39
15 38 39
8 36 35
2 39 34
12 37 34
12 35 32
15 36 34
18 38 33
16 38 33
16 39 35
11 38 34
6 38 33
6 37 33
15 36 35
11 35 34
16 38 35
18 35 36
16 38 37
14 37 36
15 37 38
8 35 35
2 38 35
11 36 35
11 35 33
13 38 35
17 37 35
17 37 34
16 38 34
13 38 35
9 37 34
4 37 33
10 35 38
11 33 35
16 36 38
18 35 37
17 37 36
16 38 37
14 39 39
3 35 35
5 39 36
11 37 35
12 37 34
15 38 33
16 36 34
16 37 34
16 38 33
13 37 33
8 38 34
7 37 34
14 36 37
11 34 34
16 38 35
18 35 36
17 36 37
16 37 37
15 39 38
7 37 38
1 41 36
11 40 36
11 38 35
13 38 34
17 38 35
15 37 33
16 37 34
14 38 34
8 37 34
0 40 34
16 38 38
16 36 33
17 36 35
18 39 36
17 38 36
17 39 37
17 40 38
10 40 37
0 42 36
8 40 36
10 38 35
13 37 35
16 37 34
17 37 33
16 38 33
15 38 33
11 37 33
1 36 33
14 38 39
10 32 34
15 36 37
18 37 35
17 36 37
16 38 37
15 38 38
11 37 38
0 41 37
10 40 38
11 38 37
13 38 34
17 37 35
16 37 34
16 38 34
16 38 34
12 37 35
8 40 35
7 38 35
13 37 37
14 34 35
17 39 38
17 37 37
14 37 36
16 38 37
16 39 38
8 37 37
1 39 36
11 38 36
12 37 35
13 37 34
18 36 34
17 37 35
18 38 34
15 39 34
10 39 35
2 38 34
12 38 37
12 35 35
14 35 36
14 36 37
16 36 36
17 37 39
19 37 39
14 40 40
7 41 37
9 44 40
10 41 39
13 38 38
16 38 36
18 38 37
19 38 38
14 39 36
12 38 38
6 42 38
14 40 39
13 39 40
16 39 40
17 38 40
17 39 39
17 39 39
16 39 38
11 40 36
0 40 34
8 41 36
11 38 35
18 37 36
18 37 36
17 38 34
14 39 35
11 38 35
1 40 34
12 39 36
12 37 37
15 39 37
18 39 38
18 37 38
16 37 38
17 39 39
12 39 39
1 41 37
9 41 37
14 39 34
12 36 33
17 37 33
17 39 34
16 38 34
16 37 35
9 39 34
1 39 32
16 39 38
12 36 35
15 38 37
16 37 38
17 37 37
16 39 36
16 39 38
12 38 37
0 39 34
11 39 35
11 34 34
14 38 32
15 38 33
16 38 33
15 38 33
13 39 33
11 39 35
2 39 33
15 39 37
12 35 36
17 35 36
18 39 36
17 40 37
16 38 38
16 39 38
13 38 38
2 40 36
10 42 35
14 37 35
11 36 34
12 35 32
13 38 33
13 40 33
12 40 34
