13 35 35
55 13 35
11 35 35
12 36 36
13 35 35
13 34 35
12 35 34
12 34 35
14 36 34
12 38 35
12 38 35
12 36 34
11 34 35
13 36 35
11 35 33
10 34 34
13 33 36
9 33 36
12 32 37
13 32 36
14 33 37
13 31 36
13 32 35
14 34 36
14 34 37
13 34 38
14 33 37
7 34 35
10 33 35
12 34 33
12 34 33
13 33 34
12 35 33
12 35 33
13 35 33
12 34 33
12 34 34
12 35 35
6 34 35
14 35 36
13 36 36
12 33 36
14 33 36
13 33 36
13 34 37
13 34 36
13 33 37
10 33 36
2 33 36
14 33 33
12 33 34
13 32 33
15 34 33
15 33 33
12 34 32
13 34 32
12 35 34
10 33 36
3 35 35
13 33 36
12 35 36
15 30 34
15 34 35
13 32 35
15 35 35
14 34 35
13 34 36
7 34 35
8 35 34
11 35 32
11 31 33
15 33 33
13 34 32
12 31 32
14 34 32
13 35 33
11 36 32
7 34 35
10 33 35
10 35 38
11 31 34
15 32 36
14 35 34
14 33 36
15 34 36
14 34 37
6 32 35
5 33 35
17 34 35
10 34 33
13 32 33
14 34 33
14 34 32
15 35 33
13 34 33
11 35 34
5 34 34
11 33 35
13 35 37
12 33 35
15 34 36
14 35 36
13 33 37
15 34 38
13 34 37
8 35 35
3 35 35
16 35 35
12 37 34
14 33 34
15 33 33
14 33 33
15 34 33
13 34 34
13 36 34
11 36 36
2 35 35
12 33 38
12 35 34
14 33 36
15 37 36
15 36 36
14 36 37
14 34 37
11 33 35
1 35 35
16 36 35
11 33 35
11 33 33
15 34 33
15 35 33
15 34 34
14 36 33
13 32 33
4 35 35
8 34 37
13 33 38
11 32 35
16 32 36
14 37 36
15 36 36
13 34 36
11 33 37
1 32 33
13 36 36
10 35 34
12 34 33
15 36 33
14 34 34
14 33 33
13 37 34
11 35 35
3 37 35
10 34 37
13 36 37
17 35 35
15 33 37
14 33 35
14 35 39
14 35 36
10 33 36
0 33 34
12 35 35
11 36 34
13 33 34
15 35 34
13 35 33
16 34 33
13 35 34
13 35 34
5 34 35
8 34 36
10 36 39
15 33 35
17 32 37
14 34 37
14 36 37
14 36 38
12 35 37
1 35 35
8 36 34
11 35 35
17 34 36
14 34 35
13 33 34
14 32 33
12 35 33
13 35 36
2 35 35
11 32 36
11 34 36
16 33 35
14 35 36
15 36 36
14 35 37
12 36 37
9 33 36
3 35 36
8 34 35
11 35 35
16 34 36
15 37 34
14 33 34
14 34 33
14 33 34
12 36 35
5 34 36
11 32 36
11 37 36
17 32 37
16 34 36
14 34 36
14 35 38
13 35 37
6 34 37
6 36 37
10 38 35
9 34 34
17 34 35
15 36 34
14 35 34
15 36 34
14 35 33
11 36 35
2 35 36
13 33 37
11 37 37
16 32 37
14 34 36
14 37 36
15 35 36
13 35 37
13 34 37
3 35 36
12 36 37
11 37 35
12 33 33
16 34 34
15 36 33
15 34 33
13 36 34
12 34 35
9 34 35
3 33 35
10 36 35
12 38 36
18 32 36
15 36 36
14 34 36
14 35 36
12 36 36
10 35 35
5 37 37
8 38 35
11 35 35
16 34 35
13 36 34
14 35 34
14 36 33
13 36 33
13 35 33
4 35 35
10 33 37
11 36 38
14 34 36
15 32 36
16 35 37
15 35 36
14 35 37
13 34 36
2 36 34
10 36 36
11 33 33
15 33 35
16 36 35
14 34 33
14 35 33
13 35 33
14 35 34
9 36 34
5 34 36
12 35 37
13 37 35
15 32 35
15 35 35
16 34 36
13 35 36
12 35 36
10 35 35
2 38 36
8 38 35
14 33 35
18 36 35
14 35 36
14 34 33
14 34 33
12 36 34
11 35 35
4 36 35
8 33 37
13 37 39
16 34 35
15 34 37
15 34 36
14 36 36
13 35 37
13 34 36
4 34 35
8 35 35
9 36 35
15 34 34
15 36 35
14 36 34
14 35 34
14 37 35
12 36 35
11 36 34
5 35 36
11 35 38
14 37 36
14 33 37
15 35 38
17 35 37
15 36 36
14 36 37
13 37 35
0 37 36
12 35 35
11 36 34
14 35 34
15 35 34
15 34 34
15 36 34
13 36 34
12 36 34
9 38 36
4 35 36
11 36 39
15 36 36
18 33 37
13 35 35
14 35 36
16 38 37
14 37 36
12 37 35
3 39 35
8 37 35
14 34 34
15 35 34
15 36 33
15 34 32
15 38 34
13 36 34
11 37 35
6 37 36
11 35 37
10 39 39
15 35 36
18 34 36
15 38 36
14 36 38
14 36 37
13 35 37
3 38 36
10 34 35
12 37 35
13 35 33
16 35 33
14 35 34
14 34 33
13 36 34
12 36 35
13 35 36
3 37 36
10 36 37
13 36 36
17 32 36
16 35 37
14 36 37
14 37 38
15 35 37
12 37 37
5 37 37
11 36 36
10 38 35
13 36 35
16 36 34
16 35 35
14 37 33
14 37 33
14 38 35
10 37 36
6 36 38
10 36 39
15 36 37
16 34 36
14 37 36
15 36 37
14 37 38
14 36 38
8 37 36
6 38 37
13 37 35
12 35 34
15 33 34
13 36 34
14 35 33
13 36 34
11 36 34
12 37 35
8 35 36
7 33 35
13 38 39
14 35 34
15 33 36
13 35 34
15 34 35
16 35 37
14 35 36
10 35 35
0 36 35
14 35 35
11 36 34
12 33 32
15 34 33
15 34 33
14 35 34
14 36 34
13 34 34
14 36 35
2 36 35
11 35 36
13 37 36
13 35 37
13 36 36
12 35 36
13 34 36
14 33 35
15 33 35
9 33 33
1 33 32
15 33 33
13 31 32
11 32 32
14 32 32
13 33 32
14 33 32
14 33 34
12 33 34
14 34 36
2 35 35
12 30 37
14 35 38
12 32 36
17 32 37
13 36 37
13 33 39
14 35 37
12 33 37
12 31 37
8 34 35
13 32 34
9 32 33
11 30 33
12 30 33
14 31 32
13 32 34
12 32 34
11 34 34
13 34 35
13 35 35
11 34 36
11 33 38
13 33 38
12 33 38
12 34 38
13 33 37
12 33 37
12 32 37
12 33 38
12 33 38
13 33 38
12 34 38
11 33 37
12 34 37
13 33 39
12 33 36
12 32 37
