16 38 34
13 38 34
13 39 34
12 38 34
11 37 34
12 37 35
13 38 36
13 37 37
14 34 36
13 37 35
12 35 36
14 36 37
14 35 37
13 35 37
12 37 36
15 38 37
15 38 36
15 37 36
15 39 36
10 36 34
3 38 33
9 37 36
15 37 35
11 36 35
14 38 34
13 38 33
14 40 33
14 38 33
13 39 34
13 38 35
7 37 34
9 37 35
16 35 37
15 35 36
13 38 36
15 36 37
13 36 36
13 36 35
13 36 35
14 37 35
12 37 36
12 36 35
13 34 36
1 38 34
12 39 35
14 36 35
11 36 34
11 37 33
14 36 32
14 36 33
13 38 34
14 37 35
11 37 35
6 37 34
10 38 34
15 34 36
12 34 35
13 35 35
15 36 36
15 36 38
15 36 37
16 37 37
10 36 37
1 37 36
7 39 34
12 38 36
10 36 34
13 35 33
15 36 33
18 36 33
16 36 35
14 38 35
8 39 34
1 38 33
18 40 37
12 34 34
14 35 35
17 37 35
17 35 35
15 39 35
14 37 38
11 39 38
3 39 35
6 40 35
12 35 34
13 36 33
17 36 33
15 37 31
17 37 33
15 38 35
10 38 35
9 37 36
2 36 32
14 37 37
13 32 33
15 36 35
17 34 35
14 37 36
14 38 37
14 38 37
11 38 38
1 41 35
10 37 35
13 38 34
15 36 32
14 37 33
16 37 33
16 37 34
14 38 34
11 36 33
3 38 33
13 34 34
13 33 33
14 36 34
16 38 36
18 37 37
14 38 36
15 37 37
12 36 37
9 36 34
2 39 34
12 36 34
11 36 32
14 38 32
16 34 32
15 36 31
16 36 33
11 38 35
8 39 35
2 39 33
14 37 36
11 33 33
14 34 34
19 35 35
17 35 36
15 36 36
14 38 37
10 38 36
0 40 35
12 41 36
12 38 36
14 38 34
17 36 33
15 37 32
16 36 33
16 38 34
10 38 34
0 40 34
15 37 36
10 35 34
14 36 35
17 37 36
18 36 35
17 37 35
16 38 37
12 38 39
4 39 37
5 40 35
12 39 34
13 37 34
15 38 33
17 37 33
16 38 33
15 39 35
10 38 33
5 40 34
6 37 34
16 35 35
13 33 33
17 36 36
19 37 36
18 38 36
15 39 36
15 38 37
11 38 38
0 40 35
11 40 36
12 39 35
15 39 35
15 39 34
17 39 33
16 39 33
16 37 33
11 36 34
2 39 33
13 39 35
11 33 35
15 36 36
17 36 36
17 37 36
15 39 37
15 39 37
11 39 39
2 40 36
7 41 36
11 38 35
12 38 34
17 39 33
15 37 32
16 36 33
16 37 33
12 38 34
7 38 34
5 37 31
14 36 35
13 33 34
15 37 35
17 36 39
17 37 35
17 37 36
14 38 37
9 39 36
1 40 35
11 38 35
12 39 33
14 39 35
15 38 34
16 36 33
15 37 34
16 37 34
9 37 33
4 37 34
11 39 36
12 35 34
13 36 35
15 37 36
18 35 36
16 39 36
16 37 36
12 39 38
2 39 36
4 39 36
12 38 34
14 35 34
15 37 31
16 37 32
17 37 33
16 38 34
9 38 34
4 39 34
10 38 35
14 36 35
14 35 34
17 38 35
17 37 36
16 37 35
15 36 36
15 38 37
9 37 36
0 40 36
13 38 35
11 38 34
15 39 34
17 36 34
15 38 34
16 38 34
13 38 35
10 38 34
1 37 33
15 38 37
10 35 34
15 35 35
19 36 35
17 39 36
14 39 37
15 40 38
11 39 38
2 40 36
10 39 36
10 37 33
12 36 33
15 35 30
17 36 32
17 36 34
15 37 35
12 38 36
8 39 35
7 38 33
12 37 36
14 33 32
16 36 34
16 35 34
14 37 35
15 36 36
14 39 38
9 36 35
2 38 34
11 36 35
11 35 31
14 35 31
17 35 32
18 38 33
16 37 33
11 37 33
7 38 35
6 38 32
11 36 34
14 34 33
14 36 34
17 35 34
17 37 38
16 38 37
17 39 38
10 40 35
0 40 34
9 41 35
12 37 33
17 38 34
18 38 33
18 37 32
16 39 34
13 38 35
6 38 35
6 38 33
12 35 36
13 34 35
17 38 36
18 35 36
16 37 36
17 37 36
13 39 38
8 38 36
4 39 35
9 40 35
11 36 35
16 38 34
17 36 34
17 38 34
17 39 35
16 38 34
9 39 35
0 39 33
16 39 36
11 34 34
14 37 35
16 37 35
17 36 36
17 38 37
17 39 36
11 39 37
2 41 34
9 39 36
10 39 34
13 36 33
15 37 33
17 37 33
17 39 33
17 40 34
12 39 35
6 38 35
3 39 32
13 38 36
11 33 33
15 37 37
19 34 36
17 36 35
16 37 37
15 38 37
8 38 36
1 42 36
11 39 35
11 37 34
15 39 33
18 37 33
18 38 33
18 38 33
15 38 35
12 37 35
0 39 34
15 38 36
10 36 35
15 36 35
17 36 36
17 37 36
16 39 37
17 38 37
12 39 38
3 40 36
7 40 35
12 37 36
13 38 34
16 36 34
17 37 33
16 38 32
15 37 34
12 38 36
5 39 35
8 39 35
12 36 36
13 33 35
16 37 36
18 37 36
17 38 37
16 38 37
12 39 38
9 38 36
3 41 35
13 38 35
11 38 34
15 38 34
15 37 33
16 38 32
16 39 34
14 39 34
11 39 34
2 39 35
13 39 37
14 35 34
14 37 35
17 37 35
17 37 36
15 39 36
16 38 36
14 39 37
7 40 35
6 39 37
12 38 36
11 37 34
14 36 34
15 38 35
15 38 34
15 37 33
15 40 36
12 39 36
4 39 35
12 39 36
16 37 37
12 36 35
17 40 36
16 37 36
16 38 38
16 39 37
17 39 38
15 39 38
6 39 35
6 40 35
15 39 36
12 36 34
12 37 33
11 37 32
15 39 33
14 38 32
14 39 35
13 42 35
12 40 38
13 39 38
13 39 39
14 39 39
16 40 41
16 41 38
16 40 38
