41 33 54
41 33 55
41 31 51
42 38 49
45 38 44
43 40 41
40 44 39
38 41 39
34 48 41
27 45 43
23 45 42
13 51 47
12 37 43
6 36 40
6 43 39
7 43 39
12 36 38
12 39 37
13 39 38
12 38 36
12 36 36
12 37 36
14 36 34
13 38 36
13 38 36
14 39 36
13 37 34
14 38 36
13 39 36
13 39 36
12 39 36
12 39 35
12 38 37
14 39 36
14 38 36
13 39 35
13 38 35
12 37 36
13 38 36
12 39 35
13 38 36
12 38 35
12 38 35
13 38 35
13 38 36
12 37 35
13 39 36
11 36 36
13 39 35
14 38 35
13 38 36
13 38 36
13 37 36
14 37 35
13 38 35
13 38 35
13 39 35
13 39 35
12 39 35
11 39 35
12 39 35
14 38 35
12 38 35
14 38 35
12 38 35
13 38 35
12 38 36
13 37 36
13 39 35
12 38 35
13 37 35
12 38 35
13 37 35
12 38 35
12 37 35
13 39 35
14 39 35
15 39 36
13 40 38
13 39 39
12 40 40
13 39 41
14 39 40
14 39 40
14 41 39
15 42 39
13 41 38
8 40 37
13 38 35
15 36 34
13 37 33
15 37 33
13 38 34
9 38 35
10 37 34
5 37 34
9 38 33
8 38 35
19 38 39
10 39 36
10 33 35
13 37 36
11 37 36
14 38 37
14 39 35
12 39 34
13 39 35
10 36 33
13 35 32
14 37 34
13 36 34
12 38 34
7 39 34
9 42 35
7 37 34
15 39 40
13 41 38
15 39 36
12 35 36
12 36 37
11 38 37
7 36 37
4 37 37
12 38 36
11 36 33
16 36 33
17 37 33
16 37 33
12 37 34
8 39 35
3 38 36
8 38 36
13 39 39
16 39 36
18 38 36
16 39 35
14 38 35
12 42 34
7 40 34
0 37 34
10 38 31
7 39 33
13 36 31
17 35 33
18 37 33
21 37 34
16 38 35
12 37 35
9 37 36
7 38 39
14 37 36
10 37 38
12 39 37
15 40 37
15 39 38
7 40 38
1 40 37
7 39 32
5 37 32
10 37 31
10 34 31
12 36 30
14 36 32
12 36 33
11 36 34
16 35 33
17 35 38
16 38 36
15 36 36
13 37 39
10 39 40
6 38 40
2 39 39
9 38 38
7 39 36
10 36 35
11 36 34
9 35 32
10 34 32
7 35 34
10 34 34
17 33 33
15 34 35
17 36 33
15 36 35
14 38 35
12 38 38
4 41 39
5 41 41
1 43 43
8 36 39
8 38 35
10 35 35
11 35 33
11 37 33
13 37 31
11 35 34
11 34 33
15 34 35
11 35 35
15 37 35
14 37 34
13 38 34
10 38 37
7 38 38
5 41 39
9 41 42
9 36 39
9 36 36
9 36 34
7 35 33
10 35 33
10 35 33
15 32 33
14 35 33
14 36 37
14 36 33
16 37 37
14 38 34
9 38 37
4 41 36
5 40 40
4 41 43
8 38 37
9 36 35
11 36 34
12 36 33
11 36 31
11 36 33
11 34 33
5 35 31
13 35 36
12 35 34
17 36 35
17 38 35
14 39 35
8 39 38
9 38 39
4 40 40
6 40 39
8 38 38
9 37 35
13 37 34
12 37 33
12 36 34
12 35 35
13 33 34
13 38 35
15 36 37
16 37 35
17 37 36
13 38 37
11 38 39
7 40 40
6 39 39
6 41 40
9 39 37
11 38 35
14 34 34
13 37 33
11 36 33
9 35 34
10 35 35
5 35 35
14 34 37
14 36 36
20 38 34
18 38 36
15 38 35
11 40 40
8 41 39
5 41 39
10 41 40
10 37 37
13 35 34
15 36 33
13 35 33
12 37 34
9 35 35
9 36 33
15 35 36
15 38 37
15 36 35
18 37 36
16 38 37
14 39 38
12 38 39
9 40 41
0 40 40
7 39 35
12 39 35
15 37 33
13 37 32
11 36 33
11 35 32
10 37 33
10 34 33
14 33 33
14 37 37
17 38 34
18 36 37
13 36 37
14 37 38
11 39 38
8 38 38
4 42 38
6 39 33
12 38 32
15 36 30
13 36 30
12 35 32
10 36 33
10 36 34
8 35 33
13 36 36
17 35 34
17 36 34
16 37 35
13 38 36
13 38 38
9 39 39
3 40 39
6 39 36
8 38 35
10 37 35
13 36 34
12 36 33
14 36 34
13 36 34
9 35 34
11 36 35
14 35 37
15 38 34
17 36 35
15 39 35
12 39 37
11 41 39
7 40 37
3 41 41
6 40 36
5 39 36
13 35 34
14 37 34
11 36 33
13 35 33
12 35 34
8 36 34
14 37 36
14 38 36
14 38 34
15 37 37
12 38 35
11 39 38
10 39 38
6 41 37
5 42 39
8 38 36
10 37 36
13 36 35
12 35 34
14 35 34
11 35 33
14 36 35
9 36 34
13 36 35
14 38 34
16 37 36
14 38 37
10 39 37
7 38 38
5 37 37
4 41 39
12 40 36
10 38 37
11 35 34
12 36 35
9 35 32
9 35 34
10 36 34
9 33 33
13 33 32
15 35 37
14 37 34
17 36 37
13 39 36
10 38 38
9 39 39
6 38 38
2 42 41
10 39 37
9 38 36
11 34 35
12 36 33
10 36 34
13 36 33
12 35 35
10 35 34
17 36 33
15 36 37
15 36 35
14 38 36
11 38 38
11 39 37
8 40 39
9 41 37
7 38 39
7 39 36
8 38 34
11 37 33
11 36 32
12 36 33
14 35 34
14 35 35
13 35 37
10 36 35
13 37 38
11 38 34
14 38 35
11 40 36
11 41 35
13 41 37
8 42 38
10 41 37
7 41 37
10 37 36
6 36 33
9 35 32
12 36 31
14 36 32
16 34 32
15 34 33
11 36 34
12 37 37
13 36 37
10 37 37
9 38 37
13 38 38
12 40 38
12 37 38
14 38 36
10 37 37
12 36 36
13 37 35
11 37 34
13 36 35
13 37 34
14 37 35
13 37 36
13 38 36
12 38 36
11 37 36
11 37 35
12 38 36
13 39 36
12 36 35
13 37 36
12 38 35
12 37 36
12 38 35
13 37 35
14 38 35
12 38 37
13 37 36
12 38 35
12 37 35
12 37 35
13 38 36
12 38 36
13 38 35
12 37 36
14 37 36
13 37 35
12 36 36
13 37 36
12 38 36
13 37 36
12 36 36
13 37 36
11 37 35
13 37 36
13 38 36
12 37 35
13 37 36
14 37 35
12 37 35
14 36 35
13 36 35
12 37 36
13 36 36
13 37 36
12 36 35
13 37 36
12 36 35
12 37 35
13 38 36
12 37 35
13 38 37
13 38 35
13 37 36
13 39 36
13 38 36
13 37 37
12 38 36
12 38 36
13 38 37
8 49 37
6 54 37
8 59 39
15 56 38
18 52 35
26 45 38
34 38 36
40 36 39
41 35 44
43 32 47
41 30 51
43 32 53
41 34 53
44 34 48
45 34 50
44 34 51
44 34 49
44 32 51
44 32 50
44 31 49
