34 37 51
34 38 51
34 38 53
34 38 51
33 44 52
32 47 47
30 45 45
29 45 43
31 39 46
25 41 49
23 56 54
24 48 51
27 45 44
22 47 45
22 43 42
21 49 36
16 44 36
10 39 35
6 38 36
8 36 36
12 32 34
12 34 34
9 37 34
4 37 36
15 37 38
9 37 35
14 34 37
16 36 36
17 36 36
17 35 38
15 35 38
12 37 38
3 36 36
11 36 34
7 36 32
11 37 33
14 36 32
15 36 32
14 36 32
14 36 32
13 37 32
9 38 30
10 41 34
12 41 35
8 39 34
12 38 34
11 38 33
13 38 32
15 38 33
11 39 35
9 38 39
7 40 44
7 37 44
11 33 40
9 34 37
8 37 36
10 35 35
11 35 33
14 36 35
17 37 36
17 36 35
15 36 35
8 38 35
9 39 34
5 37 34
12 37 35
15 38 36
15 37 36
16 39 37
13 41 39
10 39 41
3 37 39
7 32 38
7 34 34
8 35 32
11 34 32
14 35 32
15 37 32
17 36 32
13 35 33
8 37 33
13 37 36
8 38 37
8 33 36
13 35 38
14 38 39
14 36 39
13 37 40
7 38 43
3 36 41
6 34 38
8 35 35
8 35 33
11 35 33
13 35 32
17 37 33
19 37 32
16 35 32
14 37 33
7 38 34
11 39 38
5 37 37
12 33 35
13 35 36
17 36 38
16 39 40
13 38 40
10 37 40
2 36 37
10 36 35
9 35 32
12 36 30
13 37 31
14 37 32
16 36 32
15 36 32
15 36 32
8 37 31
14 40 36
4 39 36
8 36 35
13 34 37
13 37 39
16 38 39
16 38 39
12 38 39
3 35 37
8 36 40
11 35 33
7 35 35
14 37 34
16 35 35
17 35 33
16 34 33
14 35 34
10 37 34
12 38 35
5 38 35
9 37 35
14 35 38
13 35 39
13 36 41
11 38 43
10 37 43
2 36 41
9 35 38
5 35 33
7 35 32
12 37 33
15 37 32
18 38 32
19 36 32
16 36 33
9 38 34
9 37 36
3 37 36
7 34 35
15 35 36
14 36 37
16 36 39
14 38 40
9 40 42
5 34 40
7 37 39
9 34 35
7 34 34
12 36 31
15 36 32
17 38 31
18 37 31
13 36 32
8 38 33
12 35 37
10 37 36
9 36 37
13 36 37
13 37 38
15 36 39
13 37 41
9 37 41
10 36 40
4 36 38
11 37 35
7 36 35
9 35 31
14 34 32
15 39 32
15 36 32
16 38 31
13 36 33
6 39 35
14 37 40
9 36 38
15 36 38
13 35 38
12 36 40
14 36 40
13 36 39
12 35 38
7 37 36
9 39 31
10 39 29
12 38 29
10 40 27
10 38 27
12 38 28
13 37 29
13 36 29
12 38 30
9 36 32
12 36 35
7 35 38
12 32 40
12 30 38
14 35 39
13 35 38
13 36 38
12 37 38
10 37 37
3 38 38
11 38 39
12 35 34
7 35 34
10 37 32
12 37 31
14 39 31
17 37 33
17 36 35
14 46 36
10 47 34
15 51 34
19 48 34
18 47 36
20 50 36
22 55 39
26 55 38
31 55 37
30 54 36
34 56 39
32 54 39
36 48 40
34 41 40
33 37 45
34 38 48
34 38 50
35 39 53
36 39 54
35 42 55
33 40 53
34 39 52
31 40 52
34 39 50
35 39 50
35 37 51
35 36 52
36 38 53
34 39 53
35 42 56
33 43 53
