14 36 36
14 37 34
15 37 36
12 38 37
12 37 36
12 35 39
12 35 38
12 35 35
12 36 35
12 34 35
14 35 35
13 37 34
11 39 33
15 37 33
9 38 31
8 36 31
13 36 31
13 36 32
12 37 32
13 38 33
14 37 33
14 38 34
14 37 34
9 37 34
9 35 35
5 37 34
10 37 37
15 33 36
16 33 37
16 35 36
17 33 38
16 35 37
16 35 36
10 38 36
6 39 34
2 38 34
8 39 33
13 35 34
12 36 33
16 37 32
16 37 33
15 35 32
15 37 32
9 36 32
10 37 35
7 36 33
8 37 33
11 35 35
14 34 35
17 36 36
18 35 35
18 36 37
15 39 35
12 37 36
9 39 36
7 36 35
0 40 37
11 37 35
14 35 35
14 38 33
18 35 32
15 36 33
16 37 32
15 35 33
10 37 34
10 37 36
5 36 33
12 36 37
15 34 33
17 36 35
20 38 35
18 37 38
14 36 37
13 35 37
8 36 38
6 37 35
0 39 38
10 38 35
14 35 33
14 35 32
17 35 30
15 36 31
14 36 31
16 37 33
11 39 34
10 39 36
4 37 33
10 36 38
13 35 35
16 37 35
19 37 36
17 37 35
15 37 36
14 36 37
10 38 36
7 37 35
2 39 35
10 36 34
11 38 34
16 35 31
18 35 32
16 36 31
16 36 33
14 38 33
10 37 31
9 39 34
3 35 34
14 34 35
12 36 35
16 34 36
18 35 36
16 36 36
14 35 36
13 38 36
9 37 36
8 34 34
2 37 34
11 34 33
13 35 33
14 36 32
18 35 32
17 36 33
15 37 32
13 37 32
8 37 32
8 36 34
7 37 34
11 34 36
14 35 35
17 37 36
18 35 36
15 36 37
14 36 36
14 36 37
9 40 35
8 39 34
3 41 34
9 39 33
11 38 32
15 34 33
20 32 32
15 32 33
14 37 32
12 39 33
9 37 33
5 35 33
7 38 33
13 33 34
15 35 34
18 37 36
19 37 35
14 36 38
13 37 33
10 37 36
8 38 36
6 37 33
5 40 35
11 37 34
11 36 34
18 34 31
17 37 31
15 35 30
16 37 31
10 37 30
9 37 33
6 35 31
9 36 36
13 33 34
15 36 36
18 34 34
17 36 35
15 35 36
13 37 36
9 37 35
9 39 34
3 41 34
6 40 35
11 39 34
12 39 32
19 34 31
19 36 31
18 37 31
17 37 31
11 38 31
9 38 32
6 37 33
9 39 36
13 37 35
13 37 36
20 36 37
18 36 35
14 35 36
13 37 35
11 38 36
10 39 35
2 40 35
9 39 34
8 34 32
15 36 32
18 36 32
17 38 31
17 37 31
16 38 33
11 39 32
10 37 34
4 37 33
8 38 36
13 35 35
16 36 36
19 37 36
18 36 36
15 41 35
15 38 34
9 38 35
6 36 34
0 40 37
8 37 35
11 34 36
15 34 33
18 34 33
19 37 31
17 38 31
15 38 33
9 37 31
7 38 33
2 38 33
11 37 37
15 35 35
18 38 37
20 34 36
18 38 38
13 41 34
11 37 34
9 37 36
6 36 34
0 41 36
12 36 34
12 37 34
16 35 33
19 35 33
16 39 32
17 38 33
16 38 32
14 38 32
8 36 33
4 39 32
11 36 35
13 35 33
17 37 36
19 38 36
15 38 37
12 39 37
10 38 37
6 35 37
5 38 34
5 40 35
10 36 33
10 36 34
15 30 32
18 36 31
14 36 29
15 38 32
15 37 32
12 38 32
7 37 33
5 37 33
10 35 34
14 37 35
18 37 35
18 39 36
15 43 39
14 40 35
10 34 36
8 37 34
2 40 34
7 39 34
12 36 34
13 38 32
18 34 32
17 36 32
17 37 31
18 38 32
14 38 33
9 39 34
5 37 33
3 39 34
13 33 34
15 36 35
19 38 36
19 38 35
16 37 36
13 38 35
10 38 37
9 39 37
2 39 35
9 38 34
10 36 35
13 37 34
18 34 33
16 36 33
15 37 31
17 37 33
12 38 32
11 37 34
5 37 33
10 38 36
12 35 36
13 36 36
18 37 36
19 37 35
17 38 36
12 39 37
8 37 37
7 36 36
1 40 36
10 38 33
9 38 35
13 32 30
18 34 30
16 36 30
16 37 29
17 37 31
13 39 32
10 38 36
4 37 33
10 36 37
11 36 35
14 39 35
18 37 35
20 39 35
16 37 34
12 37 36
9 38 37
7 37 35
1 43 37
11 40 33
11 40 32
14 36 29
18 35 30
18 37 31
17 38 31
16 39 32
11 37 31
11 38 35
4 38 32
10 39 36
12 37 35
17 37 35
19 38 36
18 38 35
15 39 36
12 38 35
10 39 35
8 38 35
1 41 37
11 37 34
11 37 31
12 36 30
16 34 30
16 37 30
17 37 31
18 38 33
15 39 31
10 40 34
6 37 33
3 38 34
14 36 35
15 38 35
17 37 33
19 39 35
17 39 35
13 38 34
10 39 34
8 37 34
4 38 34
5 37 30
10 38 32
14 40 30
18 30 27
18 34 29
15 37 28
14 37 30
10 36 30
10 38 32
10 36 32
5 37 31
14 37 34
14 36 33
18 38 34
17 37 33
12 37 36
13 40 34
16 37 34
12 37 34
11 37 31
1 38 31
6 37 33
17 37 33
11 33 35
14 28 30
11 35 29
15 39 29
16 37 30
12 36 30
12 37 33
8 37 32
8 37 34
16 34 35
16 36 34
16 39 35
15 37 35
14 37 37
12 39 36
10 38 36
12 38 35
8 38 34
12 37 33
14 37 35
5 37 30
7 36 32
14 37 33
15 36 33
13 35 31
8 39 34
11 37 32
13 39 34
13 40 33
11 41 33
9 41 33
14 41 34
18 41 34
17 40 37
14 40 38
14 37 38
15 38 41
14 38 42
14 37 41
13 36 41
15 38 39
12 38 39
11 36 40
16 41 38
15 38 35
15 39 35
12 37 36
10 37 34
12 37 34
13 38 35
13 39 34
