15 37 41
61 15 33
14 36 41
14 36 41
14 36 39
14 37 38
13 35 39
13 36 38
11 37 37
12 38 35
13 39 36
15 40 35
14 38 36
14 39 36
13 40 35
13 41 37
13 38 36
14 40 37
14 39 36
12 38 37
7 38 36
12 36 38
15 38 36
12 36 38
16 37 36
16 38 37
14 38 37
14 37 38
14 36 38
13 36 37
7 38 36
10 36 35
12 34 33
13 36 34
14 37 33
13 36 34
12 37 35
15 38 34
12 38 36
10 37 36
9 38 36
9 35 36
13 38 38
15 36 36
15 34 36
15 36 36
15 37 37
16 33 35
13 36 37
10 36 35
6 37 36
10 36 34
10 35 33
14 35 34
12 34 34
14 35 34
14 36 33
12 37 35
13 38 35
12 39 35
5 39 36
9 38 37
16 36 36
15 35 36
13 36 37
15 37 36
16 37 37
14 37 37
11 36 37
4 38 35
5 38 37
13 36 35
11 35 34
14 35 33
16 36 33
15 36 33
14 37 34
13 37 35
10 37 35
3 36 35
13 39 37
14 37 36
16 35 37
14 37 36
15 36 38
15 39 38
13 37 38
12 35 36
1 38 37
14 36 36
13 36 34
14 35 34
15 36 34
15 37 33
13 36 35
14 37 35
13 37 36
11 38 37
9 35 36
11 39 39
14 36 36
18 35 37
14 36 37
15 37 39
14 39 39
14 38 39
13 39 38
5 39 38
13 39 37
11 36 36
15 35 37
17 36 34
16 36 35
15 37 34
13 37 34
12 39 36
4 38 36
11 36 38
13 39 37
16 34 36
14 35 37
15 38 37
14 39 38
15 37 38
14 36 38
6 37 36
7 38 37
10 37 35
16 35 36
16 36 34
14 36 34
15 35 34
15 35 34
12 37 35
11 36 36
4 36 37
12 35 38
15 38 37
13 33 37
13 36 37
15 35 37
15 37 37
13 36 38
10 38 37
4 38 39
11 37 35
13 37 35
15 35 34
14 36 34
15 34 34
14 35 35
12 35 34
11 37 36
5 37 36
13 35 38
12 37 37
14 32 37
17 35 38
15 36 38
14 37 39
15 37 37
14 34 38
6 34 35
7 37 38
11 38 36
13 35 35
16 35 36
16 36 35
12 35 34
14 37 33
13 36 34
11 35 36
5 35 37
11 33 37
10 36 39
16 33 36
16 36 37
14 38 37
14 37 38
14 38 38
11 36 37
5 36 37
10 37 36
8 37 35
15 35 34
16 36 34
13 36 34
15 35 34
13 36 34
11 37 35
11 38 37
5 36 36
13 35 38
11 38 36
17 33 37
15 36 37
13 35 36
13 37 36
13 37 37
13 37 36
5 37 36
9 36 35
9 38 34
15 33 35
15 37 35
13 34 34
14 35 33
13 37 34
12 36 35
6 37 37
10 36 38
10 37 39
12 36 37
17 34 37
15 37 37
14 37 38
15 37 38
12 36 38
8 36 36
2 36 35
14 37 34
10 38 34
13 34 34
15 36 34
14 35 34
13 34 34
12 36 35
13 35 35
9 38 35
9 36 37
11 39 39
14 37 37
17 33 36
14 37 36
13 35 37
13 37 37
15 36 38
5 37 37
7 36 36
10 38 35
16 34 36
16 36 36
14 36 35
15 35 34
13 37 33
15 34 35
9 36 36
7 34 38
11 37 40
14 34 37
18 32 37
14 36 36
13 34 38
15 37 38
15 36 38
9 35 38
7 35 38
14 38 37
10 36 37
16 34 36
14 36 34
14 36 34
14 36 33
13 37 35
13 37 37
3 37 38
12 37 39
11 38 38
17 33 37
15 36 37
14 37 37
15 37 38
13 36 38
11 36 37
3 37 38
13 36 36
12 37 35
15 35 35
13 35 34
14 35 33
14 36 34
13 36 33
13 36 35
11 37 36
7 36 37
11 39 39
13 36 37
16 34 38
14 37 36
15 36 38
16 40 38
13 37 38
9 38 36
8 39 37
10 38 35
12 35 35
16 35 36
15 36 34
14 36 35
13 37 35
14 37 35
12 37 37
5 37 37
10 36 38
11 36 39
17 33 36
17 36 38
15 37 37
14 39 38
14 39 38
12 37 38
1 38 39
9 36 36
15 37 36
17 35 35
16 37 34
13 36 33
14 37 34
12 38 34
12 37 36
9 37 36
8 35 36
11 38 39
15 38 37
16 35 36
15 36 37
15 37 37
15 38 37
14 37 37
11 38 36
8 41 37
10 38 35
13 37 36
17 37 35
14 37 34
14 35 35
13 38 34
12 37 35
14 37 36
10 38 36
6 38 38
11 39 39
13 36 36
15 36 36
16 34 35
15 35 38
15 37 37
15 37 38
13 37 38
6 38 36
10 37 36
10 38 35
15 34 35
15 36 35
13 36 34
14 37 36
15 36 35
13 37 35
13 36 36
3 37 37
7 36 38
15 37 36
17 34 36
15 36 36
14 38 38
15 38 38
15 38 38
14 38 38
8 37 37
7 38 37
12 38 35
12 37 35
13 35 34
13 36 33
13 35 32
14 36 34
12 34 36
14 37 35
12 38 36
7 37 36
12 39 38
12 37 37
16 34 37
13 36 37
14 36 38
17 36 38
14 36 39
13 37 38
10 37 37
7 35 37
12 36 36
12 36 35
12 36 36
14 36 35
14 38 36
13 37 35
15 37 37
14 38 36
14 38 36
14 37 37
6 37 38
9 37 41
15 36 37
15 38 37
17 36 38
14 37 38
16 38 38
16 37 39
15 37 39
10 37 37
3 37 36
13 36 35
11 37 35
13 33 34
13 35 32
15 35 33
12 36 34
12 37 33
13 36 34
13 35 34
11 35 35
6 35 34
13 36 37
10 36 36
13 33 36
14 35 36
14 37 36
14 36 36
14 35 35
14 36 36
12 35 35
10 36 36
5 35 38
13 35 36
10 35 35
12 34 35
14 36 35
13 34 34
13 34 33
15 35 34
15 36 35
14 37 36
13 36 37
8 36 37
11 36 41
14 37 38
10 35 40
15 33 39
15 36 39
13 35 39
13 35 39
13 34 38
14 34 38
15 35 37
13 34 37
10 33 37
11 34 37
13 36 36
12 34 37
12 34 35
12 35 34
11 34 35
12 34 35
13 35 35
12 35 35
12 34 35
13 34 35
14 34 36
13 35 37
13 34 37
13 34 37
11 35 39
13 35 37
12 35 37
12 33 38
11 36 39
