14 39 36
14 40 34
11 40 34
13 40 35
13 39 35
14 40 34
12 38 35
14 39 35
12 40 34
12 40 36
12 40 35
14 40 35
13 39 36
13 41 36
14 41 36
14 40 35
13 40 35
14 40 36
13 41 38
14 44 41
13 42 41
13 42 37
14 40 36
16 40 36
16 40 36
17 40 38
17 43 38
16 45 39
16 43 39
17 45 40
17 45 40
16 46 39
16 46 39
15 47 37
17 45 37
16 44 36
16 43 36
16 43 36
16 43 36
12 42 35
12 46 37
15 41 36
13 40 37
12 40 37
15 40 37
15 38 36
15 39 35
12 38 37
9 42 36
15 46 34
14 43 33
14 42 32
16 42 32
17 41 32
17 41 33
15 44 33
13 43 32
8 40 32
11 42 34
11 38 33
15 39 33
13 40 34
15 40 35
15 37 34
13 36 34
13 37 34
16 39 34
12 39 34
4 43 33
10 43 32
14 39 31
12 39 30
16 41 29
15 42 27
16 39 29
13 39 29
13 38 30
12 39 30
12 40 31
6 38 33
16 41 34
14 39 33
12 38 31
16 40 32
15 37 32
13 36 34
14 38 34
13 38 34
11 40 32
7 41 31
13 42 31
10 40 29
13 38 29
16 37 30
18 39 30
16 37 30
13 40 30
11 39 31
10 40 32
9 40 32
15 39 32
12 38 33
13 38 32
16 37 34
15 37 33
13 38 35
14 39 34
14 40 34
9 42 32
5 42 32
14 40 33
13 38 30
13 38 28
15 40 30
16 38 30
14 39 30
14 39 31
12 39 31
8 41 32
10 39 34
14 36 34
12 37 32
15 38 33
15 38 34
13 38 35
14 39 34
14 39 34
10 40 34
4 39 32
12 40 34
14 36 30
13 37 29
15 40 29
16 39 31
14 38 32
12 40 31
12 39 31
6 38 32
13 36 33
11 35 33
12 38 33
16 37 35
16 37 35
14 37 34
14 37 35
15 37 35
14 38 34
8 40 34
7 40 33
13 37 32
13 36 30
15 37 29
16 39 31
15 39 30
11 40 31
12 39 31
13 39 32
10 40 32
11 40 34
12 38 33
11 36 31
14 35 32
14 37 33
13 37 33
13 39 34
14 39 35
13 41 33
5 42 32
12 41 32
13 36 30
14 35 28
15 38 28
16 39 30
16 38 30
13 40 29
13 41 30
13 42 33
10 41 32
9 40 32
13 38 32
13 36 32
12 37 32
14 35 34
14 37 34
13 37 34
14 37 34
15 39 32
11 40 32
7 42 31
13 41 33
10 37 32
10 35 29
14 34 30
15 37 30
15 37 32
13 39 31
13 39 32
14 40 32
8 41 32
12 41 34
14 38 31
12 38 34
12 36 37
14 36 35
14 37 35
15 37 34
13 39 34
16 38 34
11 40 34
6 41 33
12 40 33
13 36 31
12 35 28
12 34 29
14 35 29
13 38 31
13 42 31
13 44 32
14 42 32
14 43 33
10 41 34
14 41 34
16 41 35
14 40 34
12 41 39
13 36 39
14 38 38
15 43 37
15 42 36
15 42 37
13 44 36
15 41 35
14 43 35
13 45 33
14 43 33
17 42 32
16 43 33
13 42 34
15 42 35
16 42 36
14 43 36
14 43 36
14 43 36
15 42 38
14 40 38
14 40 38
13 41 39
15 42 37
14 40 36
12 41 36
15 42 34
15 42 34
13 42 33
13 45 34
14 43 34
15 42 34
13 42 35
12 42 35
14 40 36
15 40 37
14 39 37
12 39 37
13 40 36
14 39 37
13 40 37
13 40 38
13 39 37
13 41 37
14 39 36
13 40 37
12 38 36
12 38 35
12 39 36
12 38 35
12 38 36
13 39 36
13 37 36
13 40 35
12 38 36
13 39 36
13 39 36
13 38 36
13 40 36
13 40 36
14 39 37
13 40 37
13 38 36
13 40 36
14 39 37
14 38 36
14 39 36
11 38 35
14 38 37
14 39 36
13 40 36
12 38 36
15 38 36
14 38 35
14 40 36
13 40 36
13 40 36
13 39 35
13 40 36
13 39 36
14 39 35
13 40 36
