37 38 53
39 38 53
38 41 53
37 42 56
36 43 58
35 40 50
34 44 47
34 38 46
33 37 49
33 42 47
31 46 45
29 47 45
25 37 42
13 40 42
10 35 38
3 35 35
6 41 34
12 42 36
12 43 41
13 41 41
9 40 43
4 36 42
6 36 40
12 36 36
6 36 35
13 35 34
14 36 33
15 36 34
17 36 32
14 37 34
13 35 35
9 36 35
13 37 37
8 35 35
12 36 36
14 37 37
16 39 39
14 37 40
11 37 43
7 36 41
3 35 40
9 34 36
6 36 34
10 35 33
15 35 33
16 37 33
18 35 32
17 37 33
14 35 34
6 36 34
12 38 39
5 36 36
11 35 36
14 36 36
13 38 36
17 37 37
15 39 39
9 38 40
5 34 40
6 35 39
8 33 34
5 36 34
8 35 33
13 36 33
15 36 33
18 35 34
16 36 33
13 37 35
6 40 34
11 42 36
9 45 33
10 43 35
11 41 33
13 43 34
13 41 34
14 40 34
8 37 35
9 40 39
11 39 44
13 36 42
12 34 38
12 36 38
11 34 38
11 36 35
12 34 36
13 36 36
15 35 36
10 34 36
16 36 36
14 35 35
15 36 36
15 37 37
15 38 41
13 38 41
9 37 43
7 34 42
6 35 41
12 35 38
8 36 35
12 35 35
14 37 34
15 37 34
16 35 34
14 36 34
14 37 35
9 36 34
14 37 36
10 36 35
13 35 35
16 36 37
14 37 38
14 38 39
12 38 42
7 39 41
4 33 42
10 34 40
9 35 37
10 35 35
11 35 33
14 37 35
15 37 33
15 35 33
13 37 34
9 36 35
16 37 38
11 35 36
13 35 38
14 36 38
15 35 41
14 38 41
13 35 42
8 38 42
4 34 40
6 36 39
13 35 35
9 36 34
12 35 33
12 36 32
14 36 33
16 37 33
13 36 33
11 36 32
9 36 35
14 39 36
9 38 37
14 36 37
14 36 39
14 37 40
14 38 40
11 39 41
9 37 39
3 37 39
8 38 36
8 35 32
11 34 33
14 36 31
16 36 35
19 34 35
18 36 36
16 36 35
12 37 33
11 39 36
5 38 37
9 36 35
10 36 36
14 37 38
15 35 41
12 37 41
8 38 42
3 34 41
7 35 39
8 35 36
5 35 35
13 37 33
14 37 34
17 37 33
18 35 35
15 37 34
10 36 33
11 36 36
8 36 38
9 35 38
13 34 37
13 36 39
13 39 40
16 37 40
11 37 41
10 37 41
2 38 40
12 37 36
5 38 35
9 36 34
13 34 32
16 37 33
16 36 33
16 37 33
15 35 33
10 37 35
14 39 36
6 37 36
12 35 36
13 33 36
13 39 38
14 37 42
12 37 43
9 35 42
2 35 40
9 34 36
6 33 34
9 35 32
14 36 32
15 37 33
17 36 30
16 35 32
14 36 34
9 36 34
13 37 37
8 36 37
12 36 38
14 37 37
14 36 39
13 37 40
10 36 42
8 36 43
5 33 40
8 36 36
11 38 32
12 38 30
13 41 29
16 43 29
15 43 31
14 46 32
9 54 33
14 58 33
23 51 36
27 49 38
26 46 40
28 53 43
32 20 48
32 49 37
33 52 36
31 53 33
40 55 33
38 48 39
34 52 47
36 47 45
34 41 47
32 43 50
33 40 53
34 40 53
36 38 51
35 40 53
34 40 52
35 40 52
35 39 51
35 39 52
35 37 52
35 38 52
35 39 53
36 39 52
35 39 52
34 39 52
35 38 52
35 39 52
