9 38 34
10 37 33
13 35 33
14 37 34
14 39 33
13 38 34
14 40 35
9 41 36
16 39 36
12 41 38
13 40 39
15 39 38
16 37 38
12 37 37
13 35 37
12 37 37
13 36 36
14 36 36
13 35 36
14 36 36
12 36 36
10 34 35
1 35 32
13 33 35
14 33 33
9 36 33
14 36 34
16 37 34
14 37 35
14 39 33
12 39 34
10 39 37
4 35 34
16 36 39
11 32 34
16 36 38
15 35 37
16 38 38
16 36 36
14 37 38
12 37 35
11 37 35
9 37 34
12 37 34
11 36 32
12 36 31
14 34 34
13 39 32
13 39 32
13 39 31
11 39 32
10 41 33
5 38 32
14 39 35
11 35 33
15 37 34
16 35 36
16 37 35
16 36 36
16 38 37
15 38 38
9 38 37
1 40 36
14 40 36
15 37 36
14 39 35
13 39 34
15 38 34
15 38 34
14 39 34
11 39 36
3 38 33
6 38 33
14 36 35
12 33 32
16 37 35
18 34 35
16 39 36
15 38 36
14 39 37
10 38 38
1 40 35
10 41 36
11 39 36
14 38 35
16 38 35
17 38 34
15 38 34
14 38 35
9 37 33
1 37 33
16 38 38
10 33 34
16 36 34
17 37 35
17 36 36
15 38 37
16 38 38
11 38 37
0 40 36
6 39 37
13 38 35
14 38 35
14 38 34
16 37 33
16 40 33
17 38 34
11 39 36
7 39 35
8 38 34
13 37 36
13 35 34
17 38 37
18 38 37
16 37 36
16 39 37
14 39 38
8 38 35
3 40 35
12 39 36
13 36 33
16 38 34
16 39 33
17 39 32
16 37 33
11 39 34
9 38 35
1 40 34
14 37 36
11 34 34
15 37 34
17 36 35
15 38 37
14 37 38
17 38 36
8 37 38
0 41 37
12 40 36
11 38 34
14 37 33
16 39 35
18 36 34
17 38 34
14 37 36
6 40 35
3 40 34
13 39 38
14 33 35
18 37 36
19 38 36
17 38 37
16 39 38
15 40 38
9 39 38
1 42 37
11 42 37
10 39 35
14 39 34
18 37 34
17 38 34
18 37 34
13 38 34
9 39 34
6 38 33
10 39 38
12 35 36
19 39 37
18 38 36
16 39 36
17 39 38
14 39 38
8 37 36
3 40 37
11 40 36
10 39 35
15 39 36
18 37 34
18 37 34
17 37 34
15 39 34
8 40 34
1 38 33
14 38 37
10 35 35
17 38 37
20 36 37
16 38 37
15 39 37
15 39 38
10 38 38
0 40 38
11 42 36
11 38 35
15 38 35
17 36 33
18 37 33
17 37 33
14 39 34
10 39 35
2 39 33
14 38 39
10 35 35
16 36 38
18 37 37
17 37 36
15 38 36
17 39 38
11 39 38
3 41 36
10 40 37
11 40 37
14 38 35
16 40 34
16 38 34
17 38 33
16 38 36
11 38 35
4 39 35
10 37 36
13 35 36
12 35 36
16 38 36
17 36 36
16 39 37
17 38 36
13 40 38
4 40 35
5 41 37
10 40 35
11 38 34
16 39 33
16 35 34
16 37 33
16 39 33
13 39 34
8 39 34
3 38 33
13 38 37
12 35 35
15 38 36
18 37 37
15 38 36
15 38 36
15 40 38
11 39 37
1 41 35
11 39 36
11 39 34
14 38 33
16 36 33
16 35 32
17 38 34
15 38 35
10 38 35
3 40 33
15 39 38
11 37 37
15 35 36
16 38 37
18 36 37
15 38 37
17 38 36
13 39 39
8 37 35
5 40 36
12 39 35
11 36 34
13 39 35
16 37 34
17 38 33
18 38 35
13 38 35
9 39 34
3 38 34
15 38 37
9 35 35
14 37 36
17 36 37
15 37 36
15 37 36
15 37 38
10 37 37
0 41 36
10 41 36
9 37 35
11 36 34
15 38 34
16 36 34
17 38 34
17 38 34
12 39 34
3 39 34
13 37 36
11 34 33
14 37 35
17 38 36
17 38 35
14 38 37
15 38 37
12 35 38
4 36 36
5 38 35
12 37 35
11 36 34
15 36 34
16 36 34
17 38 33
17 39 34
12 40 35
6 37 34
10 37 33
12 34 34
11 30 31
15 36 35
16 33 36
15 36 35
15 36 35
14 37 37
9 35 34
3 38 34
13 37 35
10 35 33
14 38 34
17 35 34
17 37 32
15 37 34
13 39 34
8 38 34
0 37 33
16 36 37
11 33 32
16 35 35
18 36 35
17 36 35
15 39 36
16 38 36
8 37 36
0 38 37
7 39 36
12 38 33
14 37 34
17 36 32
16 38 32
17 37 32
15 37 33
9 39 34
0 39 34
14 38 38
11 34 32
13 37 33
18 35 36
18 37 34
15 39 35
16 37 36
10 38 37
1 39 34
8 41 36
11 39 35
13 37 32
18 37 33
17 37 33
15 37 32
15 38 34
10 38 33
1 40 34
7 39 34
13 36 35
12 33 33
15 38 35
19 34 35
18 38 35
17 38 36
14 39 37
8 43 37
1 40 37
11 40 34
11 38 35
14 37 33
17 35 32
17 39 33
16 39 34
14 39 35
9 39 34
0 40 34
14 37 36
10 34 35
15 36 35
18 36 35
18 36 35
15 37 36
15 38 37
13 39 38
5 38 35
6 40 37
12 39 36
10 37 33
14 38 33
15 36 32
16 37 32
17 36 31
12 37 34
8 38 35
1 38 33
16 37 38
9 33 33
15 37 36
17 38 35
17 39 34
16 38 34
16 40 37
12 40 37
0 41 36
11 38 35
10 39 34
12 38 32
15 39 32
16 38 32
16 38 33
16 40 33
13 39 34
8 39 34
5 39 34
14 36 36
12 35 33
15 37 34
16 36 35
15 39 36
16 38 36
16 38 37
13 37 35
0 40 34
9 40 36
14 37 34
11 38 34
14 38 32
15 37 32
16 38 33
15 37 33
12 39 35
10 38 34
6 40 34
12 39 36
16 36 34
11 38 35
14 38 36
15 37 36
15 38 36
17 39 36
15 38 38
8 41 34
11 38 34
12 40 36
10 36 34
11 36 34
13 36 34
15 36 34
16 38 37
