5 37 33
1 38 33
11 38 33
13 37 35
12 38 33
12 39 35
13 38 34
15 37 34
14 40 33
14 40 32
11 40 34
13 40 36
14 40 36
12 40 37
14 41 35
19 40 37
20 40 36
18 42 38
9 47 35
10 43 36
15 43 37
15 44 34
15 43 33
14 42 33
14 42 32
14 42 33
12 43 33
14 44 33
8 42 33
13 40 35
15 40 37
12 41 36
14 38 36
15 39 36
14 37 36
15 37 36
15 37 37
13 37 37
0 38 35
14 39 36
16 39 36
12 38 35
16 41 36
16 38 35
15 39 35
16 39 35
12 40 35
4 38 36
8 38 35
15 37 38
13 34 35
17 36 36
16 36 35
15 36 39
18 36 38
13 38 39
7 37 35
4 41 33
11 41 35
13 39 34
15 39 34
17 37 33
16 40 32
17 40 33
9 39 34
3 39 34
6 37 33
14 34 36
13 33 33
16 37 35
19 38 36
16 39 36
17 38 35
16 39 37
11 39 36
0 40 35
14 41 36
12 39 34
14 38 33
16 38 33
16 39 33
16 39 33
13 39 34
9 38 34
1 38 32
15 38 38
12 34 34
15 36 36
16 37 35
16 37 37
16 38 39
16 38 39
12 38 38
2 40 35
11 40 36
12 39 35
12 37 33
17 38 35
16 36 34
15 38 34
14 38 33
13 38 35
7 39 34
5 38 34
16 38 39
13 35 36
15 36 38
16 40 36
15 38 37
16 39 36
16 38 38
11 40 35
2 39 33
13 42 34
17 40 32
13 39 33
14 39 34
15 39 34
14 38 34
14 39 35
10 39 35
8 37 33
8 39 33
16 37 32
13 37 33
14 38 34
17 37 36
18 37 37
15 38 37
15 40 39
8 39 36
2 39 35
13 41 35
13 37 34
14 37 34
18 38 34
17 39 34
16 38 34
13 39 35
7 39 35
6 39 34
13 39 39
13 36 37
17 39 37
18 37 37
17 39 37
18 40 38
13 39 39
2 40 36
9 40 36
10 40 35
13 38 31
16 39 34
18 37 34
18 39 34
16 39 34
9 39 33
3 40 33
11 38 36
13 38 35
15 37 36
18 38 37
18 38 37
15 39 36
16 39 37
12 38 39
2 40 37
10 39 36
10 41 34
11 37 33
19 38 33
18 37 33
18 37 33
14 40 34
8 38 35
1 37 33
16 41 38
13 37 34
15 35 37
17 39 38
17 37 37
15 38 37
17 38 38
10 37 37
0 40 35
11 40 34
10 40 34
15 39 33
17 39 33
17 36 33
17 38 33
13 38 33
6 38 34
4 38 33
13 36 37
12 34 36
17 38 36
18 37 36
16 36 37
16 37 37
14 37 37
7 37 35
2 41 35
12 39 35
13 37 33
17 37 34
16 38 34
16 37 32
17 38 33
12 39 34
4 39 34
6 38 35
15 37 38
13 35 35
16 39 36
17 36 36
15 38 36
17 38 38
13 39 39
7 37 36
3 41 35
12 38 35
11 39 34
14 39 33
15 38 34
17 38 33
18 39 34
12 38 34
8 38 34
3 39 33
15 37 38
11 33 33
15 38 37
19 38 36
17 38 37
16 38 36
15 39 39
10 38 36
0 41 36
12 41 35
11 37 34
15 38 33
17 36 32
17 36 33
16 38 34
14 39 34
8 39 33
1 38 32
16 36 36
11 34 34
14 37 35
17 38 38
18 36 35
14 39 36
14 37 37
10 38 36
0 41 36
12 38 36
13 36 35
13 37 34
16 37 34
18 36 34
18 37 34
15 38 33
9 38 34
2 39 33
14 38 37
14 36 36
15 36 36
17 38 36
18 37 37
15 38 37
18 39 38
11 38 38
0 40 36
9 40 36
10 38 35
14 38 33
16 37 35
18 38 34
16 37 34
15 38 34
12 39 35
1 38 34
13 37 38
9 36 34
12 35 33
16 38 36
16 36 37
15 38 37
15 39 37
14 39 38
8 37 36
4 39 36
13 39 34
11 37 33
15 38 33
18 36 33
17 38 33
16 38 34
12 39 34
7 38 35
5 38 34
15 35 37
13 35 35
16 37 38
16 37 36
15 37 37
14 38 37
15 38 38
10 37 36
0 39 36
11 40 36
10 38 35
12 38 33
16 37 34
17 36 31
18 38 34
15 39 34
11 38 34
4 37 35
13 38 35
10 37 35
15 35 35
17 37 36
18 38 37
15 39 37
16 39 38
13 38 39
4 38 36
7 40 35
13 37 34
12 37 33
15 38 33
17 37 33
16 36 34
16 38 33
12 38 34
6 38 34
2 37 32
16 37 36
11 35 34
15 36 37
18 36 37
15 38 36
14 38 37
13 38 37
11 38 37
1 40 35
11 39 35
12 36 34
13 38 33
15 36 32
17 37 33
15 38 33
14 39 34
12 39 34
3 38 34
12 40 37
12 35 35
12 36 34
15 38 35
17 38 36
15 38 36
15 38 37
12 37 37
9 38 36
3 38 35
13 36 35
12 37 33
15 37 33
16 37 33
15 37 33
17 37 33
13 38 34
8 38 35
1 37 33
15 36 37
11 34 35
16 36 37
18 35 36
16 37 36
17 37 36
14 38 37
10 37 36
1 39 36
11 39 35
12 37 34
13 38 33
15 36 33
15 36 33
15 39 33
15 38 34
11 39 34
6 37 33
9 38 33
11 37 35
12 37 35
14 37 35
16 37 36
15 39 36
16 38 36
13 37 37
9 38 36
4 40 35
14 39 35
12 37 34
15 38 34
15 36 33
15 37 32
16 37 32
14 38 34
9 38 34
1 38 33
16 37 37
11 35 34
16 37 36
17 36 36
16 38 36
14 38 36
15 38 38
13 39 38
4 41 36
9 40 34
15 36 36
11 37 33
12 39 32
15 37 33
15 38 33
16 37 33
14 38 34
11 40 34
3 39 35
14 38 37
15 37 36
11 38 36
14 37 35
15 36 35
14 38 36
15 38 37
14 40 37
12 37 36
1 40 34
13 39 34
17 37 35
12 37 34
9 38 31
10 37 32
14 37 32
14 37 33
13 37 33
13 40 34
9 40 35
13 40 35
16 40 38
16 39 38
12 40 38
13 40 36
