38 33 51
37 31 51
37 33 50
40 36 49
34 44 45
35 39 54
34 39 48
31 36 46
26 37 43
20 48 44
19 48 41
17 46 41
13 45 36
10 44 36
7 41 36
9 38 36
10 40 38
11 44 38
13 41 36
12 39 37
12 39 36
13 40 37
13 39 36
13 39 35
14 38 35
15 39 35
13 38 36
13 38 36
13 38 36
13 38 37
13 40 37
14 39 37
13 39 37
13 40 36
13 40 36
12 38 36
14 39 36
14 39 36
12 38 36
13 39 36
14 38 37
13 39 35
14 39 36
13 39 36
13 38 37
13 38 36
13 39 36
13 39 36
13 39 36
14 39 36
14 38 36
12 38 36
12 39 36
13 39 36
14 38 36
13 39 37
13 39 36
13 38 36
13 38 37
14 38 35
13 38 36
14 38 36
12 39 35
13 39 35
13 39 35
14 39 36
13 38 36
14 39 37
13 39 37
13 41 37
14 39 37
14 38 37
15 39 36
14 39 37
15 38 38
12 39 37
5 41 38
8 40 37
11 38 36
12 37 34
13 35 33
14 37 33
15 36 32
15 36 33
14 37 33
11 36 34
4 37 35
13 38 36
12 40 38
16 38 36
17 37 36
14 41 37
15 39 36
11 40 37
9 39 39
3 38 38
5 37 35
9 37 35
13 36 33
15 37 33
15 37 31
18 36 33
16 38 33
13 39 35
10 38 36
6 36 36
9 40 39
12 37 36
17 39 36
16 39 37
14 39 37
14 39 38
10 38 39
0 40 37
7 36 35
12 37 36
11 36 31
15 37 32
15 35 31
17 36 31
16 36 32
15 37 34
12 38 35
2 37 35
11 38 38
12 40 38
11 38 36
16 39 37
13 41 38
14 37 37
11 41 38
9 38 36
4 39 33
9 39 31
9 39 30
14 37 29
17 38 32
14 37 31
16 41 32
15 39 33
14 39 35
11 39 37
10 38 36
15 38 37
15 40 36
17 39 39
14 39 35
12 41 35
14 40 36
14 39 39
11 41 38
0 41 36
10 40 35
8 39 33
13 37 31
14 35 29
11 36 29
12 35 31
9 36 32
12 35 35
10 36 33
18 40 40
15 38 38
17 36 36
16 35 38
14 39 38
12 39 38
8 40 39
6 40 39
4 40 40
10 37 35
7 36 34
13 33 32
13 36 32
13 35 31
14 36 32
14 37 34
15 37 36
6 37 33
10 39 39
12 38 38
16 38 35
17 38 38
14 39 39
13 40 39
10 41 40
10 38 39
1 41 40
7 38 35
8 34 35
11 36 32
13 36 33
14 35 32
17 35 32
17 37 33
16 38 35
5 38 34
6 38 38
11 39 40
16 38 38
15 37 38
12 41 39
12 41 38
10 40 39
10 39 38
3 40 39
3 37 35
10 35 36
12 36 35
14 35 33
16 36 34
16 37 33
15 38 35
9 37 36
9 37 37
11 38 39
12 38 37
15 37 36
13 39 37
12 41 38
10 40 40
12 43 40
6 40 38
8 38 38
7 37 36
6 36 34
11 36 33
15 36 32
15 35 33
15 36 33
14 37 33
9 37 34
12 36 35
13 38 38
14 37 37
12 38 37
12 37 37
10 40 38
10 40 40
10 41 40
3 41 43
6 37 35
6 36 35
11 35 34
12 35 31
15 36 32
17 35 32
15 36 33
17 37 36
8 37 33
13 37 37
11 39 37
12 39 39
13 38 37
9 40 38
9 40 40
7 40 40
10 39 37
5 41 38
6 37 35
5 36 35
10 37 32
11 35 32
13 35 33
16 36 33
14 36 34
9 36 34
13 37 36
15 39 38
13 39 37
17 39 38
10 40 38
10 39 40
10 41 40
10 42 40
5 41 40
8 38 35
5 35 34
8 34 32
9 37 32
12 36 32
15 37 32
15 36 31
16 36 34
13 37 35
7 36 36
8 38 40
14 39 38
12 38 37
12 38 39
12 41 39
10 40 39
8 40 37
4 39 38
8 38 35
8 37 33
13 35 32
12 34 31
16 37 32
15 35 32
14 37 33
14 37 36
9 36 35
14 38 41
13 38 38
13 38 38
12 39 38
14 39 39
14 38 38
12 38 36
7 37 33
2 38 32
7 37 31
13 37 33
14 36 30
14 36 30
15 36 31
14 37 31
14 37 33
10 37 35
9 36 35
13 37 38
15 38 35
14 38 36
14 37 35
16 39 35
13 38 37
8 38 35
5 38 36
9 39 35
8 37 34
12 35 33
12 37 33
14 35 32
13 36 33
14 35 33
15 35 33
6 35 34
10 37 37
14 38 38
15 36 36
17 37 38
15 39 38
12 40 38
11 40 38
10 40 37
3 40 38
7 37 34
7 35 32
13 35 32
14 36 32
15 36 32
18 34 33
16 37 33
11 36 34
4 36 34
10 38 40
12 37 35
13 38 36
13 40 37
14 41 37
13 41 37
11 40 37
8 38 35
5 38 38
8 37 35
6 35 35
12 36 33
14 35 33
16 36 33
15 36 32
16 36 33
9 37 34
7 36 35
12 38 38
13 38 38
12 40 37
13 37 38
14 40 38
12 40 38
8 40 39
5 40 38
7 38 36
7 35 36
6 35 33
12 35 34
15 36 32
16 35 32
19 36 32
16 35 33
6 37 35
8 37 38
12 37 39
15 39 37
13 41 37
11 39 39
12 40 37
11 39 38
8 40 38
2 40 39
8 37 35
5 36 34
11 34 33
14 34 31
14 36 31
16 36 32
14 37 33
15 37 36
7 37 34
11 38 38
11 40 40
16 39 38
14 37 37
11 38 39
13 38 39
11 40 39
12 38 37
1 40 39
7 35 31
7 36 34
11 36 32
14 36 31
14 35 32
16 36 31
18 38 33
16 37 34
4 37 34
7 39 39
9 38 37
15 38 36
15 37 37
14 39 37
12 39 37
11 40 37
11 38 36
1 40 37
8 36 34
9 37 32
12 35 34
14 36 34
13 36 33
15 36 36
17 36 35
16 35 35
6 38 35
13 38 39
10 36 35
12 38 35
13 42 37
11 41 38
13 40 37
12 40 37
13 39 37
12 38 37
4 39 37
14 37 33
7 36 33
9 36 31
12 36 32
12 36 31
14 35 33
14 37 32
16 37 34
14 37 33
9 38 34
14 39 38
12 39 37
12 38 37
13 40 37
12 39 38
11 38 36
12 37 37
12 38 35
13 37 35
12 37 36
12 38 37
11 36 35
14 37 36
13 37 35
13 37 36
12 37 36
13 37 36
11 39 36
13 38 35
13 38 36
13 37 36
12 38 36
13 37 36
13 38 36
12 37 36
12 37 35
13 37 35
14 37 35
13 37 35
12 37 36
14 38 34
12 36 36
13 38 35
12 38 35
12 38 35
13 37 35
12 38 35
13 38 35
12 38 35
13 37 35
12 37 35
13 37 36
12 38 35
12 37 36
14 37 35
13 38 36
13 38 36
13 37 36
14 37 36
12 39 36
12 37 35
13 37 35
13 39 36
13 38 35
12 38 36
11 37 36
13 39 35
13 37 36
14 38 36
13 38 35
13 38 36
12 38 35
13 37 36
13 37 36
12 37 36
13 37 35
13 37 36
13 37 36
13 39 36
11 37 37
11 42 37
9 48 38
10 49 35
12 52 34
15 52 33
20 52 35
26 47 39
29 48 39
33 47 42
39 41 44
40 41 43
42 41 46
41 34 48
39 33 50
38 32 53
39 33 53
41 33 52
38 35 52
40 33 52
40 35 52
40 34 52
40 34 53
40 34 52
40 34 52
