12 33 36
11 34 37
12 34 37
14 34 38
12 34 36
13 34 35
11 34 35
12 35 35
11 36 35
12 36 35
12 35 35
11 35 34
14 36 33
11 37 34
12 38 35
12 39 35
12 37 35
13 37 35
11 35 34
10 35 34
8 35 35
11 34 36
12 34 36
12 35 38
15 33 37
14 35 36
15 34 37
14 34 37
14 36 38
13 35 36
12 35 37
4 36 36
14 35 34
13 35 34
13 33 32
13 35 33
12 34 33
12 34 33
13 35 33
12 34 33
11 35 34
8 35 35
12 32 35
11 36 37
13 34 36
15 33 36
14 34 35
14 35 35
13 37 36
14 34 35
7 36 33
10 34 33
10 34 32
14 33 33
16 34 32
11 33 31
12 34 31
14 35 32
12 34 31
12 33 33
8 35 33
11 34 34
10 35 35
14 31 34
13 33 35
13 34 35
15 34 34
14 33 35
13 35 36
10 36 36
5 37 35
12 37 34
11 33 34
15 34 33
16 35 32
14 36 32
14 36 32
13 35 34
11 35 35
10 37 34
7 35 36
9 34 36
14 36 36
18 33 36
15 37 34
17 36 36
16 36 37
13 36 36
10 34 36
2 34 36
13 37 34
14 36 33
13 35 33
16 35 33
15 35 33
15 36 33
12 35 33
11 36 34
2 36 34
9 33 36
12 37 37
16 33 35
15 34 36
16 36 36
14 36 36
13 36 36
10 34 34
5 35 35
11 37 34
13 35 33
16 35 34
14 34 33
14 34 33
13 34 33
12 34 34
12 36 34
3 36 35
9 33 37
13 36 36
17 33 36
17 33 36
13 36 36
15 35 36
14 35 37
12 35 35
1 36 36
8 36 34
14 36 35
15 36 34
13 33 33
15 34 33
15 35 33
15 35 33
14 35 34
6 35 34
9 33 37
10 37 39
14 34 36
15 33 37
14 36 35
15 34 35
14 33 36
13 34 37
4 35 34
9 35 35
13 36 34
10 34 33
14 34 35
15 35 34
14 33 33
15 35 33
13 34 34
12 35 34
4 37 34
9 34 37
13 35 38
16 34 37
16 34 36
14 35 37
14 35 38
13 36 37
10 35 37
4 34 36
11 35 36
10 35 34
13 35 34
14 36 34
15 35 32
14 34 32
15 35 33
13 34 35
7 34 36
6 34 36
11 36 39
15 34 36
16 31 36
15 35 36
15 36 37
15 35 37
13 35 37
7 35 35
8 37 35
11 35 33
12 34 34
15 32 32
14 34 33
14 34 33
14 34 34
13 34 35
8 35 34
8 34 36
12 35 38
14 33 35
18 31 36
14 36 35
14 35 37
14 36 36
12 34 37
1 34 36
9 35 36
11 37 34
15 34 34
16 36 34
14 33 34
14 34 32
14 35 33
13 34 35
7 36 35
5 33 36
11 35 37
13 35 35
17 30 36
15 36 36
14 36 37
14 34 37
14 35 37
4 36 35
5 36 35
10 35 33
16 35 34
17 35 32
16 34 33
14 33 32
14 36 33
13 35 34
2 35 34
10 33 36
12 35 38
16 33 36
14 34 37
15 34 36
14 35 36
12 33 37
9 33 36
3 35 35
10 34 32
12 35 33
16 33 32
16 34 33
15 33 32
12 34 33
11 33 33
11 35 35
4 35 34
10 33 36
13 34 35
15 30 35
14 34 35
15 34 35
14 34 37
16 33 37
8 34 34
4 35 33
9 34 32
16 32 32
15 32 32
11 32 31
13 29 33
12 32 32
12 32 33
9 33 34
3 31 33
12 33 39
16 32 33
15 31 35
14 34 34
14 34 35
13 34 35
14 35 35
2 35 35
7 32 32
13 35 33
16 34 33
12 33 31
13 31 33
14 32 33
14 31 33
11 33 33
8 32 34
7 33 33
12 36 38
15 33 34
16 33 35
13 34 36
12 34 36
15 35 36
13 36 36
2 35 35
9 35 34
12 35 33
14 34 34
16 34 32
12 33 35
14 34 34
13 35 33
14 35 34
8 35 34
7 33 34
12 36 37
15 35 34
14 33 35
15 36 36
15 35 37
14 36 36
12 34 35
2 34 32
11 29 29
12 35 33
16 31 33
15 33 32
12 31 32
12 33 31
12 33 33
11 32 33
4 34 34
5 30 33
11 33 37
15 33 34
16 33 34
13 35 36
14 34 37
14 36 37
12 35 36
1 36 35
8 35 34
11 36 35
14 33 35
15 35 35
13 32 33
15 34 33
13 35 32
13 34 34
6 34 35
7 32 36
12 37 39
16 34 35
14 31 36
15 36 36
13 36 38
14 36 38
13 34 36
2 34 36
10 35 35
11 37 35
14 33 36
17 34 34
13 34 33
15 34 33
13 36 34
13 35 35
4 34 36
10 34 36
10 35 39
15 34 35
14 31 36
15 35 35
15 35 36
14 34 36
13 34 35
5 36 34
10 34 35
7 36 33
15 31 35
17 36 33
13 34 33
14 34 34
15 35 32
12 35 34
5 33 34
6 33 36
14 38 38
15 33 34
15 33 36
15 35 35
13 34 36
14 37 37
13 36 37
2 37 36
9 35 35
10 36 33
13 35 34
15 35 33
14 35 32
14 35 32
13 35 33
14 36 33
11 35 35
3 35 34
10 34 35
13 38 38
14 33 34
15 34 35
15 35 35
15 35 34
15 35 35
13 35 35
3 34 36
9 32 33
9 32 34
14 31 34
14 34 32
14 34 31
14 33 33
15 34 33
12 34 34
10 34 33
3 33 34
14 33 38
13 35 36
14 33 36
16 34 35
13 37 35
13 35 36
14 35 36
12 34 36
3 35 35
8 34 33
13 35 35
9 33 33
13 32 34
14 34 32
12 33 32
13 34 33
13 35 34
14 34 35
8 35 36
15 34 37
10 37 37
13 32 38
12 33 37
12 35 37
13 35 37
12 35 38
12 34 38
12 35 38
