41 33 52
39 34 52
39 34 53
42 40 50
40 40 44
38 39 36
35 39 35
28 43 34
18 48 33
8 48 33
0 48 37
0 47 37
5 46 38
10 40 36
12 40 35
14 39 34
12 37 33
14 36 32
13 36 34
11 36 34
12 35 33
12 36 33
13 35 34
13 35 33
12 37 34
12 35 34
12 36 35
12 34 34
12 35 33
12 35 34
13 35 34
11 36 34
11 36 34
13 36 34
12 35 35
12 36 34
12 36 35
11 35 35
13 36 34
11 36 33
13 35 34
12 36 35
13 36 34
12 35 35
11 35 34
11 35 35
12 35 35
13 35 35
11 35 34
12 36 34
12 36 34
12 37 34
11 36 34
12 36 33
13 36 34
12 37 35
12 37 34
12 36 34
12 36 35
13 35 34
11 37 35
13 36 34
12 37 34
13 36 35
12 36 34
12 36 34
12 37 34
12 36 34
12 36 34
11 35 35
11 36 34
13 35 34
13 36 34
12 35 34
12 37 34
13 36 34
12 35 34
11 36 34
12 35 34
12 35 34
12 37 34
13 38 35
11 40 36
10 39 34
12 39 37
11 37 38
11 36 37
14 37 37
16 34 36
17 36 36
16 36 35
12 37 35
10 37 35
6 40 36
2 43 38
15 37 38
15 37 39
15 42 34
15 40 32
9 39 32
7 37 33
8 36 31
8 31 32
10 29 33
12 31 31
9 33 32
15 35 33
16 37 33
14 39 35
12 39 37
10 40 36
6 39 38
5 41 41
6 38 36
8 37 33
13 35 33
12 35 33
12 36 32
11 34 32
15 32 31
10 34 31
10 35 35
13 38 34
17 38 36
16 38 36
10 40 38
7 40 39
5 41 39
5 40 40
8 38 38
8 35 33
10 35 32
12 37 31
13 36 32
13 34 31
13 33 31
7 36 32
12 38 33
10 38 34
17 38 36
16 38 37
13 38 38
9 39 40
5 41 40
4 40 40
7 38 37
6 36 33
11 36 32
13 35 31
15 34 32
15 34 32
12 34 32
5 35 32
11 37 34
12 37 36
14 38 35
15 38 37
11 40 37
11 39 38
5 43 37
2 42 40
9 37 33
6 36 33
9 35 32
11 36 33
12 36 32
13 35 33
11 32 32
9 33 31
12 37 32
8 37 34
15 38 34
14 38 35
9 42 38
10 38 37
7 40 39
4 39 39
10 38 37
9 37 37
10 34 35
11 35 33
12 35 33
12 34 31
11 34 33
9 34 32
15 35 33
12 35 35
15 38 34
14 37 34
10 40 35
8 39 38
6 41 39
6 40 39
6 40 40
7 39 35
10 36 32
13 36 32
10 33 32
14 31 31
12 29 33
12 31 32
3 34 30
8 37 35
7 37 33
15 34 32
15 37 31
14 38 35
12 42 37
5 42 37
3 40 43
2 40 38
0 33 35
9 30 36
13 30 33
16 32 33
17 34 32
10 36 31
12 37 33
8 35 30
8 38 37
13 39 35
15 37 35
12 38 36
13 39 37
9 37 37
8 40 39
2 40 41
9 36 38
7 34 36
9 34 34
15 32 35
15 33 33
17 33 33
13 35 33
11 34 32
8 35 33
9 37 37
13 37 36
17 36 37
13 40 35
11 40 36
10 39 38
7 38 37
5 39 38
6 37 36
7 36 35
10 35 33
13 36 33
14 35 33
14 35 32
15 35 32
11 35 31
11 37 36
12 39 36
14 39 37
14 38 39
8 40 39
9 39 39
8 41 40
4 40 42
5 38 36
4 34 34
8 34 32
11 35 34
13 35 32
14 34 31
14 33 31
8 36 31
14 37 35
12 39 35
13 37 35
11 40 37
7 41 36
11 39 39
8 44 39
2 42 40
8 37 35
7 35 34
11 36 33
12 36 32
12 37 31
13 34 32
13 35 34
7 35 34
13 37 36
12 37 34
14 37 34
15 37 35
12 38 35
10 38 37
9 40 39
5 39 38
7 39 37
7 38 35
9 36 35
12 35 33
10 35 33
10 34 33
13 35 32
12 34 33
16 34 32
14 36 34
15 37 33
15 37 34
11 39 35
7 40 38
7 42 38
5 39 39
6 40 40
6 38 37
9 34 33
13 34 32
14 36 31
12 36 31
11 35 32
10 34 32
16 35 33
13 37 36
14 36 35
17 36 36
14 38 36
11 39 38
11 39 38
8 41 39
1 41 40
6 37 36
6 37 35
10 35 36
10 36 34
11 35 33
15 34 33
15 33 32
9 35 32
13 36 34
8 36 33
12 37 34
12 39 36
12 40 40
9 42 40
6 41 40
5 39 38
9 37 38
6 37 35
6 35 34
11 33 33
12 34 33
15 34 31
18 36 33
16 36 33
10 35 35
10 37 35
7 37 35
8 37 36
11 41 34
11 39 36
14 39 37
10 38 37
1 39 38
7 34 36
5 34 38
8 33 36
10 37 38
13 34 36
18 35 35
19 35 33
15 37 34
10 38 35
6 38 35
8 38 34
11 39 35
11 40 35
11 40 36
10 40 38
9 39 38
8 38 41
7 37 37
8 36 36
13 36 36
13 36 35
13 34 34
15 36 34
13 37 34
10 36 34
11 37 34
11 38 35
14 36 35
15 37 36
12 39 36
10 39 39
10 39 40
4 41 38
6 41 38
6 36 35
6 35 34
11 34 32
14 36 33
14 35 31
16 36 32
15 35 33
11 38 34
13 38 37
9 37 34
13 36 38
14 37 36
11 37 38
11 39 38
11 38 38
10 39 37
6 41 40
4 36 35
8 36 34
12 36 34
14 36 32
15 35 31
16 37 32
15 36 33
14 36 33
11 36 35
10 36 36
13 39 37
12 40 37
12 38 38
14 39 38
11 38 38
8 36 36
4 36 34
10 34 31
13 34 32
15 34 32
13 37 33
12 37 33
11 36 33
6 36 32
14 37 34
14 38 36
12 37 37
14 35 36
14 37 37
15 36 36
14 37 37
9 38 38
14 36 37
13 37 36
11 37 35
12 37 35
13 38 34
12 37 33
13 38 34
13 37 34
13 37 34
13 37 34
12 38 35
12 37 36
13 37 36
12 37 36
11 37 34
13 38 36
12 38 34
12 37 34
13 37 35
12 37 36
12 37 35
13 38 36
13 38 35
12 37 34
13 36 36
12 37 35
13 36 35
11 37 35
14 38 35
12 37 35
12 36 35
12 37 36
13 38 35
13 39 36
13 37 35
12 39 36
13 37 35
12 37 35
13 37 35
12 37 35
12 37 36
13 37 35
12 37 35
13 36 36
13 37 35
14 37 35
12 37 34
12 38 35
11 36 35
13 38 35
12 38 35
12 37 36
12 38 35
13 38 35
13 38 35
13 38 35
12 37 35
12 37 36
12 38 35
13 38 35
13 38 35
12 39 36
13 38 35
12 40 37
9 47 37
10 55 37
10 55 33
14 58 30
18 55 31
23 50 33
29 41 34
35 36 39
39 33 42
39 30 49
39 28 53
40 35 53
41 31 52
42 35 53
43 35 51
41 35 53
40 33 52
41 35 51
40 35 52
39 37 53
