34 41 50
34 40 50
36 38 47
37 36 44
34 41 49
30 41 48
24 43 47
16 42 43
11 44 46
12 43 42
8 40 39
5 42 39
10 40 36
12 38 33
10 38 34
10 38 34
12 38 31
13 37 32
13 36 32
12 38 32
10 37 33
9 39 37
18 37 39
14 37 37
14 37 36
15 38 37
15 42 39
15 43 40
15 47 40
12 47 38
6 56 38
11 49 36
15 50 40
15 51 42
20 47 43
22 43 43
22 41 46
22 38 46
21 32 44
18 30 44
16 31 43
15 28 39
14 27 42
16 25 47
19 32 47
18 25 46
16 27 49
11 29 40
15 31 32
17 36 37
16 29 44
19 35 49
15 37 52
14 42 48
12 42 44
16 48 40
13 42 40
14 43 38
14 38 37
11 36 33
12 37 36
12 38 36
6 36 35
1 39 30
15 39 35
10 34 32
16 35 31
20 37 34
19 38 34
17 40 35
11 36 33
2 51 38
1 41 40
12 42 39
8 39 32
12 37 31
16 36 31
15 37 31
15 37 32
11 39 32
4 40 32
13 43 41
13 45 41
12 40 40
14 40 41
16 43 41
17 41 44
18 41 41
16 40 41
18 43 40
19 40 39
16 41 38
17 38 40
18 41 44
20 41 47
18 43 48
20 41 50
19 41 47
11 42 41
19 39 39
23 43 43
21 42 41
17 44 45
14 42 43
7 42 37
7 34 39
4 35 38
15 35 41
12 33 38
14 36 37
14 35 38
17 35 36
16 37 35
11 38 35
8 39 36
1 40 37
9 36 35
9 36 33
10 37 34
13 38 34
17 37 32
18 36 34
15 35 33
7 35 32
10 37 34
12 38 39
11 37 35
18 36 35
17 38 36
16 38 37
15 38 36
11 38 38
2 38 37
5 38 39
12 40 38
5 36 34
9 37 33
15 36 33
16 37 33
18 36 33
16 40 33
10 33 35
7 34 35
7 35 38
10 35 37
15 36 36
19 37 36
18 38 35
14 38 35
6 38 34
1 43 40
12 38 39
10 38 36
9 35 31
14 37 33
15 38 35
18 37 35
16 36 34
12 37 32
7 39 36
10 38 36
2 34 46
15 42 35
21 39 33
23 40 34
20 41 36
14 43 35
5 44 40
0 46 42
14 41 35
14 34 27
12 44 30
16 34 33
13 39 33
13 37 33
17 38 37
13 39 36
7 37 39
5 42 37
11 42 35
14 39 35
19 38 37
19 39 38
15 39 38
17 40 40
14 40 39
9 42 38
9 43 38
14 41 35
14 41 34
12 41 33
12 42 34
13 43 34
15 42 34
17 42 35
17 44 37
13 43 40
9 45 41
13 38 41
13 39 38
18 37 37
21 39 39
18 44 39
20 44 41
18 43 40
19 41 39
15 45 40
5 45 39
7 42 36
12 41 33
13 38 33
14 38 33
16 38 33
15 39 33
13 40 33
15 41 33
9 41 33
4 42 32
17 37 35
10 35 35
14 34 34
18 36 36
17 34 37
16 36 38
14 38 37
8 38 37
1 41 38
12 36 36
11 38 34
9 36 33
13 36 32
15 37 31
15 36 33
16 37 33
14 37 34
6 36 34
11 36 36
9 41 36
11 35 38
18 40 43
17 36 38
17 37 36
14 39 38
6 35 48
10 44 36
17 38 33
13 40 32
13 39 30
14 37 29
11 38 30
11 38 31
9 37 31
11 34 31
11 33 33
13 33 36
12 33 34
14 32 36
13 30 37
13 34 36
13 33 36
16 34 38
15 35 41
12 36 38
9 37 38
8 37 37
11 35 36
14 37 33
12 38 33
14 36 31
14 37 32
13 37 34
12 38 34
13 38 35
11 36 37
9 36 34
2 35 33
11 27 36
12 37 35
15 35 34
14 40 32
16 40 33
20 39 36
18 41 38
15 43 41
10 48 35
1 43 37
10 37 34
10 35 31
11 39 32
13 36 32
17 38 31
19 38 32
16 38 33
10 37 33
5 37 34
9 36 36
11 37 36
13 34 34
16 36 36
17 38 35
17 38 35
13 37 36
11 37 35
7 38 37
3 38 36
10 37 33
11 34 30
13 36 33
15 38 31
17 36 32
15 37 32
13 36 35
5 36 35
5 38 37
15 37 37
9 35 34
15 36 35
19 38 38
18 39 40
16 41 40
13 40 40
9 41 39
5 41 38
8 40 35
12 37 33
14 37 34
15 37 34
15 36 33
15 34 35
15 35 37
7 34 35
4 38 33
14 38 36
11 36 32
15 35 32
19 40 32
19 38 34
15 39 36
11 40 39
4 39 41
5 44 39
14 36 34
10 37 32
14 36 33
16 37 32
16 36 31
14 37 32
12 36 31
8 36 35
6 37 35
15 36 39
13 36 38
16 36 37
17 38 35
15 40 35
14 40 35
13 41 35
10 42 34
5 42 35
12 42 32
10 40 29
12 37 29
14 38 31
15 39 32
15 40 33
15 39 34
11 41 34
11 41 34
7 42 35
14 40 36
11 40 34
15 40 34
17 42 34
17 42 36
16 43 35
16 43 35
13 44 35
11 44 34
11 43 34
16 42 33
12 41 30
13 40 30
14 40 29
12 39 30
12 40 32
10 41 32
14 41 33
13 40 35
12 42 33
15 41 34
15 42 34
13 42 32
13 39 30
14 38 32
16 39 31
14 42 32
15 43 32
7 45 34
10 41 34
12 41 33
13 41 35
13 38 32
15 36 32
16 38 33
14 39 36
9 39 34
6 38 32
6 37 34
15 35 33
13 36 32
15 37 35
18 37 36
16 39 38
16 40 38
13 40 36
4 38 35
4 41 36
14 38 35
10 36 33
14 37 34
15 37 35
16 37 33
16 37 34
13 35 34
6 36 34
1 38 33
15 36 35
12 37 33
17 36 34
19 38 34
17 38 38
13 38 37
11 36 38
6 37 37
4 38 38
11 37 35
10 37 34
11 36 34
15 35 32
15 37 34
16 35 32
11 36 33
6 34 31
9 37 35
14 36 37
14 36 34
17 38 34
18 38 36
15 38 37
15 39 36
8 37 35
8 38 36
3 40 35
12 36 35
9 36 33
14 36 33
13 37 31
14 36 32
13 36 32
10 36 32
6 35 31
10 35 33
14 35 37
12 35 34
15 35 36
16 38 36
14 37 36
13 37 37
9 36 37
5 38 37
4 38 37
10 37 35
8 37 32
12 36 33
14 37 31
17 36 32
18 36 32
15 36 32
9 37 33
3 36 34
14 36 39
11 36 37
15 34 35
19 36 37
15 38 35
11 37 35
11 37 37
7 38 37
4 38 36
11 36 35
12 37 33
10 37 32
12 36 32
13 37 32
15 37 31
16 35 33
14 38 32
10 36 34
1 35 33
15 36 37
11 37 36
14 33 36
14 37 36
15 39 35
14 37 36
16 38 36
16 38 38
14 38 38
13 38 37
6 39 37
7 38 36
13 37 34
12 36 34
12 37 32
13 37 33
14 38 34
15 39 34
17 40 36
16 41 35
14 42 37
7 42 33
6 42 35
15 37 34
13 38 32
15 37 33
17 39 33
14 39 35
12 38 35
14 38 34
11 36 36
7 37 35
8 39 35
12 37 33
10 37 30
10 37 30
13 35 29
14 37 29
15 37 31
16 38 32
14 36 32
10 36 34
2 38 34
11 36 35
15 37 37
9 36 35
11 37 35
11 41 37
9 42 37
13 46 38
15 48 40
19 48 40
22 46 41
26 52 44
31 48 41
37 40 41
42 41 44
39 45 48
37 39 49
37 37 51
38 40 54
40 36 52
41 36 51
39 37 51
40 38 52
40 37 49
41 37 53
40 35 52
40 36 50
