17 42 40
17 41 40
16 41 41
16 41 40
15 41 40
17 41 41
16 43 41
16 41 42
21 37 41
19 36 43
17 42 43
15 43 38
18 46 38
14 42 37
13 45 36
13 44 34
12 43 32
11 42 32
12 40 32
11 39 32
9 38 33
10 39 32
11 37 34
14 36 33
15 36 35
15 37 35
13 36 34
14 36 36
15 37 35
16 36 34
12 37 35
8 38 32
6 41 31
7 42 30
14 39 31
14 39 30
16 37 29
15 36 30
14 35 30
15 39 31
11 38 31
9 39 31
8 39 33
9 37 31
13 36 33
13 37 34
17 38 35
20 39 35
17 38 34
13 39 34
12 39 34
10 40 35
8 37 33
2 39 35
8 37 32
12 38 33
15 37 30
18 35 30
18 35 29
16 35 29
15 37 31
9 39 31
10 38 33
7 39 33
7 36 36
15 34 33
15 35 35
19 36 34
18 37 34
15 38 34
15 40 34
13 42 35
10 41 35
5 41 35
6 39 34
11 41 34
14 38 33
17 36 31
15 37 31
16 36 30
16 37 31
13 38 31
12 40 32
7 39 32
4 39 35
13 33 32
16 41 37
22 39 35
17 39 36
10 37 36
13 36 35
13 38 36
12 40 35
7 40 33
3 42 32
10 39 35
12 39 32
16 32 32
17 36 31
15 39 31
14 40 31
9 37 31
12 37 34
7 33 29
6 34 33
14 34 35
20 38 35
21 39 37
18 41 33
16 45 35
14 46 37
13 48 37
11 44 35
7 46 35
9 42 34
13 42 31
17 38 30
19 35 28
15 36 30
13 37 29
14 39 32
12 41 31
9 41 33
8 40 32
13 38 37
13 38 33
17 38 36
18 38 35
15 40 34
13 39 36
14 43 38
13 42 36
11 45 32
6 45 30
11 45 32
15 43 31
16 40 31
19 38 30
20 40 31
17 39 33
16 40 31
11 41 31
10 40 31
2 42 33
6 38 35
12 35 33
17 37 35
20 39 35
17 39 40
13 40 35
13 37 35
9 40 35
6 39 32
4 41 32
11 36 31
13 37 31
16 36 31
17 39 32
16 38 30
16 40 32
15 38 31
12 42 32
8 37 31
6 37 33
12 36 35
13 37 35
17 38 36
17 40 35
15 40 35
14 40 34
15 38 34
13 37 34
10 37 33
10 38 32
8 37 30
3 38 30
8 39 32
16 40 32
18 39 33
17 40 32
14 40 32
11 39 31
11 38 33
14 38 33
10 36 32
8 35 32
13 34 33
14 35 32
16 38 35
17 40 36
17 38 35
16 38 36
14 39 35
12 39 35
12 40 36
9 40 34
6 42 33
6 42 33
14 39 32
12 39 31
15 37 31
16 36 31
16 37 31
17 39 32
13 41 32
14 41 33
11 41 32
10 40 31
10 39 32
13 37 32
15 39 34
17 39 35
16 40 33
15 39 35
14 38 34
12 39 34
9 38 34
6 37 33
4 37 32
12 35 33
12 39 33
16 36 30
16 36 30
15 36 29
15 38 31
14 35 32
11 38 30
10 37 32
8 36 30
9 33 33
10 33 32
13 37 34
17 35 35
18 37 36
15 39 34
12 40 35
13 37 34
10 39 34
8 38 33
4 40 32
12 37 33
12 39 32
14 36 30
15 36 30
16 36 30
15 37 31
12 38 31
10 38 31
12 38 32
9 36 32
8 37 32
13 37 33
14 39 34
14 39 33
16 38 33
16 37 34
16 39 34
13 38 33
10 39 33
7 37 32
4 39 34
13 37 33
11 38 32
13 36 31
17 36 31
17 35 31
17 37 32
13 38 31
9 38 32
10 38 34
8 37 33
12 36 34
14 36 32
15 37 34
19 36 35
17 38 34
17 38 35
16 39 35
12 40 36
10 41 35
8 40 34
4 42 33
13 35 33
13 37 31
14 35 30
17 35 32
16 36 30
16 38 31
15 40 31
10 40 31
10 39 34
6 37 30
10 38 33
16 36 34
15 38 34
18 36 33
15 39 34
15 39 35
16 39 35
12 41 33
9 41 33
3 43 32
5 42 32
15 38 33
13 39 31
15 35 30
16 36 31
17 35 30
16 37 29
12 38 32
9 41 30
7 39 35
8 45 32
15 36 33
11 41 29
16 34 34
17 41 32
18 41 32
16 41 33
16 42 32
14 39 33
11 35 35
10 40 34
4 39 31
10 35 32
10 35 33
13 35 29
16 36 31
17 34 30
18 36 32
15 36 29
10 41 32
12 42 34
9 38 36
10 36 35
15 37 33
16 40 34
17 37 36
18 42 29
18 37 38
13 44 34
14 40 37
13 44 36
7 36 35
3 43 31
12 43 37
13 37 29
18 35 28
17 37 33
16 36 34
15 38 36
17 40 31
9 41 32
9 38 34
7 39 34
11 33 33
14 40 34
17 38 34
19 36 37
20 33 35
14 38 34
14 40 37
13 38 37
11 40 35
3 42 35
9 39 32
12 39 34
13 36 31
16 33 32
16 36 30
13 36 31
13 39 33
14 39 35
15 40 31
10 39 34
5 42 35
12 37 33
11 35 37
16 39 35
17 39 33
17 36 34
16 39 33
13 40 35
12 40 36
11 40 34
4 39 33
7 40 33
11 38 33
13 39 32
16 35 30
16 35 31
17 38 33
16 38 31
11 40 32
10 39 32
9 37 32
8 36 31
12 37 32
11 38 32
15 36 35
19 38 33
17 38 35
15 38 35
14 39 35
12 40 36
10 40 35
6 39 34
5 38 33
12 38 33
13 39 33
16 35 30
16 38 31
15 37 31
15 39 32
13 37 31
12 38 33
9 38 32
7 38 33
12 38 36
13 35 34
15 39 34
18 37 35
18 38 36
14 38 36
13 39 36
12 38 38
10 39 35
4 39 34
3 39 34
15 31 34
14 34 34
11 32 29
12 33 30
13 35 30
16 37 32
13 36 31
10 38 32
12 38 35
12 38 34
6 38 34
10 35 33
17 36 35
15 37 34
13 38 34
14 38 35
17 38 35
16 40 36
11 40 36
8 39 35
14 35 33
13 37 34
9 38 32
9 37 33
13 35 33
14 37 32
12 39 31
11 41 31
12 40 32
12 42 32
15 42 33
14 43 33
13 43 34
13 41 35
16 39 35
17 41 37
15 39 37
14 39 37
14 38 38
17 40 38
14 39 43
14 43 39
14 42 35
15 40 37
14 39 36
14 39 36
11 40 37
10 40 37
12 37 38
15 36 37
12 36 33
10 33 33
8 33 29
8 35 30
15 36 32
16 36 34
11 34 33
9 38 33
17 36 35
12 39 36
10 40 34
13 39 34
14 39 35
14 36 34
12 37 34
12 36 34
14 37 35
14 38 35
13 40 35
