37 40 52
37 40 52
38 40 52
38 41 51
35 39 50
36 40 51
37 41 51
37 39 51
36 39 52
32 40 56
29 39 55
28 38 48
27 36 42
26 32 39
23 31 38
15 34 40
8 34 40
0 37 37
0 44 42
1 40 42
17 37 41
15 38 41
13 37 41
12 36 38
12 35 35
12 35 35
12 34 34
8 35 35
8 35 35
16 36 37
14 37 37
14 35 36
18 36 35
16 37 37
13 38 39
10 40 42
6 40 44
3 33 42
13 33 41
11 35 37
11 37 36
13 36 35
14 36 33
14 36 33
13 37 33
13 36 34
9 35 35
16 36 37
11 36 35
13 36 36
15 35 38
14 38 39
13 36 40
13 37 41
10 38 42
3 32 41
9 34 41
8 36 37
9 35 35
14 35 33
14 37 33
16 37 32
15 37 33
14 36 33
7 37 34
14 36 38
10 36 36
10 36 36
14 37 37
16 36 38
14 36 39
13 38 39
7 40 41
5 37 40
9 39 37
10 37 34
7 37 31
11 38 29
13 35 31
15 37 30
16 36 31
14 37 32
12 38 33
8 37 35
12 37 36
6 35 34
11 38 35
15 39 36
14 39 36
14 38 38
11 38 40
7 38 41
3 35 40
10 33 35
6 34 35
12 36 34
14 35 33
16 36 33
18 36 31
13 36 33
11 36 35
12 36 36
9 37 38
8 36 36
15 34 36
16 36 38
14 37 40
15 37 42
8 40 43
1 35 41
8 34 39
10 36 35
9 37 34
12 37 34
14 36 32
17 36 32
16 36 32
13 36 33
8 37 33
12 38 38
11 39 39
9 35 38
13 33 39
15 35 39
15 37 38
16 37 41
12 37 40
10 38 38
4 36 38
12 39 35
8 38 31
13 37 31
15 38 32
16 38 31
17 37 33
14 36 32
10 36 33
5 35 33
15 38 38
7 37 34
14 34 38
17 37 37
14 38 38
16 36 41
11 38 41
6 38 39
1 37 39
15 39 35
14 41 29
14 41 28
13 40 29
12 39 29
13 38 31
10 37 33
11 36 34
10 35 34
11 35 35
12 38 36
12 36 37
16 39 37
18 39 36
16 39 38
15 39 39
2 34 35
4 35 34
10 35 32
11 32 30
16 33 31
18 33 30
14 34 32
15 35 32
14 37 32
12 37 33
10 38 33
4 39 35
11 37 32
10 34 30
10 37 30
14 38 29
15 36 30
15 36 31
12 35 32
13 36 33
8 37 33
11 39 36
9 38 34
12 35 33
15 36 33
16 36 32
15 36 31
14 36 31
10 36 31
6 35 31
12 37 34
8 36 35
10 38 37
16 37 35
16 40 35
15 38 37
13 39 38
7 41 39
0 35 36
10 35 36
10 35 31
10 35 32
13 37 33
17 37 32
17 37 32
16 38 32
11 37 33
7 36 33
7 37 35
16 39 38
8 35 35
15 33 35
17 36 35
16 39 37
14 37 38
11 37 38
8 38 38
1 38 37
13 38 35
8 37 32
12 39 31
14 39 30
16 38 30
17 39 31
13 39 32
10 41 32
4 41 36
15 45 37
11 49 33
13 52 33
21 51 31
26 49 30
27 47 30
30 55 25
34 56 27
38 53 29
37 54 35
35 46 41
36 43 42
32 42 46
34 38 46
35 36 50
35 38 53
34 37 54
34 39 55
32 42 56
33 38 53
31 38 53
33 39 50
33 37 49
34 35 51
35 36 53
