41 35 56
40 34 56
38 34 51
39 33 45
39 45 42
43 42 40
38 45 40
26 44 36
26 45 37
14 52 40
14 44 42
5 41 39
2 41 40
6 43 41
11 41 37
11 40 35
14 38 36
13 39 35
12 38 35
13 38 34
14 37 35
14 39 35
13 38 35
13 37 35
11 36 36
14 39 35
13 38 36
14 39 35
14 37 36
12 39 36
13 39 35
13 38 34
13 38 35
12 37 35
12 38 36
13 37 35
12 37 35
12 38 35
12 37 36
12 38 35
13 38 34
13 37 35
13 38 36
14 38 36
13 38 35
12 38 34
12 37 35
12 37 36
15 37 35
11 37 36
13 38 35
14 39 34
14 39 34
11 42 37
12 41 37
14 42 39
15 41 40
15 41 40
13 40 40
14 39 39
14 39 40
13 39 36
10 38 35
16 38 35
14 37 35
12 37 34
13 38 32
13 39 33
12 40 33
13 39 35
5 42 33
11 42 34
5 40 34
12 42 38
9 38 36
15 35 36
14 38 36
15 38 35
17 38 35
13 38 35
9 37 33
12 38 36
8 38 33
10 36 34
16 36 36
14 39 35
13 38 35
11 38 35
7 39 36
2 39 37
12 37 37
11 36 37
11 35 37
15 36 36
16 36 36
15 35 35
13 36 34
7 36 34
8 37 33
9 36 32
13 37 35
14 38 35
13 37 36
11 37 34
8 38 32
6 39 35
13 38 36
13 40 38
12 37 37
11 34 37
12 35 38
17 36 37
15 37 37
12 37 35
8 39 34
11 39 34
10 39 33
16 37 36
14 37 35
12 37 34
11 36 37
7 39 35
4 38 36
13 39 36
15 39 39
16 36 39
13 36 38
11 37 38
12 38 37
8 40 37
6 39 37
13 38 37
15 38 35
16 36 34
18 38 33
17 38 34
13 38 35
10 41 35
3 39 36
4 41 37
12 40 41
14 39 37
17 38 36
16 39 37
14 37 36
8 40 38
5 41 37
2 41 37
11 39 35
12 37 34
18 37 33
20 36 33
18 37 33
15 37 34
11 38 34
0 39 35
7 41 40
13 39 38
15 38 37
20 37 36
18 39 37
12 40 37
7 37 38
0 40 37
5 37 36
9 37 34
11 37 34
15 36 32
19 32 32
19 35 31
15 36 33
9 36 33
3 38 34
8 39 39
11 37 34
17 37 35
17 40 36
16 37 37
11 40 40
4 40 40
1 39 40
7 35 38
7 36 34
12 34 34
16 35 33
18 35 32
17 36 31
14 37 34
3 40 34
11 38 37
15 38 37
13 37 37
12 38 39
10 40 39
7 39 40
3 41 41
6 36 36
8 36 35
13 34 33
13 36 33
15 35 32
15 36 33
13 35 32
7 36 33
12 36 35
12 37 37
17 37 36
17 37 37
12 39 38
10 39 39
9 41 40
1 39 39
10 37 36
8 37 36
9 35 34
12 35 32
13 36 33
14 36 33
13 35 34
12 36 34
14 35 35
14 37 37
13 38 35
15 35 37
12 38 35
11 42 38
6 43 38
5 42 39
3 44 41
7 38 38
7 37 36
11 36 35
12 36 32
14 34 32
15 36 33
16 36 32
11 36 33
12 34 34
12 38 37
15 39 36
15 36 36
10 41 38
9 41 39
6 42 42
4 40 39
9 39 38
5 36 36
8 35 35
13 36 32
13 37 32
15 35 32
14 36 32
13 36 33
12 37 35
11 37 38
14 37 35
16 37 35
10 39 37
11 39 38
8 40 39
4 41 41
7 39 38
5 37 37
7 37 35
10 35 33
13 35 34
16 36 33
15 36 33
14 35 33
11 37 35
11 37 34
10 38 37
12 37 36
7 40 35
10 39 38
11 40 38
11 41 39
7 40 38
6 40 39
3 35 35
8 34 35
11 37 33
14 36 34
15 34 33
15 35 33
15 35 32
11 37 34
12 38 38
9 39 37
13 36 36
10 39 36
11 40 38
13 40 38
10 40 38
0 41 41
7 36 37
5 31 36
9 35 36
10 39 37
11 35 35
17 35 37
17 39 36
12 36 33
16 35 38
10 38 34
5 38 35
10 39 35
11 41 32
10 40 34
12 39 33
10 41 37
4 40 38
9 40 40
8 36 39
8 36 37
11 34 35
13 35 35
14 35 35
16 35 35
14 35 34
8 36 33
12 39 32
9 38 36
11 38 35
14 36 36
13 41 38
10 41 40
10 40 40
8 40 38
4 41 39
7 37 35
6 36 34
12 35 33
12 36 33
15 36 33
20 36 34
16 37 34
9 36 35
11 34 34
10 37 39
11 39 35
10 37 36
12 39 37
11 41 38
12 41 39
9 39 38
2 41 40
6 36 35
7 37 35
12 34 34
11 35 32
13 36 32
18 35 32
19 36 32
18 37 33
11 37 34
7 36 36
6 39 39
14 38 38
11 41 37
11 39 39
13 42 39
10 42 39
6 37 37
5 37 36
6 35 33
8 36 32
14 37 31
14 35 32
16 36 32
16 36 34
14 38 34
9 39 36
11 39 37
14 39 37
10 39 38
12 39 38
13 39 39
13 39 39
13 38 37
14 38 37
13 38 36
11 37 35
10 36 35
13 38 34
13 37 34
13 38 34
13 37 34
13 38 35
13 38 36
13 38 35
12 38 36
13 40 36
12 40 36
14 40 36
12 38 34
12 38 35
13 38 35
12 37 36
13 37 36
12 37 36
12 38 35
13 38 36
12 38 36
12 38 36
13 39 36
13 38 34
12 39 36
13 38 36
14 37 35
12 39 36
12 38 36
12 38 36
12 37 35
12 38 36
13 38 36
13 37 35
12 37 36
12 37 36
12 39 36
13 38 35
13 38 37
14 38 36
14 39 36
13 38 35
12 38 35
12 38 35
14 37 36
14 38 35
13 39 35
13 38 35
12 37 36
14 37 35
13 37 35
11 37 35
12 37 37
11 38 36
13 38 36
12 38 36
12 37 36
12 38 35
13 38 36
13 38 36
12 37 35
12 37 35
14 38 35
12 39 36
12 38 36
13 39 36
14 38 36
12 37 36
12 37 34
12 37 35
13 38 36
13 38 35
12 38 35
12 38 36
12 38 35
12 37 36
12 38 35
12 38 36
13 38 35
13 38 35
13 38 34
13 39 36
12 40 36
11 43 37
10 46 37
10 50 36
11 53 36
14 54 37
19 53 38
24 49 40
32 46 38
37 39 39
41 35 40
42 35 43
42 34 48
40 33 52
39 34 53
40 34 55
42 35 53
42 36 50
42 36 51
41 34 51
41 34 51
43 36 52
43 36 52
43 35 51
41 36 51
41 36 50
