12 33 36
14 34 36
12 35 36
12 35 36
11 36 35
11 34 36
12 35 35
13 35 35
12 35 36
12 36 35
12 37 36
13 35 36
14 36 35
12 36 35
13 35 35
11 35 37
14 34 37
12 34 38
14 35 39
14 35 39
13 35 39
15 34 39
13 35 39
11 36 38
7 35 38
11 35 37
14 36 35
12 36 35
13 37 35
14 36 34
13 37 34
14 38 35
14 37 37
13 37 36
13 37 36
7 37 37
11 35 37
12 39 37
14 34 37
14 36 37
14 36 37
14 36 38
14 37 38
14 38 38
13 37 38
7 39 37
9 38 36
12 36 34
16 36 35
16 37 34
15 37 34
13 37 33
13 39 36
14 38 37
13 38 37
6 38 36
9 36 38
12 38 36
17 35 37
17 36 36
15 35 36
13 37 37
14 36 38
13 36 38
4 38 36
8 38 36
11 37 35
16 36 34
16 37 34
14 37 34
15 37 35
15 37 36
13 37 36
11 37 36
5 35 35
12 39 38
15 38 37
17 33 36
15 37 37
15 37 37
13 38 38
14 36 38
10 36 38
7 38 37
10 39 36
12 36 35
17 35 35
15 38 34
14 37 34
14 38 35
13 38 35
11 38 37
5 37 37
11 36 36
12 39 38
15 36 37
14 34 37
13 34 36
15 36 37
14 36 38
14 37 38
9 37 37
6 36 36
10 37 35
13 35 34
16 34 33
14 36 32
15 41 34
14 37 36
13 36 37
12 40 37
6 38 36
8 36 37
12 36 36
17 32 34
15 35 34
12 36 35
15 38 36
15 37 36
14 36 36
9 36 35
6 37 34
9 35 33
13 35 34
17 34 34
14 35 34
14 35 34
12 37 34
12 36 33
13 37 36
8 36 36
8 35 36
11 36 38
13 34 34
14 34 36
14 35 36
14 34 36
15 35 36
15 37 38
10 38 36
7 39 39
9 38 35
12 36 35
18 37 35
15 37 35
14 34 34
14 38 35
14 38 36
12 37 35
5 37 36
11 34 36
13 39 37
13 35 36
15 33 36
15 35 36
15 37 38
16 36 39
13 36 39
11 35 36
4 37 37
9 36 34
12 35 33
17 35 34
16 36 35
14 36 35
14 38 36
12 37 36
12 36 37
7 36 37
10 34 38
13 36 38
15 35 36
15 34 36
15 36 36
15 36 38
14 37 37
13 36 38
5 37 36
9 36 36
11 36 34
13 34 34
15 35 33
13 34 31
15 34 34
13 36 35
12 37 35
11 39 36
6 38 37
10 35 37
10 37 37
13 34 34
15 36 35
14 35 35
14 34 34
14 35 35
13 36 34
8 36 34
6 36 35
13 36 34
12 35 34
14 34 34
14 36 33
13 37 34
14 36 33
13 36 33
12 37 35
4 35 36
11 32 37
11 35 35
12 33 35
14 33 36
15 35 35
16 36 37
14 36 37
13 36 38
7 34 36
5 36 36
8 37 33
14 36 33
16 35 34
16 36 34
12 36 34
12 37 35
13 37 34
11 37 35
5 35 36
11 35 37
14 37 35
14 35 36
17 36 36
15 35 36
15 37 37
14 38 37
13 37 38
10 38 38
6 37 37
7 36 35
14 36 35
16 37 35
16 36 35
15 35 34
15 37 34
14 37 35
12 37 36
7 38 38
8 35 37
11 40 38
15 35 37
14 35 38
14 36 39
14 38 38
15 36 37
13 36 37
9 37 36
7 39 37
14 37 36
11 37 36
14 35 35
14 37 33
14 37 34
14 37 35
12 37 35
12 37 37
6 37 36
10 35 36
10 38 37
15 33 34
17 35 36
15 35 36
13 36 35
15 35 35
14 35 36
10 32 35
2 36 35
9 35 33
10 33 35
16 37 33
15 36 34
14 37 34
13 36 35
12 36 34
12 36 35
9 35 36
7 35 36
11 37 36
13 34 34
17 34 36
14 36 36
14 36 37
15 37 37
13 36 37
9 36 35
6 37 36
13 35 34
13 39 34
14 36 35
15 35 34
15 38 35
14 37 35
12 38 35
11 37 35
9 38 35
8 37 35
12 38 37
14 36 36
16 34 36
14 36 36
15 36 36
15 36 37
12 38 37
10 37 37
5 38 38
13 36 35
11 37 35
15 35 34
14 34 34
13 36 35
16 37 35
14 38 35
13 38 36
13 36 37
7 37 36
7 36 39
14 35 38
16 35 38
14 34 37
13 37 38
14 38 39
15 35 38
14 36 39
8 36 37
7 37 38
14 36 36
12 35 35
13 36 35
15 37 35
13 36 34
14 37 34
13 38 36
13 37 36
12 38 37
8 38 37
10 36 38
13 37 38
13 35 38
16 35 37
14 37 38
15 37 39
17 37 38
14 36 39
12 36 38
6 39 36
11 36 35
12 38 34
13 37 34
14 36 35
14 38 35
14 37 35
13 38 36
14 36 34
11 37 35
8 37 38
12 35 37
15 37 37
13 36 37
16 36 37
13 37 37
13 36 39
15 36 38
14 37 38
9 38 36
8 38 37
14 36 33
13 37 35
14 37 34
15 38 36
13 38 35
14 39 35
13 38 35
10 36 35
7 38 37
12 37 36
13 37 37
14 36 37
15 35 36
15 38 37
14 36 36
14 35 38
13 34 37
12 35 36
8 37 37
9 37 36
14 37 35
10 36 35
15 35 35
15 37 35
13 38 35
14 36 35
13 36 35
12 37 36
7 36 37
8 35 38
16 37 36
13 37 37
14 35 37
14 37 37
14 37 37
14 36 37
14 35 37
10 36 37
6 36 36
10 36 36
14 36 34
11 35 35
14 35 33
13 36 34
13 36 34
13 37 35
14 37 36
12 37 36
13 36 37
13 37 38
11 36 38
13 34 39
13 35 37
13 34 39
13 34 39
14 36 38
13 34 39
13 34 39
