12 38 36
40 12 33
12 39 35
13 39 36
15 39 36
13 40 35
11 39 34
13 39 34
15 38 36
14 37 35
14 39 36
11 39 35
10 39 34
5 38 34
16 38 36
15 35 35
13 35 33
16 37 35
16 36 36
14 37 36
15 38 36
15 38 38
10 39 38
1 39 33
9 38 34
14 37 33
12 40 31
17 38 33
16 37 35
16 38 34
14 38 35
9 40 34
6 40 35
8 38 34
15 37 35
12 36 34
14 36 35
17 37 35
15 36 35
15 37 35
13 35 36
8 37 33
3 38 32
13 39 35
13 37 33
14 36 33
17 37 32
16 37 33
15 37 34
12 37 33
9 39 35
4 39 34
16 38 37
11 36 32
15 38 36
18 37 36
17 36 36
16 38 37
16 38 38
11 38 36
0 40 35
11 38 36
12 38 34
14 37 34
16 36 35
17 38 33
17 39 34
14 39 35
8 39 35
2 38 33
14 37 37
12 36 36
15 36 37
16 38 37
17 35 36
15 38 38
16 38 38
11 38 38
2 39 36
7 39 36
14 38 34
13 38 33
14 37 34
16 37 34
16 37 33
15 38 33
10 38 35
4 38 35
10 38 36
12 36 35
14 36 35
15 37 35
16 37 35
15 37 37
17 37 37
14 39 38
7 38 36
5 40 36
12 40 35
12 36 35
15 38 35
18 37 34
17 36 34
14 37 33
12 38 33
7 39 35
8 39 34
13 35 36
13 35 35
16 36 36
17 37 38
16 38 38
17 37 38
13 38 37
3 38 35
7 39 36
12 37 36
12 36 35
16 38 35
15 39 34
15 38 34
16 38 34
10 38 35
3 38 33
15 38 38
12 36 36
14 36 37
15 37 37
17 37 38
15 38 37
18 38 38
13 38 38
5 38 36
6 40 36
12 40 36
12 38 35
15 37 35
17 37 35
16 37 34
15 38 34
11 37 36
3 38 35
13 38 38
12 35 37
13 36 36
17 35 38
18 35 37
15 37 38
17 38 38
11 37 38
0 40 36
14 39 36
11 39 34
13 37 33
17 37 34
17 37 33
14 38 34
14 39 34
10 38 35
3 39 34
14 37 35
11 36 35
14 37 36
17 37 36
16 38 35
15 37 36
16 37 37
11 37 36
0 40 34
11 40 34
11 36 34
13 37 33
16 37 34
17 37 34
16 38 34
15 39 34
9 38 34
1 38 33
15 36 37
11 35 35
16 37 37
18 36 37
17 39 38
15 38 37
16 39 37
11 39 38
1 39 36
10 40 35
13 38 35
12 37 33
16 38 34
17 37 34
16 38 33
14 39 33
10 38 34
5 39 35
13 38 35
11 36 36
15 37 36
17 37 35
17 38 35
15 38 37
16 40 38
12 38 37
1 40 35
8 40 35
12 38 35
12 38 33
15 37 34
17 37 34
17 38 34
17 40 35
12 39 35
8 40 35
5 38 33
15 38 36
12 35 34
16 37 34
17 38 37
15 38 36
14 37 37
14 38 37
10 39 36
1 41 35
12 38 34
13 39 34
14 38 33
16 37 33
17 38 35
15 39 33
13 39 35
9 39 35
3 38 34
16 40 38
11 37 35
12 36 37
17 37 36
17 36 36
16 37 37
16 38 37
13 38 37
6 39 35
5 40 35
13 41 37
13 38 35
14 39 34
16 38 34
14 38 33
15 38 34
10 39 35
4 40 34
11 39 37
14 37 36
14 37 36
16 37 35
17 37 36
14 37 37
17 38 37
12 38 37
1 41 36
9 40 35
12 36 34
12 35 33
16 36 33
17 34 33
17 38 33
15 39 34
9 38 34
8 40 35
7 37 34
14 36 35
11 37 36
15 37 36
19 35 35
17 38 36
17 37 36
13 38 38
6 37 34
4 38 35
11 38 34
11 37 34
14 37 33
16 36 33
16 39 32
16 38 35
12 39 35
4 38 35
12 38 35
11 35 35
12 35 34
17 37 36
15 36 35
15 38 36
17 38 36
14 39 38
11 37 36
0 40 35
13 39 35
12 36 34
15 39 34
16 37 33
15 38 33
16 39 34
12 39 34
9 40 36
5 38 35
16 36 36
14 35 35
15 38 36
18 36 37
16 38 37
16 37 37
14 38 38
9 37 36
1 39 35
12 41 35
11 38 34
13 39 34
17 36 34
16 39 32
15 39 34
13 40 35
9 39 35
2 39 34
14 37 37
12 36 36
15 37 36
17 36 36
16 37 37
14 37 37
16 37 38
11 38 37
5 39 36
10 39 35
12 38 35
13 37 33
16 36 35
17 36 35
14 38 35
14 38 34
11 38 34
2 38 34
14 39 39
14 36 38
12 35 35
17 37 36
17 36 35
16 38 37
16 37 37
13 37 39
6 38 37
6 39 36
13 39 36
10 36 34
14 38 35
18 37 34
16 38 33
14 36 33
11 38 34
7 38 35
9 38 36
12 36 37
10 35 36
17 36 37
18 35 36
15 39 37
16 38 38
14 39 38
8 38 37
4 40 36
12 39 37
10 38 34
13 38 33
16 36 34
17 36 33
16 37 33
13 39 35
9 38 34
2 38 33
15 38 37
11 35 35
17 36 37
17 36 37
15 37 37
15 39 37
16 39 37
13 38 36
3 40 36
11 41 36
11 37 36
10 36 34
14 37 34
17 36 33
17 38 35
15 37 35
11 38 35
6 39 35
9 38 37
15 36 38
12 35 37
16 37 37
16 35 37
16 36 37
18 37 38
13 38 37
0 39 36
13 39 35
14 38 36
11 38 34
14 36 34
14 36 33
15 37 33
14 38 33
11 39 35
8 39 35
10 37 35
16 35 36
10 36 36
14 36 37
16 39 36
15 37 36
17 39 37
14 38 37
9 38 37
6 40 35
14 40 35
15 39 34
9 39 33
14 38 35
14 40 34
15 38 32
13 41 35
12 40 34
6 38 33
18 39 37
14 34 34
11 38 35
13 36 33
13 35 34
13 36 34
14 36 33
15 37 34
14 36 36
11 38 35
4 38 35
15 37 36
12 39 34
12 40 33
15 39 33
14 39 33
15 40 33
14 39 33
13 37 34
12 39 34
