37 39 46
38 39 46
37 41 43
35 42 42
30 44 46
25 39 44
19 41 46
15 45 52
12 38 46
15 36 44
14 34 41
13 36 40
11 40 40
13 38 39
11 39 39
10 36 38
6 37 38
9 35 33
13 33 32
10 33 29
13 32 31
13 36 34
12 35 35
14 36 35
12 35 37
11 37 34
7 37 36
8 35 34
11 36 37
16 35 35
16 36 36
13 35 37
13 35 38
11 37 37
12 37 38
13 37 37
12 37 37
12 37 37
11 36 37
12 36 39
12 37 38
14 37 40
14 38 39
13 37 40
13 37 40
12 37 39
12 35 39
13 35 39
10 34 37
12 35 37
14 35 37
13 35 36
13 36 36
15 36 37
14 36 35
12 37 36
10 36 36
7 35 36
7 35 37
13 34 37
12 34 36
17 34 36
19 35 37
18 35 38
15 35 40
11 34 39
4 34 38
5 37 40
9 34 36
9 30 29
15 32 32
18 37 34
17 36 35
12 36 34
8 37 36
4 37 36
11 35 36
11 36 35
15 34 35
19 34 36
18 37 37
15 36 39
14 39 41
7 44 41
7 44 39
10 44 36
13 44 36
16 45 36
18 45 39
18 49 41
21 49 41
22 49 44
23 50 43
21 48 49
13 47 42
19 39 43
23 38 44
22 37 45
18 35 45
19 32 50
22 30 49
20 28 52
21 27 49
24 27 51
23 28 48
21 32 53
20 32 50
20 24 50
18 31 42
20 30 41
22 30 47
22 32 49
20 34 51
18 36 54
21 37 47
20 37 48
17 36 45
13 41 44
11 42 44
9 40 42
9 41 43
15 42 40
16 40 41
20 38 39
21 36 40
20 38 38
16 41 41
14 41 40
12 40 40
5 41 41
9 40 39
9 40 40
12 38 40
15 38 41
15 38 41
16 43 41
16 45 40
17 47 40
17 47 38
22 46 39
21 46 38
23 46 40
24 47 40
26 43 39
25 48 42
26 48 39
25 49 41
25 50 41
26 50 40
26 54 33
27 50 35
28 52 33
27 50 33
27 54 29
26 50 29
25 52 29
27 50 27
26 52 28
26 51 28
27 55 29
27 52 29
25 53 31
29 53 31
27 50 31
25 50 35
25 45 32
31 45 40
22 45 37
20 49 44
13 46 35
12 48 40
12 46 35
11 44 37
14 43 35
16 42 37
15 40 38
14 38 36
12 38 35
11 37 34
12 37 34
10 38 35
13 38 36
10 36 37
15 36 38
14 36 38
12 37 39
13 34 38
14 37 37
12 37 37
12 35 37
11 37 37
13 37 38
12 36 37
13 35 37
14 36 36
12 34 38
12 35 37
12 37 36
12 36 35
10 35 33
13 35 34
12 40 35
13 39 37
12 39 37
13 39 37
13 38 39
16 38 38
15 37 39
15 38 39
14 40 39
14 40 40
15 39 40
16 40 41
16 41 40
12 40 40
9 43 39
8 38 39
11 38 36
17 42 37
17 39 37
17 39 37
15 39 38
15 38 38
13 38 38
2 38 38
13 36 36
9 37 35
12 37 33
14 37 34
13 36 34
14 36 33
13 35 37
15 33 36
6 37 36
6 37 35
11 39 40
14 35 38
18 35 38
18 36 38
13 36 39
10 36 40
3 37 42
12 35 38
11 37 38
8 36 35
11 35 34
14 37 34
15 36 36
17 35 37
16 35 38
9 35 38
4 37 37
12 34 37
11 36 36
15 36 35
17 36 34
18 36 35
16 35 35
13 37 37
7 36 37
1 36 37
8 36 37
11 36 37
11 36 35
14 35 34
17 35 32
17 37 33
12 36 34
5 34 33
6 35 33
10 35 37
11 34 36
18 34 36
18 36 35
13 37 36
11 37 35
6 37 37
2 37 37
10 36 37
11 35 35
12 38 36
15 35 34
15 35 34
13 36 33
9 36 33
9 36 32
10 36 33
11 36 34
14 35 36
17 36 37
17 37 37
14 37 38
11 35 38
4 37 37
5 37 37
9 36 34
12 37 34
15 37 34
16 35 33
16 36 33
12 36 33
8 34 32
6 35 32
12 34 35
13 33 35
17 33 36
17 35 36
15 35 37
13 36 37
10 36 38
4 35 37
8 36 37
9 33 35
10 34 33
15 34 32
16 35 33
16 35 33
13 36 32
11 34 32
4 36 34
9 37 38
10 33 36
15 32 36
15 34 36
12 36 38
13 36 36
12 35 37
11 34 36
9 35 36
10 35 35
13 33 33
12 34 33
11 35 32
11 34 32
12 35 32
10 35 33
12 35 32
12 35 33
12 36 33
12 34 34
11 35 34
11 33 33
11 36 34
10 35 35
11 34 34
8 34 34
13 33 36
14 31 35
10 28 34
12 30 36
11 29 35
13 31 36
12 31 35
12 30 36
10 31 35
12 32 35
11 32 35
10 32 35
10 31 34
11 32 33
10 32 34
12 31 34
11 33 34
10 33 35
11 32 35
13 33 35
11 31 34
12 32 35
11 32 35
12 32 35
11 32 34
11 32 35
12 32 34
10 32 34
11 31 34
11 32 35
11 33 34
11 31 34
11 33 34
12 32 35
11 33 34
11 32 35
12 32 34
12 33 35
11 32 35
12 33 35
11 33 34
11 33 35
12 33 35
12 32 35
11 33 35
11 33 35
11 32 35
11 32 35
12 33 34
11 32 35
12 34 34
10 32 35
12 33 34
12 33 34
11 33 34
11 33 35
12 33 34
12 33 35
12 34 35
12 35 36
12 33 35
12 32 34
12 34 35
11 32 35
12 34 34
11 35 36
11 34 34
11 36 34
11 37 35
13 37 33
13 37 34
13 36 34
14 37 35
13 35 35
10 36 36
8 36 36
5 34 35
11 32 34
13 31 33
14 31 33
15 34 33
13 34 34
14 35 33
12 33 34
11 36 36
6 38 37
5 36 39
10 35 36
11 36 35
13 37 32
14 37 31
14 35 31
13 35 32
8 35 33
4 36 33
12 35 35
11 34 36
14 32 36
17 34 37
15 35 37
14 36 37
13 36 37
7 35 38
3 36 37
6 34 33
10 33 33
13 35 31
17 35 32
15 33 32
13 35 33
9 34 32
5 35 34
10 36 36
8 32 35
16 33 36
17 32 37
16 34 38
13 35 37
10 36 38
3 37 36
7 37 37
9 38 33
10 34 32
15 36 31
15 35 31
16 35 31
13 35 33
4 33 31
11 34 35
8 36 37
14 32 37
14 32 35
18 32 37
20 35 38
20 35 36
16 34 36
13 33 34
1 34 34
4 34 28
11 34 32
15 35 33
15 36 33
17 37 35
0 35 33
0 38 37
15 34 37
20 32 37
21 34 36
16 37 36
10 35 35
0 36 32
1 36 29
16 36 33
16 35 33
19 34 32
15 37 34
12 36 33
13 38 34
8 40 36
2 34 36
7 35 37
16 31 36
18 33 35
17 34 35
12 35 37
11 36 34
1 37 31
1 37 30
16 36 32
19 36 34
17 35 34
13 34 36
10 35 34
15 37 36
0 37 35
0 34 38
13 37 38
17 35 38
19 34 36
15 36 35
13 36 34
5 38 34
3 34 29
11 34 31
14 35 32
19 35 33
15 35 33
11 32 33
0 37 33
3 37 35
16 35 36
16 35 35
11 32 33
15 36 35
16 37 34
17 36 35
17 36 35
11 37 35
7 36 35
9 38 37
3 36 34
10 34 34
14 35 32
17 36 32
16 36 31
13 37 32
8 36 32
5 36 32
7 33 34
13 34 36
13 32 34
11 35 35
15 35 35
17 35 37
15 35 37
15 36 37
5 36 38
0 36 35
7 36 32
10 36 32
15 36 32
18 35 32
16 35 32
17 36 32
10 35 31
2 37 32
6 35 34
12 35 38
10 31 34
13 33 37
14 36 37
16 34 38
16 35 37
14 34 37
5 36 36
3 36 33
7 35 31
11 34 29
13 35 29
15 33 28
13 34 28
13 35 30
11 36 32
11 35 31
9 36 34
10 35 33
11 34 32
12 33 32
12 32 30
10 34 31
11 34 33
14 32 37
11 33 38
8 34 40
10 34 41
12 33 40
11 32 39
12 31 39
13 30 38
14 30 37
12 31 38
12 30 38
12 30 36
12 29 38
11 28 38
13 27 39
13 29 38
14 30 39
13 30 38
13 29 40
13 29 39
13 28 38
14 27 38
12 30 37
12 28 37
12 30 38
11 31 38
12 30 39
11 31 39
13 31 39
13 31 38
13 31 39
13 32 39
13 31 38
14 32 39
12 32 39
13 32 39
12 33 39
13 34 39
12 34 38
9 34 39
10 30 36
9 34 33
12 35 32
12 34 30
12 35 31
11 37 32
12 36 33
12 35 34
14 35 35
12 36 35
10 34 34
9 36 34
5 32 33
14 34 37
13 31 32
14 32 35
14 34 35
14 35 37
12 35 37
13 34 37
12 35 39
10 33 38
7 36 38
8 33 36
10 30 31
9 31 29
14 35 33
14 33 32
15 35 33
14 35 33
12 35 35
5 36 34
9 33 36
10 32 39
11 27 34
14 31 35
16 34 35
15 33 37
15 33 37
14 34 38
13 35 38
10 33 37
4 36 38
10 35 34
11 33 34
11 35 33
13 35 32
15 36 33
15 36 33
13 37 34
14 38 34
8 38 36
3 38 36
5 36 34
11 39 38
11 31 33
15 35 35
18 35 35
16 36 35
16 38 36
11 36 35
2 34 34
4 37 35
9 36 35
14 34 34
15 35 34
16 34 34
16 35 34
14 35 34
8 36 35
4 35 34
10 33 35
11 33 36
12 32 35
17 36 35
18 35 35
17 35 36
14 37 36
11 35 38
4 35 38
8 34 38
8 35 36
11 35 35
15 34 33
17 36 32
15 36 34
14 35 33
9 35 32
3 34 32
11 35 35
11 32 36
14 31 36
17 34 36
16 35 38
14 35 36
13 36 37
9 35 37
2 36 36
8 37 37
10 36 34
11 34 34
15 35 32
16 36 34
16 35 33
14 35 33
11 35 35
8 35 34
5 36 36
10 37 38
9 34 38
15 33 37
15 35 36
16 35 37
14 34 35
12 35 37
12 35 36
10 34 35
3 36 35
10 33 33
6 31 31
11 31 32
13 31 32
14 31 30
14 34 31
14 35 31
14 37 36
10 38 36
5 38 36
0 34 36
14 30 35
8 27 30
13 31 32
14 34 33
16 34 35
15 35 35
15 35 36
14 37 36
5 36 37
4 33 36
8 34 33
10 34 33
15 35 33
15 36 32
15 35 32
14 34 32
10 35 33
10 36 33
10 34 34
11 37 37
13 34 36
17 35 37
15 34 37
15 35 37
12 35 37
9 36 36
4 38 36
9 38 35
10 37 34
14 35 31
17 35 31
16 36 32
14 36 33
11 35 33
7 34 32
3 37 34
12 35 35
11 34 34
15 34 35
15 35 36
17 37 37
11 39 38
12 37 37
9 39 37
6 40 38
9 39 36
10 37 34
12 38 30
13 38 29
12 41 31
9 46 33
6 50 35
9 49 37
14 49 38
22 50 40
26 47 36
34 48 36
36 46 36
38 45 38
38 43 38
40 46 36
46 55 40
47 54 36
42 50 34
40 45 36
37 40 40
39 42 37
39 48 33
38 53 32
33 54 36
27 52 28
22 50 33
14 48 31
14 48 31
13 44 33
10 44 34
8 41 37
4 39 36
3 40 36
10 39 39
10 38 38
14 36 34
17 35 35
16 35 33
14 36 33
10 35 32
5 36 31
12 37 35
10 34 36
12 33 35
18 34 36
17 34 38
16 35 37
11 35 36
7 35 38
1 37 35
9 35 37
8 35 33
13 34 34
15 36 33
17 36 34
15 35 33
11 33 33
7 34 33
9 34 33
8 35 36
12 35 36
18 35 35
18 38 36
15 36 36
12 35 37
6 36 37
3 39 38
10 36 38
7 33 36
14 35 34
14 35 33
17 37 33
17 36 33
15 36 32
8 34 32
5 35 35
10 36 37
9 34 35
17 33 34
18 37 36
16 36 36
13 37 37
7 36 37
2 36 37
10 37 38
7 35 35
11 35 32
13 36 32
17 34 32
16 34 34
14 35 33
6 34 33
4 38 34
10 35 34
10 35 35
10 35 35
19 37 36
18 36 36
14 37 37
10 34 36
5 35 38
3 36 38
9 36 36
10 35 34
14 34 33
18 37 32
17 36 32
13 35 32
7 35 34
5 36 34
10 35 35
11 36 37
15 32 36
19 34 35
19 35 35
16 37 36
9 37 36
5 36 37
3 36 39
8 35 37
10 33 36
13 36 33
15 37 33
15 35 33
14 35 31
10 36 34
5 35 31
11 33 35
8 33 35
12 30 35
20 33 36
18 35 37
16 36 36
13 36 38
4 34 37
1 35 39
5 35 36
9 34 35
14 33 33
16 34 33
16 35 32
14 34 33
9 35 34
9 35 35
7 33 37
7 34 36
8 36 36
19 38 37
19 38 37
16 36 38
14 35 38
10 34 37
0 36 37
5 35 34
8 36 34
11 36 33
16 34 32
16 36 32
15 36 32
12 37 33
7 36 32
6 36 33
12 37 38
14 33 36
15 32 38
16 34 36
14 35 36
14 36 35
10 35 35
6 36 35
9 38 35
6 35 33
8 36 34
15 36 34
16 36 33
13 35 33
13 35 33
7 34 32
5 35 33
13 35 34
8 33 34
15 35 36
17 35 37
16 35 36
13 36 36
8 35 36
3 37 36
8 37 37
6 35 33
12 33 31
14 33 31
18 34 31
16 34 32
13 36 33
7 35 31
4 37 35
9 36 33
12 37 36
11 33 35
16 34 36
17 35 36
14 36 35
14 36 36
8 36 37
5 36 36
8 37 37
5 35 32
10 34 33
14 35 33
17 35 33
18 36 33
14 35 33
10 35 33
6 36 33
6 34 34
13 35 36
11 33 34
16 35 35
15 36 35
14 36 35
12 35 35
8 35 36
1 38 36
9 36 37
7 34 34
10 33 33
14 35 32
18 35 33
16 36 33
15 35 32
9 34 32
7 36 33
8 35 34
12 35 37
12 32 34
17 33 35
15 37 37
15 36 36
12 34 36
9 34 38
4 36 36
7 36 35
8 33 32
11 36 33
16 35 32
18 36 32
16 35 32
14 35 34
7 35 32
5 36 33
12 35 35
11 35 37
17 31 34
17 37 35
16 35 35
13 36 36
9 35 35
7 36 37
4 36 36
8 35 34
10 35 36
10 36 34
16 35 34
16 37 32
15 34 31
10 35 33
7 33 33
9 36 35
13 37 37
11 36 38
13 33 36
14 36 36
12 37 37
13 35 38
12 36 38
7 35 38
3 34 36
11 35 33
10 34 32
13 33 30
17 35 32
15 36 31
14 34 32
11 35 32
10 35 34
7 35 35
11 37 37
12 37 36
12 35 36
12 35 36
11 36 38
15 36 37
11 36 38
3 35 35
8 34 35
8 34 31
11 32 29
13 33 31
15 34 32
14 36 33
15 35 34
13 36 36
10 36 36
8 36 37
5 36 37
15 36 39
13 33 37
12 32 35
13 34 36
13 35 35
13 35 34
13 35 35
13 35 35
13 35 36
12 35 36
8 36 35
8 36 35
9 36 33
12 36 33
13 36 31
12 38 32
14 37 31
14 37 33
12 36 33
12 38 34
10 36 34
8 36 35
4 37 34
15 37 37
17 35 34
13 34 34
14 36 35
13 37 35
13 37 34
13 38 35
14 37 35
6 38 34
10 39 33
9 38 32
11 38 32
14 39 30
14 38 32
14 39 31
13 40 32
15 39 32
12 39 32
11 37 34
11 37 33
11 36 33
13 37 35
8 35 33
11 35 34
13 35 35
12 34 35
15 35 36
15 34 35
11 35 35
11 35 35
6 35 34
4 36 36
13 36 35
12 35 34
12 35 33
15 36 34
14 37 34
16 36 34
14 36 34
8 34 34
3 35 34
9 36 35
13 34 37
14 32 33
17 37 35
17 37 34
14 36 34
11 35 35
9 37 36
4 38 38
10 37 37
10 36 35
14 35 33
15 37 34
16 35 33
14 35 33
14 35 33
9 35 34
3 35 34
8 34 34
12 36 35
10 33 34
16 37 35
16 35 36
13 36 36
12 36 36
6 36 36
3 37 35
9 38 38
8 36 34
10 35 35
13 36 33
16 37 33
16 35 33
14 35 32
7 36 33
7 35 34
10 34 35
12 35 35
12 33 35
17 35 35
16 35 36
13 35 36
11 35 38
6 35 36
4 35 38
8 36 36
9 34 34
15 37 35
17 35 33
17 35 32
15 36 32
12 36 32
6 35 32
5 34 33
12 37 36
14 33 35
18 34 37
18 35 37
15 34 36
11 35 36
9 35 35
3 39 35
9 38 38
10 35 33
12 37 34
16 36 33
18 35 33
15 35 32
11 34 33
7 34 30
3 35 32
8 36 35
11 34 34
17 33 35
18 36 35
17 35 35
13 38 36
9 36 37
3 36 37
10 35 37
9 36 34
9 36 35
14 36 35
16 34 34
14 34 34
12 35 32
7 34 32
5 35 32
15 33 34
11 32 35
15 32 36
17 35 37
15 34 38
14 34 37
10 34 37
2 35 35
5 36 36
8 36 35
12 36 35
13 34 34
16 35 33
16 35 33
15 34 34
9 34 33
5 35 34
9 33 33
9 36 36
10 33 35
17 35 35
18 36 36
15 37 38
13 36 37
8 35 38
4 36 37
10 36 35
8 35 33
9 35 33
15 35 33
18 34 33
18 35 33
14 35 34
8 35 34
4 36 34
7 35 35
12 36 36
10 35 35
14 35 34
17 36 35
16 36 36
13 35 36
12 36 37
2 37 37
8 33 36
13 35 38
11 34 35
13 33 33
15 34 35
16 36 35
15 37 34
11 37 35
9 39 36
3 40 36
13 41 40
8 45 41
16 43 42
22 39 39
25 38 38
23 37 38
16 40 36
7 40 38
3 39 37
5 38 37
7 34 32
12 35 35
16 37 33
15 36 33
10 41 34
6 48 37
8 48 37
11 49 39
16 49 40
22 47 42
31 44 43
37 47 42
39 45 35
40 47 32
42 47 33
41 49 34
40 54 37
46 49 31
47 50 33
39 50 37
36 48 36
37 45 34
39 47 33
39 49 32
37 50 35
32 51 35
27 53 40
24 45 40
17 38 39
12 42 46
10 37 42
11 35 43
11 36 41
8 35 40
5 36 38
9 37 37
11 36 34
11 35 34
13 37 33
15 36 34
16 37 35
17 37 35
13 38 36
8 37 36
0 36 35
12 37 37
15 39 37
16 34 35
16 36 36
17 38 35
14 37 38
11 35 38
9 35 36
4 36 37
5 36 33
11 35 34
15 36 33
17 35 33
17 36 34
14 34 33
7 34 33
2 36 30
11 37 37
9 35 34
15 31 37
17 36 36
18 36 37
14 38 37
11 36 37
5 38 37
2 39 38
7 38 34
8 35 33
12 37 34
17 37 32
17 34 32
16 34 31
12 34 31
8 36 32
3 38 34
8 39 37
10 34 37
15 32 37
17 34 37
15 36 36
14 34 36
11 33 36
6 36 36
10 36 36
6 36 33
10 35 33
14 34 34
14 36 34
16 34 33
13 35 33
8 35 32
3 36 36
8 35 34
11 36 37
18 34 36
20 36 36
15 35 37
11 36 37
9 36 37
3 37 37
9 37 37
8 34 33
11 34 34
13 35 34
17 35 32
18 36 33
15 35 33
8 36 33
3 36 32
7 35 36
11 35 36
17 34 36
18 36 36
17 34 36
11 35 36
10 35 36
7 36 36
3 37 36
7 37 36
10 34 31
14 33 32
18 36 32
18 35 32
15 36 32
8 34 33
8 34 33
5 32 32
12 36 38
13 34 35
18 35 36
18 36 37
15 37 36
14 37 36
5 36 36
0 36 35
8 31 36
12 29 33
11 32 30
15 35 31
16 34 33
16 34 32
12 34 32
12 34 33
7 35 32
13 34 35
7 34 33
13 32 33
16 35 35
16 33 37
13 36 38
12 36 36
7 35 37
4 35 38
9 36 36
7 33 34
12 34 33
15 36 34
18 36 33
17 34 33
12 36 34
8 34 35
3 36 35
11 34 36
9 35 34
19 35 35
17 39 36
16 41 37
13 36 39
11 34 37
7 40 36
7 36 36
9 36 32
12 34 32
15 35 34
16 35 33
16 34 33
13 36 33
7 35 34
3 36 34
7 36 37
13 36 36
14 33 34
18 34 36
17 37 36
14 35 37
12 36 37
5 35 37
7 35 38
9 36 34
10 34 34
15 36 33
14 34 34
16 36 33
18 36 33
14 36 35
8 35 33
4 34 34
7 37 36
12 36 41
14 34 36
15 36 35
15 38 34
17 39 36
14 35 35
14 36 36
12 35 37
5 37 36
6 35 37
9 35 32
8 35 31
13 35 31
16 36 32
15 37 32
16 40 36
14 39 39
13 42 40
10 42 42
11 44 43
13 43 40
14 42 39
13 42 41
14 40 42
15 45 48
21 43 47
26 43 45
32 38 46
35 39 45
35 41 45
35 42 47
32 38 49
33 41 53
36 36 52
38 35 52
36 35 52
36 36 53
37 36 54
38 35 52
36 38 52
35 39 52
