30 39 50
30 39 50
28 37 50
26 39 46
28 41 44
25 44 42
23 46 42
17 49 41
14 52 37
11 46 36
13 43 37
13 43 38
13 43 36
11 40 35
11 40 36
11 36 34
7 39 33
9 36 31
11 33 30
10 34 30
9 34 28
13 37 29
15 38 31
16 36 31
15 38 32
15 39 31
12 39 30
6 38 27
9 37 32
12 37 32
11 34 32
15 37 35
16 38 36
16 37 35
15 38 35
13 38 34
5 37 31
4 35 29
8 35 29
12 35 27
16 35 30
16 39 29
17 43 32
17 42 33
13 43 32
11 42 30
2 40 30
13 37 34
10 33 30
10 35 31
11 36 32
12 37 32
16 38 33
18 38 35
17 41 35
15 43 37
9 44 35
5 43 34
10 42 33
10 40 31
14 38 30
16 38 30
18 39 31
18 39 32
13 40 31
8 39 31
3 40 32
16 36 34
9 37 34
13 37 35
15 37 35
18 39 35
19 38 36
18 40 36
12 40 38
8 41 37
7 39 36
7 40 38
11 37 34
7 36 33
14 36 32
15 39 34
16 40 33
19 37 33
18 38 34
11 39 32
5 40 31
9 38 35
8 39 35
11 38 32
15 36 34
14 40 34
15 40 36
14 39 37
12 41 37
10 40 40
2 38 37
9 37 35
8 36 31
11 35 33
13 38 31
13 39 31
17 38 32
18 38 32
16 39 32
13 40 32
6 41 31
12 39 34
7 40 35
12 38 33
15 38 37
16 38 37
16 37 38
13 38 38
10 38 38
0 40 37
10 39 34
8 37 29
9 35 30
14 39 30
15 39 31
20 38 31
21 38 31
18 39 30
16 40 30
6 42 31
9 43 36
4 43 37
12 40 34
17 40 33
17 39 32
18 39 32
13 40 34
8 40 36
4 41 38
9 38 35
14 34 32
9 35 29
15 37 26
15 34 28
16 37 29
15 37 31
13 40 31
9 40 30
0 38 29
15 33 31
8 31 30
14 35 31
17 35 32
14 37 35
15 39 35
12 37 35
13 38 36
12 38 34
2 40 35
11 38 33
9 37 30
12 36 30
15 37 31
16 37 31
16 39 33
16 37 32
11 39 32
7 39 34
8 39 36
12 39 38
9 39 34
17 37 36
17 38 36
14 39 38
14 40 40
13 40 40
14 38 39
9 41 37
8 42 37
14 40 31
15 39 30
15 40 28
18 40 29
15 39 29
14 40 30
12 39 31
5 41 32
7 40 37
8 40 37
12 38 36
16 38 35
18 39 36
17 42 37
18 43 38
16 43 38
15 42 37
8 42 36
6 44 36
10 41 33
10 39 35
13 39 33
14 39 34
14 39 35
14 38 35
13 37 35
8 37 33
11 38 37
10 38 35
11 35 36
17 38 37
18 39 40
17 41 41
15 39 42
14 39 43
10 38 39
7 37 37
17 41 38
12 42 33
18 46 34
16 45 37
16 45 38
17 43 40
16 42 42
17 42 41
18 40 41
18 42 39
10 46 37
14 45 35
8 40 35
14 41 34
17 40 38
17 43 38
18 42 39
19 45 41
17 44 40
10 44 35
9 47 35
15 44 32
15 44 31
16 42 31
15 42 32
15 43 31
14 42 31
15 42 29
15 43 28
16 40 27
12 41 25
14 45 27
12 41 30
12 44 32
14 41 32
14 41 33
14 41 34
15 39 34
15 39 32
6 38 31
10 39 35
14 44 34
14 44 35
15 42 37
13 40 36
13 40 35
14 38 36
13 40 35
14 40 35
10 38 35
10 41 33
11 38 33
12 40 32
12 37 32
15 39 31
14 40 31
15 40 32
14 41 34
14 41 36
15 41 36
12 41 35
12 39 34
5 39 30
14 37 34
14 36 33
12 35 32
16 37 34
16 39 35
13 39 36
13 39 38
14 38 36
11 38 35
9 38 33
5 36 31
14 33 29
11 32 28
12 35 27
13 33 29
14 36 29
14 36 28
13 37 29
8 37 29
12 36 33
12 33 32
12 34 30
12 38 34
13 37 34
14 39 34
15 39 34
15 41 34
16 40 34
12 42 33
8 41 32
3 41 30
15 40 32
11 39 29
14 41 26
14 41 26
15 42 26
13 44 27
14 42 29
14 44 31
16 45 30
17 47 31
18 48 33
17 48 34
19 48 34
17 46 35
17 46 35
21 46 36
22 47 36
24 51 37
24 51 38
23 52 37
23 51 38
20 52 38
18 56 37
22 48 36
23 49 35
22 49 35
23 46 36
25 48 36
24 47 36
25 49 37
23 50 37
18 52 37
12 52 37
16 48 35
16 50 38
21 47 36
23 47 37
25 46 37
24 47 39
22 48 39
18 46 37
12 46 36
12 46 37
14 42 33
9 43 34
12 41 34
15 41 36
15 40 35
18 40 35
14 40 35
11 40 34
6 40 32
8 40 35
15 39 35
12 37 33
16 37 35
17 39 37
16 40 37
15 40 38
13 42 38
11 41 37
7 41 34
6 41 36
14 40 33
9 40 31
13 38 30
14 39 29
15 38 28
16 37 29
14 38 30
13 38 31
14 39 33
7 39 33
16 40 34
9 42 34
14 41 32
15 38 33
15 40 32
15 40 33
14 40 33
10 40 32
7 39 31
9 40 31
12 33 31
11 33 29
15 38 27
14 36 28
14 37 28
13 38 28
11 38 29
13 38 29
11 39 29
9 37 28
6 36 29
13 35 32
11 33 31
12 34 33
15 35 33
13 34 32
12 35 30
12 35 31
15 36 32
14 37 32
12 38 34
5 37 30
4 40 30
8 37 28
10 38 28
17 38 28
16 36 27
16 38 27
16 39 29
15 38 30
12 39 29
10 39 31
7 38 32
16 38 35
10 37 33
11 35 33
15 36 33
16 37 33
16 37 34
15 38 34
13 40 35
10 39 34
3 40 35
8 39 35
16 38 34
10 39 31
13 37 32
14 38 32
15 39 31
15 38 32
16 38 34
12 39 32
9 38 33
10 39 35
12 38 36
8 35 35
14 34 37
15 36 37
17 39 38
18 38 37
16 38 38
10 39 37
4 40 36
3 40 36
13 38 35
11 38 33
13 36 32
16 38 33
16 40 34
17 38 35
17 37 35
13 39 34
9 40 34
1 42 32
10 40 37
10 38 33
14 37 32
18 38 34
18 40 34
16 39 36
14 41 38
11 42 40
10 40 39
3 41 37
11 41 35
13 38 30
11 37 29
16 39 29
17 38 29
16 38 30
15 39 32
10 38 31
10 40 32
3 39 32
15 38 36
7 39 33
14 34 34
17 36 35
16 37 35
16 38 36
16 39 37
14 39 37
10 39 36
4 41 35
6 42 33
12 38 31
10 38 31
15 37 31
16 37 32
17 38 32
18 39 33
15 38 32
10 37 32
1 40 32
12 40 37
6 38 33
13 35 34
16 37 34
17 39 35
16 37 36
16 37 38
14 39 38
12 38 37
8 39 35
4 41 36
15 40 33
10 37 32
12 38 30
12 38 31
16 38 31
16 37 32
16 37 32
15 39 33
11 39 34
3 42 33
12 41 36
10 39 34
9 39 33
15 41 34
17 40 35
17 39 36
16 39 37
16 39 36
13 41 35
2 42 35
9 43 35
17 39 34
9 40 32
12 38 30
13 37 30
12 39 30
11 41 30
11 47 34
15 49 35
19 47 35
23 45 34
25 45 35
24 43 36
20 43 33
15 44 35
15 44 35
15 44 35
11 44 33
9 45 33
12 43 34
13 43 33
12 42 33
13 42 34
12 40 34
13 41 34
13 41 36
9 40 38
13 37 35
11 39 33
14 39 32
9 39 30
13 39 31
15 39 32
16 40 32
14 40 32
13 42 32
13 42 34
15 40 35
16 40 35
14 41 34
11 42 33
7 40 30
10 39 32
16 41 33
16 36 33
18 37 32
13 40 33
13 38 34
14 40 34
13 37 34
9 38 31
8 40 31
0 41 30
17 41 33
11 39 31
12 36 28
13 36 28
15 36 27
13 36 26
14 36 28
12 38 30
10 37 32
15 37 37
8 38 34
12 36 35
13 38 35
13 38 35
13 38 37
14 41 36
11 42 34
12 45 33
11 45 34
12 50 29
15 51 29
16 53 31
17 51 33
23 48 38
26 40 42
25 40 45
25 38 49
25 43 50
27 43 51
26 40 50
25 35 49
24 35 50
23 41 51
26 43 48
30 46 46
30 45 44
29 45 44
29 44 47
27 43 45
26 44 45
22 46 46
18 49 46
18 47 44
22 45 42
19 49 42
18 50 41
19 47 39
21 47 40
19 45 39
19 49 40
18 49 40
19 46 39
16 47 38
13 49 40
16 49 38
17 45 37
20 45 37
22 47 39
24 45 36
24 45 39
19 46 37
16 45 36
13 44 36
4 47 34
12 43 33
10 43 31
13 42 31
16 42 31
17 44 30
17 45 30
15 52 32
17 50 32
19 49 33
19 49 36
19 49 37
20 51 36
22 51 37
25 47 43
29 42 47
30 42 47
27 40 49
27 38 47
28 44 52
29 45 51
29 45 49
29 46 49
31 44 49
30 44 49
30 42 50
30 41 51
31 43 51
30 41 50
31 42 50
30 42 51
32 42 52
33 41 51
32 41 50
31 41 52
32 41 52
31 41 51
32 40 52
31 40 52
32 40 51
29 39 51
