9 35 36
45 9 35
12 35 35
14 35 37
12 34 36
12 33 36
11 34 37
13 35 38
13 33 37
13 33 38
12 34 37
12 33 37
13 34 37
13 33 37
12 32 37
13 34 37
13 35 36
12 35 37
11 35 36
12 37 37
12 36 36
14 37 35
12 37 36
13 37 36
13 37 36
12 38 35
12 36 35
11 33 34
13 34 33
10 37 34
9 34 35
13 35 35
12 35 36
15 33 36
14 36 37
14 33 36
14 34 35
13 35 36
12 34 35
6 35 34
11 35 34
12 36 33
11 35 34
13 34 33
15 35 33
12 34 34
13 35 33
10 35 33
12 35 35
3 35 33
12 33 35
10 33 37
14 27 34
13 33 35
15 35 35
14 34 36
16 34 35
14 34 35
3 34 34
10 33 33
11 35 35
13 30 34
15 33 33
14 35 33
14 33 34
15 36 34
12 35 34
11 36 36
3 34 35
11 33 36
14 35 36
15 31 35
15 33 34
12 35 35
14 34 37
15 34 37
12 34 36
1 35 36
10 36 36
10 37 33
13 33 34
17 34 34
16 35 34
14 35 33
13 36 33
12 34 35
8 33 35
2 34 36
12 34 38
13 35 36
16 32 37
14 35 37
14 36 38
15 35 39
15 35 38
10 34 36
2 36 36
13 35 35
11 37 34
15 33 35
14 33 34
15 35 33
15 35 33
12 36 33
12 36 35
3 36 34
12 33 36
13 34 37
13 34 35
12 34 37
15 35 38
15 36 37
13 37 38
11 35 36
1 37 35
12 36 34
12 35 33
17 34 33
16 35 33
14 34 34
14 34 33
14 36 33
11 36 34
7 37 35
8 33 36
10 36 37
14 32 34
17 33 35
14 36 35
14 34 36
14 37 36
13 35 37
2 35 35
6 37 34
11 32 33
15 34 34
15 35 33
15 33 33
16 35 32
15 36 33
12 36 36
0 36 35
9 34 37
14 34 36
16 30 35
17 34 35
14 35 35
14 36 38
13 35 38
10 34 36
6 34 35
9 36 33
11 36 33
16 34 34
17 35 34
14 35 34
14 35 32
13 34 33
13 35 35
4 35 35
10 35 37
10 35 37
18 32 36
17 37 36
13 36 36
13 36 37
12 35 37
3 36 35
9 35 35
11 38 34
12 35 34
15 34 34
14 35 33
15 36 34
14 36 34
12 36 34
5 36 33
9 35 37
14 36 38
14 33 37
17 33 36
12 37 36
14 35 37
15 37 38
14 36 37
11 35 36
4 36 36
12 37 35
10 37 35
15 33 35
16 34 35
17 34 35
14 35 33
11 35 33
10 36 36
2 36 37
12 35 38
11 35 35
15 33 36
15 36 36
15 37 37
15 37 39
12 36 38
12 36 37
1 36 37
14 36 35
9 38 34
16 33 34
16 34 33
14 36 34
14 35 33
15 36 34
13 35 36
3 36 34
9 34 37
9 37 37
18 36 34
16 34 36
13 38 34
12 35 36
13 35 36
13 36 37
4 36 35
10 36 35
8 36 33
15 35 34
17 36 34
15 36 33
16 34 33
12 35 32
11 35 34
2 36 35
11 33 35
13 36 38
15 34 34
14 32 37
15 36 36
15 37 38
15 38 37
11 36 37
1 35 38
12 34 36
11 34 36
14 35 35
16 34 34
15 32 33
15 35 33
13 35 33
12 36 34
3 34 34
12 34 38
13 36 38
13 34 35
14 33 36
16 35 37
16 38 36
14 36 36
12 33 37
0 36 36
11 36 36
10 38 35
14 34 36
15 36 34
15 33 34
15 33 32
13 35 34
12 35 35
4 36 36
11 31 38
13 33 37
14 35 35
13 33 37
15 36 38
14 35 38
13 34 37
10 34 35
1 35 36
11 35 35
10 36 34
13 32 35
16 34 34
16 35 34
15 35 33
14 35 32
10 34 32
2 37 34
12 34 36
11 36 37
14 32 34
16 33 36
17 37 36
13 36 38
13 35 37
9 35 36
4 35 36
11 36 34
8 35 34
16 33 34
16 35 33
13 35 33
17 34 33
15 37 33
11 35 35
1 36 34
12 33 37
13 36 37
14 33 34
15 33 36
15 36 35
16 36 36
15 35 38
12 34 37
0 36 36
10 34 36
10 37 33
14 33 34
16 34 32
14 34 32
14 35 33
13 36 32
12 36 34
8 36 36
4 36 36
11 36 38
14 36 35
18 33 34
15 38 34
14 36 37
14 35 36
14 35 36
10 34 35
4 34 35
12 36 34
11 35 33
15 34 34
15 35 33
14 36 34
13 34 34
11 34 34
10 36 35
5 33 36
11 34 37
11 35 36
17 33 34
16 35 36
14 35 37
15 35 37
13 35 37
11 35 37
4 36 36
9 38 34
10 35 35
16 34 35
17 35 34
14 35 34
15 34 33
12 35 34
12 33 35
2 34 36
13 33 37
13 34 36
15 32 36
15 35 38
15 36 37
13 35 37
15 36 38
11 35 36
0 35 37
15 35 34
10 37 34
14 34 34
16 35 34
13 35 33
13 33 34
14 35 33
12 33 35
6 35 33
7 35 38
14 34 39
11 35 36
14 33 37
16 35 36
15 35 37
15 35 36
12 36 37
4 35 36
8 34 36
14 35 34
12 36 33
15 33 33
13 34 32
14 34 33
13 34 34
11 35 34
12 33 35
2 34 35
14 32 36
11 36 35
14 32 35
15 34 35
13 34 36
12 34 37
14 33 37
14 34 36
5 36 34
10 34 33
11 38 32
12 34 31
16 33 33
15 37 32
12 36 33
13 36 34
12 38 34
10 38 35
2 36 33
17 35 36
13 36 34
13 34 34
16 37 35
14 37 35
13 36 36
14 32 33
10 34 32
7 33 30
14 35 32
14 34 32
13 32 28
13 34 32
12 33 30
12 31 32
11 34 31
12 33 32
11 35 33
5 34 33
14 33 36
12 36 33
9 34 34
16 34 35
16 36 36
14 36 36
14 34 36
12 35 36
10 35 35
9 36 35
11 38 35
12 34 33
13 33 32
11 33 32
13 32 32
13 36 32
13 34 31
14 34 33
13 36 34
