8 38 32
8 38 32
9 37 33
13 39 35
15 39 36
13 39 35
11 42 34
13 41 35
15 41 37
14 39 36
14 41 38
17 41 37
13 41 38
13 40 38
15 40 39
14 39 37
14 42 37
14 40 37
14 40 37
12 39 34
7 39 33
9 41 33
14 39 34
11 36 32
13 38 31
14 39 33
15 37 32
16 37 33
16 39 34
11 40 34
6 40 34
11 40 35
18 39 37
12 35 34
15 38 35
16 37 36
14 36 36
15 37 36
16 38 37
9 38 36
0 40 35
12 40 37
13 39 35
14 38 34
15 38 33
16 38 33
16 38 34
14 39 35
11 38 34
6 39 36
2 40 33
18 40 38
12 35 34
15 39 35
17 39 36
16 36 36
14 39 37
16 38 38
11 38 37
2 41 37
8 41 36
13 39 36
14 38 35
14 37 34
17 37 33
17 39 33
15 37 34
11 38 35
3 38 33
15 39 38
11 35 34
15 36 35
16 38 36
17 36 36
16 38 36
16 39 38
12 38 38
7 39 35
5 41 35
12 39 36
14 37 34
15 38 34
16 37 33
16 37 33
15 39 33
13 39 34
9 39 35
2 39 33
16 37 39
10 34 34
14 37 36
17 36 36
16 36 36
14 37 36
14 38 37
12 39 36
0 41 36
12 39 35
12 38 35
13 37 33
15 36 34
16 37 34
16 38 34
16 38 35
10 39 34
1 40 34
14 38 36
14 35 35
14 34 34
17 38 36
19 37 36
16 38 37
17 38 37
15 39 38
8 38 36
2 41 35
12 38 36
11 38 34
16 38 33
16 38 33
17 39 34
15 38 34
14 40 34
7 40 35
1 40 31
15 38 38
12 33 33
16 37 36
18 36 37
16 37 35
15 38 36
16 40 37
10 39 36
0 41 36
10 40 36
12 39 36
14 37 34
16 38 35
15 36 32
16 38 33
16 38 33
10 39 34
1 39 33
14 38 38
13 37 35
17 35 35
18 39 37
17 36 36
16 39 36
16 37 38
11 39 38
2 41 36
8 41 36
12 40 35
12 36 33
16 38 33
17 37 33
16 38 33
16 39 34
11 39 34
7 39 34
6 40 33
14 38 38
13 33 33
16 38 37
16 38 35
17 37 35
14 38 36
18 39 35
11 39 37
0 41 34
10 40 36
12 38 35
14 38 33
16 38 33
16 36 34
15 38 32
16 39 34
11 38 35
4 39 34
11 40 36
11 37 35
14 35 35
16 37 35
17 38 36
15 38 35
16 39 37
13 39 38
7 38 36
4 41 35
13 39 36
13 37 35
15 38 33
16 39 32
17 38 33
16 38 33
15 40 34
9 39 33
0 39 34
16 38 39
11 35 33
15 36 35
16 37 36
17 37 36
14 38 36
16 37 37
11 39 38
5 40 35
6 40 36
12 37 34
10 37 33
15 36 33
15 38 32
15 38 33
15 40 34
12 39 33
9 39 35
6 38 34
14 38 36
10 35 33
14 36 36
16 36 36
17 36 34
16 37 35
16 39 36
11 38 36
2 41 36
8 40 35
11 38 35
13 37 34
16 37 33
16 38 32
16 38 33
15 38 34
10 39 34
9 39 35
4 39 33
15 38 37
13 34 33
16 38 35
17 36 36
16 37 35
15 37 36
15 39 37
10 38 36
0 42 36
12 39 36
12 37 35
13 36 33
16 38 33
15 37 34
16 38 33
15 38 36
12 38 34
8 40 36
7 37 33
13 37 35
11 34 33
15 36 35
16 36 36
15 38 35
14 37 38
13 39 37
11 37 36
3 41 36
13 39 36
10 37 34
12 39 35
16 36 33
17 37 34
18 39 34
16 39 35
10 39 35
1 39 34
14 40 40
11 36 34
16 36 36
17 36 36
15 36 36
17 38 36
15 38 36
12 39 38
7 39 35
6 40 35
10 38 36
12 37 33
16 37 34
17 36 33
15 39 33
16 38 33
12 38 34
5 39 34
10 38 34
12 39 37
13 34 35
17 39 37
16 36 35
15 39 38
16 38 37
15 40 38
6 38 34
6 39 35
12 38 36
12 37 33
15 39 33
17 39 34
17 38 33
16 38 34
14 38 33
8 40 35
3 38 33
15 38 37
12 34 33
18 37 36
19 37 37
15 37 36
15 38 36
14 38 36
7 38 35
1 40 35
13 40 35
12 38 35
14 38 33
16 36 32
17 39 32
16 37 33
13 39 34
8 39 34
1 38 31
14 37 37
13 33 32
16 36 35
17 37 35
15 37 35
14 38 35
16 38 37
10 40 37
3 39 35
7 41 36
13 39 34
13 37 33
16 37 33
16 37 33
15 37 33
16 38 34
12 38 34
7 39 35
7 38 32
12 36 35
13 34 34
16 37 35
17 36 35
16 38 35
16 38 36
15 39 37
8 38 36
0 41 34
13 37 35
14 38 34
14 37 32
14 36 31
16 37 31
17 38 34
15 39 32
12 39 34
6 40 33
9 40 34
15 37 35
11 35 35
16 39 36
17 36 35
15 39 36
14 37 36
14 39 37
8 39 35
4 39 34
13 39 34
12 37 33
13 38 32
17 36 33
16 37 31
15 38 32
13 40 33
9 40 32
2 39 32
16 37 36
11 33 31
14 36 35
15 36 35
16 37 36
15 38 35
16 38 36
13 38 37
4 39 33
7 38 33
15 37 36
13 38 34
13 36 32
15 37 32
15 38 32
15 37 34
15 38 34
9 39 34
1 41 32
16 39 37
14 36 33
12 38 35
14 37 35
15 37 35
12 37 34
17 36 36
14 39 37
6 39 34
5 39 34
15 37 35
12 37 32
14 37 32
15 36 33
15 38 33
16 39 33
14 37 34
12 39 34
7 39 34
7 38 33
17 37 37
13 34 33
13 38 36
15 37 38
14 37 37
13 39 36
16 39 37
15 39 36
17 39 37
14 38 37
6 38 35
13 37 34
12 35 35
13 38 35
11 38 32
