17 39 42
15 39 42
16 41 41
15 40 42
15 40 41
17 40 42
16 40 43
16 39 42
17 41 43
17 39 43
16 39 43
17 41 44
17 41 45
20 43 44
19 45 45
14 45 45
19 43 44
21 41 44
19 43 45
20 43 45
22 42 46
21 42 45
18 44 45
17 43 47
20 41 44
18 41 44
17 42 42
18 42 45
17 40 45
21 40 45
21 39 45
23 41 47
24 42 47
20 42 47
19 43 49
18 45 47
16 45 46
22 41 43
24 44 43
22 48 45
25 43 46
23 43 45
22 44 45
22 46 45
20 46 47
19 48 47
19 45 47
18 41 43
19 40 41
23 40 44
23 41 45
22 42 47
23 41 47
20 44 49
20 43 47
16 49 48
21 44 44
24 45 43
21 46 43
25 44 44
24 47 44
25 46 44
23 48 45
21 47 48
17 48 45
17 44 45
17 41 41
20 43 42
21 40 41
22 41 43
23 41 44
21 42 44
18 43 46
18 45 45
17 45 47
15 44 44
20 43 42
17 42 42
18 42 41
20 42 42
20 41 41
21 40 44
17 43 45
16 43 48
14 43 46
18 42 44
16 42 42
17 42 43
21 45 42
21 43 45
21 43 47
25 38 50
25 36 52
27 38 51
29 44 50
21 44 50
26 43 47
23 41 47
24 41 47
26 40 46
25 43 46
25 44 48
26 45 49
23 44 50
19 44 51
20 40 48
20 40 46
22 41 45
20 40 45
24 41 46
23 40 47
21 41 47
18 42 48
18 42 47
20 43 45
15 47 45
20 44 45
23 44 42
18 46 43
22 45 41
23 46 43
23 47 43
23 47 46
21 46 45
22 46 43
21 46 48
17 44 46
15 45 42
17 41 42
18 41 43
19 44 43
19 44 43
19 43 43
20 45 42
19 45 43
20 45 42
21 45 41
17 46 41
14 46 45
16 43 41
16 45 41
15 44 40
17 42 41
19 44 40
18 43 42
20 45 42
20 43 44
20 44 43
21 44 43
18 45 44
17 45 47
19 41 47
21 39 44
19 40 44
20 40 47
20 41 47
19 40 49
22 39 47
22 40 45
20 42 45
18 40 41
11 41 43
10 39 44
14 38 44
17 38 44
16 38 43
16 40 42
17 39 42
16 41 42
15 41 42
17 41 42
16 40 43
17 42 43
16 41 43
16 40 43
15 39 42
15 40 42
15 40 42
16 40 41
14 40 43
15 40 42
15 39 41
17 40 41
15 39 42
16 39 41
15 38 42
15 39 40
16 39 41
15 40 42
