63 28 38
29 40 50
28 39 53
27 38 49
28 41 47
29 39 47
31 40 48
29 47 49
27 50 43
27 53 43
26 53 39
27 51 40
26 49 38
25 53 37
24 52 37
16 51 38
22 54 37
21 52 31
23 51 34
25 50 35
24 48 38
21 47 28
23 51 30
20 48 28
20 45 26
19 44 29
15 42 30
10 47 33
9 42 35
9 42 36
10 42 35
13 39 33
11 38 32
13 38 31
16 38 31
17 41 33
14 39 32
5 42 32
4 43 34
11 41 33
10 40 32
13 36 31
14 38 32
15 39 31
15 38 31
12 37 30
10 37 29
8 38 32
17 40 35
10 40 34
12 34 35
17 36 38
15 39 35
16 40 38
15 43 37
13 44 37
3 46 37
11 43 32
7 37 31
12 39 31
16 38 33
17 38 31
18 37 30
16 36 31
13 38 33
8 40 32
8 39 33
11 38 36
10 39 33
13 35 35
16 38 36
16 38 37
17 37 37
12 39 39
6 39 37
2 39 36
12 37 33
7 36 30
11 38 30
17 40 30
17 41 32
17 45 34
19 44 37
18 47 36
18 47 38
14 50 37
17 49 36
16 49 35
21 47 36
23 47 37
25 47 39
25 47 39
27 49 41
26 51 39
25 53 40
19 57 38
20 53 36
21 51 34
24 48 34
25 49 36
25 48 35
26 48 37
28 49 36
25 51 36
21 52 35
17 51 36
17 50 35
16 49 33
17 47 35
20 47 36
22 47 37
22 48 39
21 49 37
17 50 37
11 49 37
17 45 35
16 42 34
12 44 31
14 40 30
14 38 31
13 37 31
14 39 32
14 40 32
11 41 33
4 41 34
18 42 35
7 43 36
16 39 35
16 40 33
15 42 32
16 44 34
17 45 34
16 45 34
11 46 33
11 50 34
16 44 30
18 44 30
20 45 30
18 47 31
18 46 32
18 46 34
17 45 32
15 47 33
9 47 34
16 44 35
15 42 32
16 44 33
18 45 35
17 45 35
17 46 36
17 46 37
19 44 35
13 47 35
7 49 34
16 44 35
10 43 34
13 42 34
16 42 35
16 43 34
17 42 34
17 44 34
16 45 33
12 47 34
17 47 34
17 47 35
22 45 36
21 48 36
21 48 38
22 49 39
22 49 38
19 49 36
9 51 33
17 49 35
15 47 32
16 45 33
20 46 34
21 45 33
20 46 35
22 47 34
23 47 37
20 48 36
18 49 35
7 49 33
15 45 34
15 46 32
17 48 32
18 51 33
22 51 33
22 51 36
24 51 35
25 52 35
26 52 36
23 54 34
17 53 32
16 49 32
18 47 30
20 47 30
20 48 32
21 47 31
22 47 31
21 48 31
19 47 29
14 48 31
13 46 32
11 46 33
12 43 30
12 41 33
11 42 34
7 49 31
9 54 36
19 55 34
24 54 34
28 57 35
32 51 36
37 42 37
41 37 38
45 37 41
45 37 43
52 38 43
48 40 43
50 39 41
47 41 43
45 41 44
45 38 42
44 37 41
43 39 40
40 42 38
35 45 38
32 48 39
27 54 41
18 56 38
11 54 39
7 47 34
10 49 36
9 45 33
15 41 32
17 40 32
14 39 33
13 39 33
14 40 35
14 39 35
11 38 32
5 39 29
7 37 28
12 34 30
11 34 29
13 34 29
14 35 29
13 38 29
15 38 28
15 38 28
14 39 28
14 38 29
8 39 28
7 40 34
13 40 35
9 37 35
13 35 38
14 37 37
15 39 36
16 45 34
18 45 32
19 44 30
17 43 29
11 45 27
12 44 25
12 44 27
12 46 29
14 45 30
17 45 30
17 46 31
20 47 32
20 47 33
20 48 34
19 49 34
15 48 34
15 50 37
16 46 36
14 45 34
16 43 36
20 45 37
19 45 38
19 45 39
21 44 39
21 44 38
18 47 39
17 50 40
12 51 40
15 47 38
16 45 36
15 46 37
16 43 36
17 41 38
16 41 37
18 38 39
18 37 37
15 38 35
4 40 33
5 40 34
10 40 32
9 40 31
15 37 31
16 39 33
17 39 34
17 40 37
15 40 39
10 40 37
6 39 37
5 39 37
13 36 36
12 36 34
11 37 33
16 37 33
14 39 34
16 39 34
16 39 35
14 41 36
13 42 35
5 43 33
12 44 38
16 39 34
12 40 34
12 40 33
17 43 36
17 43 37
18 44 39
18 47 38
18 49 38
13 51 36
11 51 35
16 47 34
16 45 34
19 43 34
20 41 32
19 40 34
17 42 35
14 44 36
11 44 35
8 44 35
17 44 35
11 43 34
13 43 34
18 42 35
17 44 34
17 44 37
15 42 37
14 41 37
6 43 35
3 43 35
16 38 33
11 40 31
14 38 31
16 38 30
15 38 30
17 38 31
13 39 31
9 39 29
2 38 32
15 40 36
11 40 36
14 35 35
15 36 34
15 38 35
16 42 35
16 43 36
17 45 36
13 46 36
8 51 35
14 48 35
17 46 34
17 46 33
17 48 32
21 56 38
23 54 37
28 50 36
26 50 33
28 50 36
28 53 39
26 54 36
31 54 34
31 51 34
33 46 41
33 45 43
34 50 36
38 56 38
35 50 42
38 51 39
32 61 39
33 51 39
32 52 37
29 50 37
32 49 38
33 50 37
33 44 36
29 44 36
20 45 37
7 45 35
5 41 40
4 47 35
13 47 36
18 44 33
15 41 33
15 41 34
16 40 36
12 42 36
11 40 37
3 41 37
10 41 34
8 37 31
10 36 30
14 39 30
14 39 31
17 39 31
17 39 31
15 39 31
9 40 34
3 40 34
15 39 37
9 38 35
13 35 34
17 38 37
16 39 36
15 39 37
15 39 38
9 39 37
3 41 36
8 41 35
15 38 33
13 37 31
15 37 31
15 40 30
18 39 30
16 40 31
14 41 32
11 44 33
7 48 34
15 45 36
13 45 35
12 42 35
16 41 33
17 40 33
19 43 35
18 44 36
17 43 37
16 43 38
12 40 37
6 42 36
10 40 34
13 37 33
13 37 31
16 39 32
14 41 32
16 41 34
15 39 35
14 39 34
13 39 34
2 41 31
13 41 35
9 41 32
13 39 32
17 37 33
14 40 34
14 40 35
14 39 40
14 38 40
10 39 38
6 39 37
7 38 35
15 37 32
8 37 31
13 38 29
14 38 31
15 39 31
17 38 31
15 38 33
11 38 31
8 39 33
8 40 34
10 38 33
15 39 33
14 39 34
15 40 35
15 40 37
15 40 38
13 39 38
12 39 41
4 41 38
7 38 36
14 36 32
12 36 31
15 38 31
16 40 31
13 40 31
14 40 32
14 42 32
16 43 35
16 43 35
15 42 34
12 43 35
6 44 32
13 43 36
17 43 33
9 41 33
17 43 34
14 44 33
16 44 34
20 43 34
15 43 33
14 41 35
10 46 33
4 46 33
16 41 33
10 41 32
10 41 31
14 41 31
17 41 33
18 41 34
18 42 34
16 41 33
7 41 32
11 40 36
9 41 33
12 39 34
15 41 35
17 39 36
16 40 37
16 42 38
12 42 38
13 42 38
13 40 38
4 41 35
14 39 34
14 37 31
9 38 29
14 37 29
14 37 29
14 39 30
15 37 31
14 39 31
11 39 30
7 39 29
11 40 29
12 41 29
11 39 30
13 40 31
14 39 33
11 38 34
10 38 35
9 41 40
16 41 39
17 41 34
16 40 33
14 39 33
9 41 34
6 42 35
12 40 36
10 36 35
11 38 32
15 40 33
15 42 33
16 41 32
15 42 35
16 41 36
16 41 37
9 41 34
10 41 40
13 38 34
10 37 36
16 39 35
17 40 37
16 41 37
15 40 37
17 42 39
14 42 38
15 42 38
8 43 37
10 41 36
17 40 32
8 38 31
13 38 30
14 38 32
13 38 31
13 39 33
14 39 34
10 38 34
3 39 32
16 40 35
11 36 32
12 36 33
15 40 33
15 44 34
17 41 36
20 44 37
20 44 36
16 42 38
7 46 38
2 43 34
14 38 32
10 39 30
14 36 33
14 41 31
14 40 31
17 39 32
16 40 33
12 38 33
12 38 34
4 39 35
17 38 37
14 39 35
9 37 34
15 36 34
16 39 33
15 40 35
14 40 35
15 41 36
14 41 35
13 41 34
5 42 33
12 42 32
12 38 32
13 40 30
15 39 30
14 39 28
15 40 29
14 40 30
11 40 29
10 39 30
6 39 31
10 38 33
13 35 33
12 36 36
13 35 36
14 36 36
15 38 36
14 43 37
16 46 36
16 46 36
17 50 35
16 54 35
11 58 32
13 58 31
19 55 27
24 49 29
33 49 30
39 43 33
42 44 34
42 44 37
45 43 37
45 44 40
48 45 39
44 50 37
45 47 38
43 50 37
43 45 38
43 44 40
43 44 40
43 44 40
44 46 39
43 49 39
43 51 36
37 56 33
34 51 32
29 58 33
27 54 34
25 51 34
24 49 36
23 49 35
22 46 34
15 43 34
4 44 32
2 41 36
8 43 35
10 39 34
16 37 33
17 39 33
15 39 36
14 38 37
14 39 38
13 39 37
10 38 34
4 41 35
12 39 33
13 38 31
13 36 31
13 38 31
15 39 32
16 40 33
16 41 35
17 42 34
15 41 34
13 41 35
4 42 34
13 40 36
9 38 32
14 38 33
16 38 35
17 40 34
14 40 35
14 40 36
14 40 36
11 41 34
2 41 35
12 39 34
14 39 33
11 38 30
14 37 30
12 37 31
13 37 28
13 38 29
13 39 29
13 39 30
11 40 30
10 41 31
14 41 31
15 42 31
14 40 30
12 41 32
14 42 32
15 40 35
9 40 35
11 39 35
15 41 36
14 41 36
15 42 34
16 43 37
14 41 35
14 40 34
12 40 35
7 41 36
15 43 34
11 40 33
12 43 31
9 45 33
12 46 31
17 47 32
18 52 33
22 54 34
26 52 36
29 47 38
29 47 40
30 45 41
30 40 46
29 41 50
27 39 51
27 40 52
27 40 51
28 40 52
28 41 52
29 41 52
28 41 51
28 41 52
29 40 50
28 41 50
30 41 51
28 41 51
30 41 51
29 41 50
31 40 51
30 41 50
