11 37 32
11 37 32
11 33 34
11 37 34
12 38 35
12 38 35
13 37 34
13 37 35
12 37 35
11 37 35
12 36 34
10 35 33
14 35 35
15 36 34
13 35 35
11 37 36
16 36 36
15 35 35
15 35 37
14 37 36
13 36 37
10 36 36
5 38 36
7 38 34
9 39 36
14 39 35
14 37 33
15 36 33
17 35 33
13 37 32
15 38 34
9 38 35
11 36 35
8 36 35
9 36 36
14 37 36
14 36 35
18 37 35
18 38 36
15 37 38
13 38 38
11 36 38
9 37 37
3 38 36
9 37 32
9 36 33
12 40 32
16 36 30
17 37 31
17 38 33
18 39 34
11 38 33
7 36 34
5 35 33
7 37 33
11 32 31
15 34 34
19 39 35
19 37 35
17 38 35
13 39 36
10 39 37
6 39 36
5 37 35
3 40 37
15 35 36
13 37 35
17 35 31
16 34 31
17 37 29
17 38 33
14 37 33
9 38 34
5 38 33
3 39 37
12 34 35
13 34 34
16 37 35
21 36 35
19 38 34
15 37 36
12 39 36
9 39 37
5 38 35
2 40 35
14 36 35
12 40 34
17 37 34
18 37 32
16 36 33
16 38 33
12 38 33
9 39 33
3 38 34
8 38 38
13 33 35
15 38 36
20 36 36
20 38 36
18 38 36
14 39 37
11 39 37
10 38 36
1 38 36
9 39 36
9 40 37
12 37 33
18 34 34
19 35 33
18 38 31
15 37 32
8 38 32
9 38 35
2 38 34
13 35 39
13 35 35
20 38 36
22 37 35
17 40 37
13 40 36
13 37 36
10 39 36
5 38 35
0 42 36
10 39 34
7 37 33
16 33 31
21 36 33
18 37 32
19 38 33
14 39 32
8 43 32
0 39 31
7 38 37
12 32 33
19 34 34
23 36 35
19 39 33
13 36 36
12 36 36
8 38 38
9 38 36
0 41 35
8 34 34
9 34 36
15 35 32
19 37 32
18 36 30
16 36 32
16 38 33
11 37 32
10 38 34
3 36 32
10 34 36
12 34 33
17 36 35
21 36 35
19 37 35
10 38 36
13 37 36
8 38 35
6 37 34
3 40 35
13 37 35
9 38 32
16 34 31
18 36 32
18 36 31
18 37 31
9 36 31
10 38 33
4 37 34
7 39 36
11 35 36
16 36 36
20 37 37
19 38 36
12 37 38
14 38 37
12 38 36
9 35 34
1 38 34
10 38 35
9 38 35
14 37 32
20 35 33
18 38 33
17 38 32
17 37 33
9 37 33
9 38 36
3 37 36
10 35 38
12 34 36
17 36 36
20 35 36
18 35 36
17 37 34
14 38 35
9 39 36
10 39 34
4 41 38
8 37 35
7 40 36
15 35 35
17 36 34
16 38 33
16 39 33
13 39 31
13 42 32
15 42 35
9 40 37
9 39 36
13 39 38
13 40 35
16 37 35
20 38 34
18 40 35
12 40 36
8 37 34
5 38 35
0 41 35
13 39 34
12 40 33
17 37 32
19 36 32
15 37 32
15 38 34
10 38 33
7 39 35
2 38 33
14 37 38
13 33 33
17 37 34
22 36 35
19 37 35
15 38 37
11 37 36
10 37 37
9 38 36
0 43 38
11 36 35
6 35 34
17 35 33
21 34 34
18 38 33
15 38 32
15 38 32
9 38 34
6 36 34
2 38 35
11 35 35
15 36 36
19 35 36
19 37 34
14 37 37
12 39 37
10 35 38
9 36 36
2 38 36
4 38 36
8 38 35
12 38 34
18 33 33
16 36 34
15 38 32
15 36 33
12 37 33
12 37 34
3 38 34
6 37 36
12 34 36
15 35 35
20 37 37
18 37 36
15 40 37
12 37 38
10 36 37
7 36 36
0 37 35
11 37 36
9 38 35
15 36 34
18 35 34
16 36 33
13 36 33
14 37 32
12 38 32
10 38 35
2 37 33
10 35 37
14 35 35
20 37 36
20 37 36
17 38 37
14 38 36
12 38 37
9 38 38
6 36 35
2 38 35
10 36 34
8 34 33
15 33 31
18 34 31
17 37 32
18 37 31
14 36 32
9 39 33
9 39 35
5 37 34
10 34 37
13 36 35
18 39 36
19 37 35
18 38 36
11 39 37
11 39 36
7 39 36
6 39 35
1 40 36
11 34 34
11 37 35
18 35 32
18 36 32
16 37 31
16 38 31
13 38 32
10 38 34
7 38 35
4 40 39
11 35 38
14 36 36
20 38 37
21 38 34
16 39 37
14 39 36
11 38 38
10 38 37
2 39 38
6 37 37
11 37 36
11 38 35
16 35 33
18 35 33
17 37 33
18 37 34
13 37 34
11 37 33
8 37 35
4 39 36
12 36 36
14 37 36
17 36 36
19 37 36
17 36 38
15 38 34
9 38 35
8 37 34
2 37 34
5 38 31
10 36 34
15 33 33
18 28 30
15 35 31
14 37 29
12 36 30
11 35 31
11 36 34
5 35 33
9 36 35
13 35 35
15 34 35
17 35 34
14 37 34
15 35 35
15 37 33
14 35 33
11 35 33
7 35 34
0 38 33
13 35 33
12 35 34
13 33 32
14 34 32
13 35 32
16 36 33
15 37 32
10 36 32
12 37 35
6 33 33
8 34 36
16 35 35
16 34 34
14 37 36
16 38 36
13 38 36
13 38 37
13 39 39
12 38 36
12 36 34
11 36 33
6 38 33
11 37 32
14 34 32
6 32 34
11 29 30
14 36 31
14 37 31
14 35 30
10 34 30
12 37 30
10 38 34
11 39 34
11 37 34
9 34 29
8 36 31
11 39 32
17 40 34
12 38 34
13 38 35
13 37 37
14 37 38
13 37 37
10 30 45
15 42 40
15 38 35
15 37 36
10 39 36
13 39 36
14 37 37
12 37 37
9 32 36
8 33 32
11 35 34
15 38 34
15 38 34
9 36 32
11 37 33
13 38 34
12 39 35
13 39 35
13 37 35
11 38 34
11 39 34
12 37 34
13 36 35
12 36 34
13 37 34
13 36 33
12 34 34
11 35 35
12 36 34
14 35 35
12 38 35
12 38 35
14 36 35
11 37 36
11 38 36
13 36 35
12 37 35
13 38 35
12 37 36
13 36 35
13 37 35
13 35 36
13 38 35
