32 48 51
31 46 46
32 45 44
34 47 45
34 48 44
32 40 41
27 45 41
22 46 40
14 47 38
12 47 38
10 45 37
8 41 36
10 42 34
12 40 36
11 40 36
12 39 37
11 38 35
13 40 34
12 39 33
10 38 32
11 40 32
13 39 32
15 39 32
15 40 32
13 40 32
13 42 34
14 41 34
14 41 36
14 40 36
13 39 36
11 40 37
8 41 36
10 38 36
16 39 35
12 37 33
12 38 34
15 40 35
15 39 35
15 38 36
13 39 36
14 39 37
13 40 37
13 40 37
7 43 36
8 42 37
12 39 35
12 36 33
8 39 33
10 37 31
13 39 31
14 40 30
15 38 32
17 38 33
14 38 33
12 37 35
6 40 35
11 38 36
14 39 37
11 37 34
13 38 33
14 39 35
14 36 35
13 36 36
13 38 36
12 38 34
8 40 34
5 42 35
10 37 37
13 36 33
9 40 33
12 36 32
13 38 32
15 39 31
17 38 31
15 38 32
14 37 33
11 39 34
5 39 34
11 38 38
15 37 38
8 37 33
14 39 35
17 39 35
15 39 35
14 38 36
13 37 35
13 36 36
13 39 36
7 40 34
5 41 34
13 37 32
9 38 32
11 37 31
12 38 32
13 37 32
15 36 34
15 38 33
17 38 34
14 40 34
9 41 34
3 42 35
10 38 34
12 38 33
11 35 31
15 37 34
16 39 34
14 37 36
14 39 34
13 37 37
12 37 37
10 41 35
4 39 35
12 37 35
10 37 32
8 36 32
11 37 31
13 40 33
14 37 32
16 39 33
14 38 33
13 39 34
11 38 34
4 40 33
8 38 31
14 40 34
12 37 33
11 36 34
14 37 35
14 37 35
13 38 37
13 39 37
14 37 37
12 40 37
12 38 37
14 37 36
10 39 34
10 37 34
8 38 33
11 37 31
12 38 32
10 38 31
10 40 33
12 44 37
14 45 38
17 41 40
18 42 42
20 40 45
21 38 45
22 38 43
20 36 44
18 36 45
18 39 49
20 37 47
19 40 48
19 38 46
20 37 42
15 40 43
7 46 41
10 43 38
17 42 35
15 44 34
13 44 32
13 41 30
14 40 30
14 39 29
12 40 32
12 39 30
11 39 31
13 39 33
12 40 33
10 38 33
12 38 35
14 39 35
14 38 36
13 38 36
12 39 36
12 40 35
11 38 36
8 35 38
13 36 37
12 41 35
11 38 33
14 39 33
14 37 34
11 37 33
11 37 31
13 38 33
14 39 33
13 38 33
12 39 34
13 38 33
12 38 35
11 39 36
11 40 35
6 40 33
10 39 34
13 38 35
15 37 35
11 38 34
13 38 33
13 38 33
13 38 34
13 38 34
13 38 35
15 37 34
15 38 34
13 38 35
12 38 35
8 39 34
9 40 35
15 40 34
11 39 33
9 38 33
11 38 32
11 39 33
13 36 32
15 37 33
14 37 32
12 38 32
12 39 33
11 37 33
5 38 34
11 37 35
16 38 34
11 38 33
13 39 34
14 38 35
12 37 36
14 36 36
14 35 35
13 38 35
12 37 35
11 39 35
6 41 35
10 40 35
14 37 34
10 39 33
7 37 32
12 38 32
14 38 33
14 37 32
14 37 33
15 38 32
15 37 34
13 38 33
10 37 34
5 38 34
13 40 36
18 37 36
9 36 34
11 37 35
12 39 35
12 36 36
13 36 35
14 39 33
14 36 34
14 38 33
12 39 34
4 38 34
7 38 36
14 37 35
11 40 34
8 36 32
11 38 31
13 37 32
16 38 32
15 36 33
16 37 34
14 38 34
10 37 35
3 40 34
7 39 37
16 37 36
11 37 32
13 37 34
15 39 35
13 37 34
13 36 36
13 35 38
14 38 36
12 38 35
9 38 34
4 39 36
13 36 34
14 37 35
8 38 33
9 37 31
12 37 33
14 38 33
14 37 33
15 37 33
14 37 34
15 38 35
13 39 36
9 40 34
3 38 35
10 39 36
15 36 34
12 38 34
14 39 34
13 40 34
12 35 35
12 30 37
12 36 36
13 37 32
13 39 34
13 38 34
5 37 37
9 38 36
13 39 35
13 37 33
9 38 33
10 37 31
12 37 33
15 37 33
14 38 33
13 38 34
14 38 35
12 36 36
10 37 35
10 37 37
9 38 37
16 36 34
12 38 34
14 37 37
10 32 39
14 36 39
14 38 35
14 38 35
14 36 36
13 37 37
11 37 36
3 38 36
9 37 36
14 35 34
11 38 34
9 36 33
10 37 32
13 37 32
15 38 33
15 37 34
14 37 34
14 39 34
13 40 35
10 39 34
3 39 34
8 38 35
17 38 35
10 37 33
12 37 33
16 36 33
13 35 34
11 30 37
14 39 36
16 39 36
13 38 36
12 39 35
3 39 34
10 37 34
14 37 33
8 38 33
7 33 29
11 37 32
14 38 32
15 36 33
16 38 33
15 40 34
13 42 34
13 41 35
12 39 35
11 40 33
4 40 32
11 39 33
15 37 34
14 36 34
12 38 36
13 39 38
14 37 39
13 38 38
14 36 39
16 39 39
14 38 37
8 39 36
4 38 33
15 40 34
14 41 34
11 44 34
16 45 35
14 45 35
13 44 35
15 44 36
17 43 37
16 42 39
18 45 37
18 46 41
17 46 41
13 45 39
11 44 35
13 43 34
12 45 33
15 44 34
18 42 34
18 42 35
18 41 37
16 41 38
14 42 39
15 45 39
12 47 39
11 48 40
17 46 35
15 48 36
15 47 37
17 45 36
18 43 37
19 44 39
21 46 39
20 47 41
18 46 42
18 44 41
19 43 41
20 47 41
16 45 38
13 45 40
12 41 36
15 40 38
17 38 36
15 39 35
12 40 35
12 40 35
11 37 34
14 37 34
12 38 35
12 37 34
4 42 35
12 36 35
11 32 36
8 37 33
11 36 31
14 38 31
15 39 32
14 37 34
16 37 33
13 39 33
12 38 35
3 40 35
10 35 35
17 33 34
9 36 31
12 38 31
16 40 36
12 32 40
13 35 38
14 38 35
14 37 35
11 36 36
8 38 35
3 38 34
12 36 34
15 34 34
8 35 32
9 35 30
11 37 31
13 37 33
14 38 33
14 40 34
15 40 35
13 40 35
11 40 37
10 37 34
6 38 33
10 38 36
16 34 34
12 36 32
11 36 34
15 36 34
12 36 35
13 38 35
11 37 36
15 37 37
13 38 35
12 38 34
8 37 34
5 39 36
11 36 36
13 37 33
9 38 33
8 37 31
14 39 32
15 39 33
15 38 33
16 39 32
13 39 32
15 42 38
13 42 37
9 38 35
8 41 33
10 40 29
15 38 30
12 38 32
9 24 40
14 42 37
13 37 33
13 38 33
16 39 35
14 39 35
13 38 36
10 38 35
1 38 35
7 37 34
15 37 36
13 38 33
9 38 31
13 37 30
14 38 32
15 37 32
14 37 32
14 37 33
12 37 35
11 37 36
11 37 35
5 40 35
11 38 35
17 36 32
10 36 32
14 39 34
14 38 34
14 37 34
14 35 39
14 36 37
14 37 36
14 38 35
11 37 35
6 40 35
7 37 33
13 37 34
15 38 34
11 36 33
6 38 32
13 39 32
15 38 33
15 37 31
13 37 33
12 40 32
12 40 33
13 43 36
13 44 37
12 46 37
14 45 38
14 48 38
15 47 39
15 49 39
18 49 41
23 48 44
28 48 44
33 44 44
34 43 42
37 42 46
38 41 48
37 38 46
37 42 51
37 41 53
36 38 51
38 37 52
35 38 52
36 39 53
35 39 51
35 42 50
36 41 49
36 43 46
