31 39 53
31 38 52
30 38 53
29 39 52
30 38 52
30 38 52
32 39 52
31 40 52
31 39 51
32 40 52
33 39 51
32 43 52
30 42 53
28 40 53
30 40 53
29 38 51
31 40 51
31 40 52
32 40 53
32 40 51
32 40 52
30 40 51
27 40 54
26 38 52
26 38 52
27 40 51
29 39 51
28 39 50
25 38 50
25 39 51
26 39 50
28 39 52
28 39 52
27 40 52
27 41 53
24 43 54
25 41 50
29 40 47
29 42 50
28 42 50
31 39 50
28 40 48
29 41 51
30 40 50
29 42 53
29 40 52
27 42 56
27 40 53
23 38 50
26 38 49
26 38 51
29 36 48
32 38 50
31 38 52
30 40 53
28 38 53
31 39 54
26 45 54
27 42 51
30 41 48
28 44 50
27 40 49
29 42 48
27 40 48
29 42 49
29 43 51
28 42 53
26 42 55
24 40 50
21 40 50
22 38 48
25 37 48
27 37 48
28 38 50
27 38 51
29 38 51
28 39 52
28 40 53
28 42 56
26 40 50
29 40 49
27 42 48
26 43 50
28 41 49
29 40 49
29 40 49
30 41 51
28 43 55
26 41 54
27 41 53
24 38 49
25 38 48
29 38 49
29 38 51
29 38 51
28 37 52
28 38 52
28 39 53
28 37 53
29 40 55
29 39 52
30 38 50
30 39 51
31 41 50
31 38 51
31 37 50
30 38 50
30 38 52
30 39 53
29 39 55
26 39 54
26 38 50
25 36 49
27 36 51
28 36 50
30 35 50
30 37 52
29 36 52
29 37 53
30 37 54
29 41 58
24 40 52
29 39 49
27 42 48
26 41 51
29 38 49
28 40 48
29 40 50
29 39 51
29 43 55
28 41 56
25 42 55
25 39 50
23 38 47
28 36 50
27 37 49
30 37 50
29 38 51
26 39 51
31 36 51
31 38 51
30 38 53
31 43 55
21 47 57
28 36 50
27 43 48
24 40 51
26 39 50
27 39 49
27 41 50
28 40 51
30 40 52
32 38 52
33 41 52
32 39 53
30 42 55
28 37 54
29 39 51
24 35 52
24 38 50
26 37 51
27 36 51
28 37 52
25 37 53
27 36 52
28 36 51
29 35 52
30 37 53
25 39 53
28 36 50
32 38 50
28 42 55
31 40 54
30 42 53
31 42 54
30 40 52
30 40 50
30 41 51
30 40 54
31 38 52
30 38 52
29 39 52
29 37 52
30 37 52
31 35 53
31 35 52
31 35 53
31 36 54
29 37 54
28 37 53
31 37 50
30 38 52
30 36 53
30 37 52
30 38 52
32 38 53
32 38 52
32 38 52
31 37 52
31 37 52
30 38 53
30 37 53
32 38 53
31 36 52
31 37 52
31 38 53
32 37 53
30 39 52
30 38 52
31 36 51
31 36 53
30 37 54
30 37 52
30 37 53
30 38 53
30 38 53
31 38 52
31 38 53
29 37 52
30 38 51
31 38 52
30 37 52
29 37 52
31 37 52
31 37 53
31 37 52
