11 38 33
10 38 32
13 38 33
12 37 31
12 35 31
12 36 32
12 34 31
11 36 32
11 37 32
13 37 34
14 35 34
12 35 33
11 37 33
12 36 35
13 35 33
13 35 34
12 35 34
12 34 34
12 37 34
13 36 35
15 35 34
13 38 34
12 39 33
5 38 31
9 38 32
14 36 33
13 35 31
15 35 30
14 35 31
15 37 31
13 36 31
10 36 31
8 36 33
6 37 32
17 34 32
13 35 33
12 34 33
14 37 33
14 36 34
15 37 35
14 37 34
10 36 34
4 37 31
14 36 31
11 36 31
15 35 29
14 34 29
13 35 30
13 34 30
11 36 31
8 36 32
8 38 32
16 36 32
14 36 32
12 34 33
13 39 33
14 37 32
15 37 32
13 39 31
3 38 28
9 43 28
16 36 30
13 38 27
18 34 28
17 36 29
15 36 30
10 36 29
8 36 29
3 38 31
15 40 31
13 39 32
13 38 33
15 38 32
14 38 32
14 35 33
12 38 34
11 36 32
5 38 32
15 38 32
10 37 31
14 36 30
15 37 31
15 37 30
12 36 30
9 36 30
3 33 28
13 36 33
14 35 31
12 36 32
14 37 33
14 38 34
14 37 34
14 38 34
12 35 33
4 38 31
13 36 32
14 36 30
14 33 29
15 35 30
14 34 30
13 36 30
9 36 32
2 34 28
13 39 33
15 35 31
12 37 33
15 37 34
13 39 33
13 35 33
13 37 33
12 35 32
4 38 30
14 36 31
12 36 30
14 35 29
15 36 30
14 38 30
13 36 30
9 34 30
7 35 29
9 35 29
17 36 33
11 38 32
13 37 33
14 39 33
15 38 32
13 38 31
11 35 31
5 34 30
11 36 32
14 37 30
12 34 30
17 35 31
13 36 31
13 35 31
11 35 31
8 36 30
4 35 29
17 35 32
12 36 32
14 37 34
14 37 33
13 35 33
13 36 33
14 36 34
14 34 32
3 36 31
9 35 31
14 39 33
12 36 31
14 36 32
14 40 32
14 38 31
12 38 31
11 39 31
9 32 30
8 35 31
14 38 33
14 32 32
11 35 32
12 35 34
14 37 34
13 35 34
14 36 33
12 37 35
12 35 33
2 36 32
12 31 29
13 34 32
10 34 27
14 35 28
13 34 30
14 36 29
11 37 28
12 35 30
12 38 29
11 39 30
10 37 28
13 35 29
13 39 31
13 36 31
12 38 32
12 37 34
11 37 35
13 36 36
14 36 35
12 37 35
10 37 34
12 37 33
13 37 35
12 39 34
15 37 34
12 38 34
12 37 34
14 36 33
12 36 34
11 36 34
13 37 33
13 36 34
11 36 33
14 36 34
12 36 34
11 37 34
12 37 33
11 37 34
13 36 33
11 36 32
12 37 33
11 37 32
11 36 33
11 37 33
12 37 33
12 36 33
12 37 33
12 37 33
12 35 34
12 37 34
12 37 34
13 35 34
13 36 33
13 35 33
12 35 34
11 38 34
13 37 34
12 35 34
12 37 33
13 36 33
12 37 33
11 36 34
12 36 34
13 37 34
12 36 33
13 37 34
12 37 33
12 37 33
13 37 34
13 36 34
12 37 33
11 36 34
12 38 33
12 37 34
11 37 33
13 36 34
12 37 34
11 37 34
11 36 34
12 37 34
12 38 33
13 37 34
13 37 34
13 37 34
13 37 33
12 36 33
11 36 33
13 36 34
13 37 33
12 38 34
13 37 33
13 37 34
12 37 33
14 38 34
12 37 34
12 38 33
13 37 34
13 36 34
13 37 33
11 38 34
12 37 33
13 37 34
12 37 33
13 37 34
12 37 33
12 37 34
13 37 34
12 37 34
13 37 34
12 38 33
11 37 34
12 36 34
12 37 33
12 37 34
13 37 34
13 39 33
11 37 34
13 36 33
11 38 33
