33 40 37
31 38 50
33 39 47
30 39 48
29 40 48
28 40 47
23 45 50
16 46 49
15 38 43
11 38 42
11 36 41
11 34 38
11 35 39
11 38 39
9 38 41
11 35 40
10 36 39
10 37 36
7 36 33
10 37 32
14 37 32
16 37 33
17 37 34
18 36 36
16 36 36
10 37 37
3 37 34
7 37 36
14 36 35
13 36 33
17 38 34
18 39 35
17 38 36
12 37 39
8 34 39
7 38 40
6 39 38
10 37 35
7 37 33
7 35 32
14 36 31
17 36 32
17 37 31
17 36 32
11 37 34
8 38 36
7 35 34
11 35 37
11 37 34
17 38 36
16 37 37
14 38 37
12 36 36
6 37 35
5 37 37
9 38 36
11 36 33
8 30 31
12 36 32
17 36 32
15 37 32
18 36 32
13 37 33
8 36 34
6 35 34
12 33 36
13 36 35
14 35 37
18 39 39
15 37 39
14 38 37
12 36 35
6 36 35
3 38 36
11 37 34
10 34 30
11 36 32
17 37 32
18 37 31
16 37 32
13 36 33
8 36 34
6 35 35
11 36 33
13 35 35
15 37 35
18 37 36
16 36 37
16 38 38
14 37 37
7 37 35
6 37 34
7 39 37
10 35 33
11 35 32
14 35 34
17 37 33
17 37 33
16 36 32
11 35 34
7 35 32
3 36 34
15 34 35
11 34 35
17 34 35
17 36 36
15 34 37
14 36 37
11 35 36
7 36 34
3 38 36
12 37 35
10 35 34
13 35 34
16 35 34
19 36 32
16 35 32
11 35 34
6 35 34
5 36 34
13 35 35
12 35 36
15 35 36
16 39 35
17 36 37
14 36 35
11 37 38
7 37 37
2 39 37
11 36 34
12 36 33
13 37 34
16 35 34
18 33 32
15 35 34
10 36 33
6 35 33
5 33 32
13 35 35
13 34 33
16 34 36
19 37 35
14 36 36
14 35 37
10 35 36
5 36 33
3 38 35
12 37 34
11 37 32
13 37 35
15 35 32
16 35 32
15 34 32
13 37 32
8 35 32
5 35 33
14 33 35
14 36 35
16 34 36
16 37 35
15 37 37
14 37 36
11 34 36
5 38 35
3 38 37
12 35 34
12 36 34
12 36 33
16 35 31
18 36 33
16 36 32
11 36 33
8 33 32
5 34 34
15 34 36
12 35 36
16 35 36
18 37 36
15 36 37
14 37 37
9 34 36
6 37 36
3 39 36
13 37 35
11 36 34
12 36 33
15 35 32
17 35 32
16 37 32
12 37 33
9 36 33
7 36 34
14 35 36
12 36 36
16 34 36
18 38 36
15 37 35
14 38 35
10 35 36
4 38 35
6 37 38
11 35 34
9 37 34
13 36 34
18 35 32
17 37 32
16 36 32
12 36 32
10 37 33
7 35 33
13 36 36
13 35 36
15 35 36
16 37 35
15 37 37
13 35 38
9 37 36
5 37 36
6 38 38
10 36 33
10 35 32
13 36 33
16 35 33
16 34 33
18 37 33
12 37 33
8 35 33
7 36 35
12 35 38
14 34 33
18 35 36
18 37 36
14 37 36
13 34 35
9 33 36
4 38 36
8 39 37
9 36 33
8 36 32
13 36 33
16 36 33
16 35 32
15 35 33
12 37 33
10 37 34
8 35 34
10 34 36
14 37 37
17 37 36
16 37 36
14 36 36
11 36 37
5 37 35
2 40 37
11 35 36
10 35 32
12 32 34
16 38 33
18 35 32
19 35 32
12 34 32
8 37 32
5 36 34
12 35 35
14 33 37
16 35 36
19 38 35
16 38 36
14 38 36
10 37 36
6 37 36
4 38 38
9 36 34
11 31 32
12 36 32
16 36 32
16 38 32
16 36 32
12 36 32
8 35 32
9 34 33
13 36 36
14 35 36
18 35 37
17 37 36
15 38 38
12 36 37
8 36 36
5 37 35
9 37 37
9 37 35
10 34 33
16 36 32
16 35 32
16 35 31
14 35 33
9 36 33
5 36 32
13 34 34
12 35 35
15 35 36
17 37 36
17 38 37
14 37 38
13 37 38
7 38 36
5 35 35
9 36 35
10 36 34
9 35 34
12 36 34
17 35 32
16 36 31
15 35 32
10 36 33
7 36 33
9 35 34
13 36 36
12 36 36
17 37 37
16 38 37
14 37 37
13 36 37
7 36 36
6 38 36
9 37 37
9 34 34
11 33 33
13 36 31
15 36 32
16 37 32
15 36 32
12 36 33
11 34 33
8 35 33
13 37 37
13 36 36
16 36 36
17 38 37
14 39 37
12 36 37
9 36 37
5 37 37
9 37 38
10 35 34
9 36 34
13 35 32
16 36 33
16 35 32
15 37 33
10 36 32
9 33 34
6 36 34
17 34 38
14 36 38
16 34 37
14 38 39
15 39 40
14 37 40
11 36 38
8 36 37
3 38 37
14 34 35
11 36 34
11 37 33
13 36 31
15 35 32
15 35 32
13 35 34
10 35 34
5 36 36
5 38 36
16 37 38
11 37 38
17 40 40
19 39 39
16 37 39
13 36 37
10 38 39
4 45 43
9 44 40
15 40 38
16 41 36
12 44 37
14 48 40
16 47 43
22 46 45
26 47 45
30 44 43
34 41 44
36 43 46
35 42 47
36 41 49
33 42 50
34 42 52
34 42 51
35 40 51
37 42 51
36 41 51
37 40 50
35 40 51
34 41 52
37 42 51
35 40 52
34 41 52
34 40 52
35 40 51
35 41 50
34 40 52
34 39 52
34 41 52
35 39 52
32 40 50
31 39 52
33 41 51
35 41 50
