32 48 41
32 44 39
31 50 39
26 47 33
20 46 33
12 54 37
10 41 35
7 43 38
9 41 37
11 40 37
13 41 36
14 40 36
14 40 35
12 39 34
12 41 35
9 39 34
6 40 34
10 35 33
7 35 33
10 36 32
11 38 31
14 36 30
17 36 30
18 35 32
15 37 34
10 37 33
3 38 34
12 36 35
9 36 34
12 36 33
15 39 35
15 40 34
14 37 34
12 38 34
11 29 36
8 33 35
1 41 34
11 38 35
10 38 33
10 34 32
11 36 31
14 36 31
14 38 31
16 36 32
14 38 33
10 35 33
4 36 34
10 39 36
11 36 35
15 36 34
17 36 33
14 37 34
13 37 36
11 36 36
8 37 35
1 39 35
11 37 35
8 35 31
9 35 31
10 36 32
14 35 32
16 36 35
16 36 36
13 36 37
9 37 35
4 35 31
13 38 35
9 37 32
15 36 36
15 36 34
14 39 34
14 37 34
12 37 35
8 36 38
5 37 37
5 42 38
10 38 37
11 35 33
12 34 34
16 35 33
16 37 32
18 38 33
14 37 32
7 35 33
1 37 34
14 35 36
13 35 36
13 33 34
15 38 35
16 38 34
15 38 34
13 36 35
9 39 35
4 38 34
8 39 36
8 38 32
8 34 32
14 36 32
15 35 32
18 35 32
18 35 30
11 35 30
4 36 30
8 35 34
11 35 35
10 33 32
16 35 36
17 36 35
13 36 37
14 35 36
13 36 35
4 36 35
0 36 38
12 30 37
11 32 33
13 38 33
13 36 32
13 34 32
16 36 31
13 36 33
11 35 35
4 38 35
11 36 36
11 35 34
13 35 33
15 37 33
16 38 34
12 37 35
10 35 34
8 39 36
0 40 37
12 37 36
9 34 33
12 32 37
11 36 32
13 34 31
17 36 33
18 37 34
15 37 35
6 36 34
7 38 35
12 39 36
13 36 32
14 34 34
15 38 34
15 39 36
13 37 35
11 36 36
8 37 36
3 37 38
11 34 34
9 32 32
10 36 32
13 36 32
16 35 32
15 36 31
15 36 31
13 35 33
9 37 33
3 36 34
16 36 35
11 35 35
12 37 35
14 38 36
13 38 35
12 37 34
13 37 35
10 37 35
8 37 33
6 40 34
10 38 31
10 34 30
15 36 32
14 37 30
15 38 30
15 38 31
14 38 33
10 37 32
8 35 32
3 35 32
15 35 34
9 33 33
12 33 32
15 35 34
14 36 33
14 36 33
14 36 35
11 35 35
9 36 35
3 37 34
10 34 33
7 33 30
11 35 32
14 37 32
15 35 32
13 36 34
14 35 33
12 37 34
11 36 34
2 38 33
10 36 33
16 37 35
12 36 32
13 36 34
13 37 33
13 35 33
14 36 35
13 35 38
11 36 38
12 38 35
10 37 35
5 37 34
10 36 34
12 35 34
9 36 32
9 35 31
11 36 32
13 37 32
14 36 32
15 37 33
15 36 34
12 36 35
10 37 35
4 37 34
7 36 34
13 37 34
10 36 33
12 37 32
14 37 34
13 35 34
11 30 38
12 36 35
13 35 33
12 35 34
11 35 35
6 36 35
10 32 35
14 36 35
12 37 33
9 35 31
12 35 30
14 37 31
13 36 31
13 36 32
11 36 32
12 37 33
11 37 33
11 37 34
6 36 32
11 38 33
9 38 33
11 35 32
13 35 32
12 32 33
11 31 32
14 32 33
12 32 33
12 33 34
13 34 34
12 36 33
12 35 33
10 35 34
12 35 34
12 35 34
9 38 34
10 37 34
9 37 33
12 38 32
15 36 32
14 39 33
13 38 31
13 36 32
11 38 34
10 36 34
11 38 36
9 35 35
7 34 35
15 34 35
11 32 31
12 35 32
14 35 33
13 35 33
12 35 32
13 36 35
14 36 35
13 35 35
11 37 35
9 37 34
5 38 35
11 36 32
12 37 31
9 36 30
11 36 30
13 35 31
14 36 31
13 37 31
14 36 33
12 37 33
11 37 34
4 38 33
10 36 32
15 35 34
12 35 32
12 35 33
13 36 34
14 36 33
13 34 35
13 36 35
13 35 35
13 36 34
10 36 33
5 37 34
8 37 36
14 36 35
9 34 34
8 36 31
12 35 33
13 38 32
14 36 31
17 36 32
16 36 33
14 36 35
9 35 34
3 37 34
13 35 37
16 37 36
7 36 34
13 36 34
14 34 36
12 35 36
13 36 34
13 36 34
13 36 35
11 37 35
7 38 34
7 37 35
11 34 34
10 35 33
9 36 33
13 36 32
12 36 31
15 36 32
14 36 32
15 36 33
13 35 33
10 36 34
2 38 34
17 37 37
13 36 35
11 34 34
14 38 35
14 37 34
12 35 35
12 36 33
13 34 33
10 35 34
10 38 34
11 37 32
5 37 34
11 37 32
10 37 31
11 39 34
11 35 32
11 35 31
13 37 30
10 36 31
14 36 30
15 36 32
10 35 31
7 37 34
11 36 34
15 35 37
7 35 36
11 34 35
14 37 35
12 37 34
13 36 32
13 34 32
12 37 32
12 36 33
11 37 33
10 37 31
6 38 35
13 30 35
11 38 33
7 36 32
12 36 31
12 35 32
13 36 31
13 34 31
15 37 31
12 35 32
5 36 32
7 36 32
16 35 36
12 32 34
12 31 35
12 38 38
14 40 38
16 40 39
16 41 38
15 40 36
16 38 36
11 39 35
2 40 35
13 36 34
12 39 36
9 39 35
12 44 35
14 48 36
16 44 35
18 40 36
18 40 34
17 41 35
14 42 37
10 44 29
13 43 35
14 41 33
14 40 35
14 43 35
12 41 33
13 42 35
13 34 37
10 36 35
12 38 32
12 40 32
13 38 32
13 38 31
7 40 31
10 36 29
9 36 28
12 37 29
14 36 28
13 37 29
12 38 30
13 38 33
12 39 32
14 39 33
13 40 34
13 41 34
6 38 33
12 39 35
11 39 33
12 36 34
15 38 32
15 39 33
14 38 34
12 40 34
13 39 36
13 37 35
13 40 36
11 40 37
6 41 34
10 41 32
12 39 31
11 42 30
10 44 29
12 45 31
15 48 32
16 50 34
19 53 33
26 48 38
32 44 42
35 43 41
35 43 44
32 42 46
32 41 49
32 40 50
32 40 53
35 40 52
35 40 53
35 40 52
35 39 51
34 39 52
34 40 51
33 38 51
34 38 53
34 40 52
