33 53 30
34 53 30
34 53 31
33 54 30
34 53 30
33 54 31
33 53 31
34 52 31
35 53 31
33 53 31
33 52 30
34 54 31
34 54 31
33 54 32
33 54 30
34 54 30
35 55 32
34 53 31
35 53 31
35 53 32
35 51 32
37 51 32
37 52 34
39 53 32
35 52 33
32 54 33
30 55 31
31 53 32
33 46 33
30 53 34
28 43 38
24 49 39
19 52 40
14 54 36
14 49 37
14 45 37
10 45 37
14 46 38
16 38 37
12 40 38
13 40 37
15 37 37
14 37 35
18 40 33
17 42 35
13 45 34
6 56 33
14 42 35
18 47 34
17 43 34
19 43 34
18 39 33
11 39 35
5 38 30
9 41 30
7 47 33
19 43 36
13 40 33
16 39 31
18 39 35
17 40 35
18 38 37
15 40 35
10 44 36
4 47 35
10 45 37
14 40 35
14 40 34
14 42 34
13 41 33
12 40 34
12 41 31
9 40 33
9 40 34
16 38 33
18 38 36
17 40 36
17 41 35
16 41 36
14 42 35
13 42 36
7 44 37
6 46 36
9 44 37
12 42 33
5 39 32
10 37 32
13 39 32
15 38 32
16 39 33
15 39 33
10 40 35
13 40 35
10 40 37
14 40 34
16 40 35
12 44 35
13 42 36
12 44 37
7 44 36
6 44 37
9 41 36
10 41 34
9 39 34
14 39 32
15 37 32
18 38 33
16 40 32
12 42 33
12 41 34
10 43 38
9 39 36
13 41 36
13 42 37
14 45 38
13 42 37
9 45 37
3 46 37
10 42 36
8 38 34
8 39 34
11 38 34
15 39 32
20 39 33
20 40 33
16 40 33
11 40 34
11 41 34
6 43 35
12 43 35
14 41 35
12 45 35
14 47 37
10 45 36
9 47 35
7 46 35
9 41 36
7 37 33
6 39 34
11 37 33
15 38 34
18 38 33
20 39 34
16 36 32
11 43 37
8 43 37
11 44 37
15 45 35
12 43 33
12 41 35
11 44 36
9 45 37
6 48 37
13 42 37
9 41 34
6 38 34
9 38 33
12 38 33
15 38 32
19 39 33
19 39 34
13 40 35
13 41 35
9 40 38
12 41 35
13 41 35
12 43 34
14 45 35
13 45 35
11 44 36
7 46 36
10 41 34
8 39 33
11 38 33
12 39 33
14 40 32
16 40 32
16 38 34
15 39 35
10 41 36
9 42 36
10 38 35
15 41 34
17 39 34
14 42 34
14 43 33
9 43 35
7 44 36
11 45 36
12 42 36
8 40 35
11 39 34
12 40 33
14 40 33
16 39 33
13 40 34
10 40 33
15 40 36
13 41 37
15 40 35
16 40 35
14 43 35
12 45 36
13 43 37
13 43 36
6 46 34
10 42 32
7 37 28
14 36 31
15 40 30
14 37 30
16 37 32
14 40 34
11 41 33
12 41 36
15 43 37
14 42 34
17 42 34
16 45 35
16 43 35
15 43 34
13 43 33
9 43 33
9 46 33
10 41 31
13 42 31
14 40 31
14 39 31
14 39 31
11 39 33
9 40 34
15 39 37
14 38 39
10 45 35
14 51 36
17 52 36
19 51 35
21 48 35
25 47 37
27 47 40
27 52 36
29 56 45
19 51 50
27 44 48
26 33 47
27 39 43
19 41 56
28 40 49
25 46 54
19 39 52
22 40 50
24 40 50
25 40 50
24 40 50
23 40 49
22 38 50
22 39 50
23 39 50
22 40 49
23 40 48
23 40 47
22 41 48
22 41 47
23 42 46
23 44 47
23 43 47
23 46 46
23 43 47
22 44 47
25 41 50
25 43 48
25 44 49
27 43 47
23 42 53
31 45 50
25 42 48
26 43 50
28 41 50
27 41 47
26 45 51
24 43 46
25 45 44
30 46 45
27 46 46
27 46 52
28 47 41
23 48 43
21 48 40
26 45 31
21 44 31
5 43 33
3 45 30
9 40 36
13 43 35
4 44 32
12 39 36
13 39 37
9 39 35
13 38 36
17 40 35
18 38 35
18 40 36
16 42 37
11 43 36
2 44 37
14 42 35
9 42 33
10 42 32
13 40 32
13 42 32
14 41 31
11 42 32
6 38 33
17 40 34
13 37 35
14 38 35
15 41 37
15 42 36
15 42 35
12 41 34
12 41 32
10 41 32
12 42 28
11 42 29
12 41 28
12 39 28
11 40 29
13 39 31
13 39 31
13 37 32
8 40 32
16 37 35
12 39 34
12 38 34
14 40 34
13 40 36
13 41 37
15 39 36
14 42 36
14 41 34
6 44 34
11 41 34
13 39 34
11 39 32
15 38 33
12 39 32
15 39 33
15 39 32
13 39 32
13 39 33
16 40 36
13 40 36
13 39 36
10 40 38
15 40 36
17 41 36
15 42 33
11 43 34
14 41 31
11 43 31
12 43 31
14 40 31
13 40 32
14 40 32
15 41 32
17 42 33
14 41 32
10 45 31
10 43 33
16 43 35
12 41 35
15 43 36
15 42 36
14 43 36
14 41 36
15 42 36
16 44 36
9 45 34
12 43 35
15 42 33
12 42 32
16 39 31
17 39 32
16 39 32
16 40 32
13 41 33
9 41 33
9 43 34
15 46 36
11 46 37
14 44 37
17 42 36
16 44 35
14 42 34
16 44 33
15 41 31
12 42 31
13 41 30
13 40 30
13 40 30
15 42 31
14 41 31
10 41 32
14 39 34
16 42 33
15 40 35
14 42 33
14 45 35
13 44 32
15 44 33
16 44 33
14 45 33
16 44 33
14 45 34
14 44 33
15 43 34
14 43 34
15 42 35
15 41 35
15 40 36
16 42 37
14 43 36
15 42 35
12 40 35
12 38 35
13 40 34
11 40 33
13 40 34
11 38 34
14 41 34
14 41 37
15 40 37
16 40 37
14 41 38
14 42 37
15 42 38
15 44 39
10 45 36
13 44 35
17 42 34
13 39 33
16 39 33
18 40 34
16 42 35
14 42 33
11 44 32
7 44 33
9 41 31
14 42 33
14 41 34
14 40 35
18 42 36
15 41 37
14 39 38
13 43 38
13 42 36
6 42 36
9 41 36
12 39 35
12 40 34
14 38 34
15 39 34
18 39 33
17 40 34
13 39 33
10 39 35
4 42 34
16 39 36
9 40 34
15 40 34
18 40 36
16 42 35
15 41 38
12 43 38
13 41 38
3 44 35
12 43 35
9 40 33
10 40 33
12 39 34
13 40 34
15 38 33
17 40 34
15 39 34
11 39 34
12 42 36
13 43 38
13 41 35
15 41 35
17 43 36
17 42 36
14 45 36
11 44 36
8 45 33
9 46 34
12 41 30
10 39 30
12 39 32
14 38 31
15 39 33
17 39 33
16 39 33
14 39 33
10 41 34
13 40 35
11 42 35
13 39 35
14 42 35
14 43 36
14 42 37
11 43 37
8 42 35
7 42 34
13 40 33
8 40 31
12 38 32
14 38 31
14 38 32
16 39 31
13 40 33
13 39 32
12 39 34
16 39 37
12 38 36
15 39 39
15 40 38
12 42 38
14 43 39
10 44 38
9 44 36
7 43 36
9 42 35
9 39 34
11 38 35
13 38 34
16 39 35
17 39 34
16 39 34
12 40 34
12 39 35
7 40 37
12 39 35
14 40 36
17 41 36
14 44 37
11 44 38
8 46 38
2 45 37
10 42 37
10 40 33
8 39 34
13 38 33
14 38 33
17 38 34
19 39 34
17 40 35
10 41 35
12 41 35
9 42 36
11 41 35
13 42 35
13 42 35
13 45 36
13 45 36
11 48 36
6 46 35
10 43 34
9 39 32
8 39 31
12 39 31
13 40 32
16 39 32
17 39 34
18 39 35
11 40 35
11 43 36
13 47 37
16 44 38
18 42 37
14 43 36
11 44 37
9 44 36
11 45 35
5 45 35
9 43 33
11 41 34
8 38 32
9 38 32
11 38 31
16 37 32
16 40 33
15 43 34
16 51 37
20 45 42
17 46 42
19 46 43
21 47 39
21 51 39
21 51 38
22 51 39
19 55 38
19 54 36
23 51 35
26 47 36
26 48 35
29 50 35
30 52 37
30 49 41
29 52 42
29 54 40
27 47 39
28 51 42
26 49 42
26 51 41
25 51 42
26 50 44
21 47 41
20 44 41
21 47 43
22 46 38
21 43 40
22 45 41
20 45 41
18 46 42
16 44 45
16 43 42
10 45 44
11 42 39
12 44 33
11 35 35
16 39 35
16 40 35
16 40 35
9 44 36
14 42 34
12 39 33
9 41 31
11 39 35
16 41 33
16 40 33
15 39 34
10 43 33
11 42 36
14 41 36
15 41 36
15 41 35
15 40 35
14 42 34
13 40 33
13 41 33
12 41 34
9 41 33
13 39 33
12 39 31
12 39 30
15 42 31
14 44 32
13 40 32
14 41 32
13 40 33
12 41 32
12 40 35
15 40 34
12 41 34
13 40 34
15 44 35
16 44 36
17 45 34
15 47 36
19 49 33
19 47 34
19 50 37
20 50 39
18 51 38
19 53 38
17 56 37
22 51 38
22 51 38
20 52 39
21 46 38
23 44 40
24 45 42
24 41 46
21 41 48
20 43 48
21 39 48
22 36 48
20 35 41
14 33 49
29 37 54
22 38 50
14 35 48
12 34 47
17 38 38
17 41 40
18 46 41
18 58 37
24 60 42
28 59 40
29 56 37
24 56 37
22 52 41
23 51 44
24 48 44
21 50 45
22 49 45
29 44 46
28 41 45
17 43 45
15 40 47
20 37 47
19 37 46
16 38 47
15 37 47
20 37 46
18 38 45
16 39 44
16 41 45
19 39 44
17 38 43
16 40 44
16 39 44
18 38 44
16 38 44
14 32 44
14 36 41
16 37 43
15 36 40
13 36 39
13 34 42
11 35 39
15 33 42
10 31 40
11 34 39
14 31 38
14 32 37
14 33 37
17 30 43
11 35 41
12 35 45
17 36 46
15 37 44
14 37 44
15 37 45
15 36 39
11 37 37
15 37 40
15 39 39
15 39 42
14 35 43
14 37 43
17 36 45
18 41 44
14 42 41
16 38 42
18 40 45
13 36 45
17 38 43
16 39 43
19 36 44
16 35 45
14 38 43
17 39 43
17 36 41
15 40 45
12 36 43
14 33 42
16 35 41
13 33 42
14 36 42
14 32 42
14 35 42
14 34 42
15 33 40
13 34 40
14 35 41
14 36 41
14 35 41
13 34 42
15 34 43
13 38 43
14 36 43
12 34 42
13 35 42
14 38 46
10 40 44
17 34 44
18 34 39
18 38 40
17 40 41
17 45 41
17 40 44
19 39 45
19 42 40
17 45 37
15 45 39
15 47 38
15 46 37
15 45 34
14 44 33
12 46 31
12 44 30
14 41 31
11 40 31
10 41 32
12 41 34
17 40 36
13 41 35
15 40 39
17 40 39
14 42 37
14 39 37
13 42 37
13 42 35
12 43 36
7 44 36
8 40 30
12 36 33
15 39 34
15 39 33
15 41 34
15 36 33
14 40 32
12 39 33
11 39 35
11 38 37
11 39 34
19 40 35
18 41 34
14 41 34
10 42 34
8 41 37
7 43 40
5 42 36
7 36 37
9 37 37
13 39 35
16 39 35
18 39 34
18 39 33
15 40 31
9 41 32
8 40 36
11 40 38
14 38 37
14 42 36
12 42 35
10 44 36
12 45 36
11 44 37
10 43 36
9 41 36
7 39 36
10 37 36
11 36 35
15 41 35
16 41 33
14 38 35
10 40 33
17 40 35
10 42 35
12 43 33
17 42 35
14 42 34
12 42 35
11 44 36
11 45 36
4 46 36
10 44 34
11 42 35
12 38 34
11 38 32
13 39 33
14 37 33
14 39 33
13 40 34
16 38 34
14 41 37
12 40 35
16 39 36
15 41 36
12 42 36
11 44 37
9 44 37
5 46 37
11 43 34
8 41 33
10 37 34
12 38 32
12 39 32
13 40 34
16 40 34
19 44 38
16 49 38
18 48 42
18 45 41
23 42 39
23 45 39
23 46 41
23 49 41
19 53 40
16 53 41
17 50 42
18 49 38
17 47 39
21 45 38
22 43 38
20 44 36
18 45 39
17 44 38
15 44 39
16 46 40
16 48 37
21 52 37
22 53 33
23 52 32
25 53 32
26 54 31
25 52 31
19 52 31
17 51 32
19 52 32
22 51 34
19 51 33
24 49 35
30 52 35
28 53 35
27 58 32
30 59 34
35 55 33
30 58 31
31 55 33
33 53 34
29 53 33
28 50 35
28 48 36
22 49 37
22 55 36
24 52 36
24 50 35
24 50 33
24 50 35
23 51 32
24 53 30
24 52 31
23 54 29
25 52 31
25 53 29
24 54 24
24 46 29
24 50 31
25 53 30
25 53 27
27 54 26
27 48 27
28 51 26
27 51 25
27 52 35
27 60 26
25 52 32
24 48 32
25 51 33
26 48 35
28 47 35
31 50 38
25 54 39
25 54 39
24 54 39
25 55 42
30 55 41
25 59 40
25 55 43
27 54 42
27 53 46
27 52 45
30 50 43
32 46 44
37 40 43
38 43 43
39 39 45
38 38 50
36 34 53
37 35 54
37 34 52
39 35 50
41 34 52
40 36 52
38 35 53
37 34 53
36 34 52
35 34 52
