2 13 40
11 41 35
2 9 39
10 37 37
12 39 39
11 34 39
14 35 39
14 34 39
13 35 38
14 36 38
13 36 37
14 37 37
13 40 37
15 41 36
12 41 36
12 42 37
14 41 37
13 39 37
10 38 37
15 38 37
15 38 38
14 37 38
14 37 38
11 37 38
3 37 37
10 41 37
14 38 37
13 38 36
13 39 35
15 40 36
17 39 36
15 38 36
13 38 36
6 38 36
7 38 35
15 38 38
10 35 36
16 38 37
18 36 36
17 36 37
18 37 37
14 37 39
0 38 37
8 39 36
13 41 38
14 40 36
15 39 36
15 39 37
17 40 36
14 39 37
10 39 37
4 38 37
15 38 38
11 36 36
14 35 37
16 36 36
18 36 38
16 37 37
16 37 40
11 37 40
0 39 38
12 41 39
14 41 39
16 39 38
15 41 37
16 39 36
14 38 35
13 38 36
7 37 35
5 39 34
16 36 38
11 35 35
15 37 36
18 37 38
17 36 37
17 37 38
17 40 39
11 38 39
0 41 39
14 42 39
11 40 38
14 41 37
16 37 35
15 38 36
16 39 34
14 40 35
10 39 36
2 38 35
17 39 40
12 37 37
16 37 39
17 39 37
16 37 38
14 39 38
16 38 39
11 38 38
1 41 37
13 40 36
10 39 35
13 38 33
15 38 33
17 36 34
17 39 34
16 38 34
9 38 36
2 40 34
15 40 39
11 37 36
15 38 37
19 39 37
17 37 36
16 38 37
15 39 37
9 38 36
0 40 38
11 40 38
9 37 35
15 36 36
17 36 35
17 37 34
19 39 35
14 38 36
7 38 36
6 40 36
14 39 38
13 35 38
16 39 38
17 38 38
17 37 38
18 38 38
15 40 38
7 39 36
5 42 37
11 40 34
11 40 33
15 39 34
17 38 35
16 39 34
17 37 36
13 38 34
7 40 35
7 41 35
12 39 36
14 37 36
17 38 36
18 36 36
16 38 37
16 39 37
12 39 37
0 41 35
10 40 36
11 38 35
14 39 35
17 39 34
18 37 35
15 39 33
16 38 35
10 39 34
2 40 33
14 40 38
11 36 36
17 38 37
18 37 37
17 38 37
16 39 38
15 38 39
11 38 38
0 42 37
14 40 36
12 38 35
11 37 35
15 39 35
16 38 34
17 38 36
16 40 35
11 39 36
2 40 35
13 39 39
13 37 37
16 37 37
18 38 37
18 38 37
17 38 37
16 40 37
11 40 39
0 41 37
12 39 35
9 39 35
13 38 33
17 38 34
15 37 34
17 38 35
15 39 35
10 37 34
5 38 35
15 39 37
11 36 36
17 38 36
15 36 36
16 39 37
16 39 37
15 39 38
10 37 35
3 37 34
12 40 36
12 36 35
14 37 33
16 38 34
17 38 34
16 39 36
13 38 35
8 37 34
2 35 31
15 35 36
11 31 35
16 36 37
19 36 37
17 37 36
17 39 37
14 40 38
6 38 36
3 40 35
13 39 36
11 37 35
13 37 33
16 36 34
17 37 33
17 37 33
13 38 35
8 39 34
3 38 34
14 38 39
10 34 36
14 37 38
17 36 37
16 37 37
15 36 36
15 39 38
10 38 37
0 40 37
15 38 36
11 37 35
13 38 35
17 38 35
18 38 35
18 37 35
13 38 35
6 39 33
6 37 34
13 37 37
13 35 35
16 37 36
17 38 37
16 38 37
17 38 38
13 39 39
1 41 36
10 40 36
11 40 36
10 37 34
14 38 34
18 36 33
16 37 34
16 37 33
9 37 34
3 38 33
14 38 36
10 36 35
14 36 37
19 37 37
17 36 36
17 37 37
17 38 38
11 37 36
0 39 35
11 37 35
13 36 34
13 37 34
13 37 33
17 39 34
15 38 34
15 39 35
10 39 34
1 38 32
14 39 37
12 36 34
15 37 35
16 37 36
17 37 36
15 37 36
17 39 36
11 38 37
0 40 36
10 40 36
12 39 34
14 39 33
16 36 34
16 37 34
16 40 34
14 38 34
9 38 34
2 38 32
16 37 38
12 35 35
14 38 38
16 38 38
16 36 37
16 39 38
16 40 38
11 39 37
0 40 35
12 38 35
12 39 35
14 36 33
17 38 33
18 38 34
14 38 36
13 37 34
10 39 34
2 39 34
15 36 38
12 36 34
16 35 35
17 37 37
15 37 37
15 38 37
15 38 37
10 37 37
1 40 37
11 38 35
11 36 35
15 35 33
17 36 35
16 36 33
15 38 34
15 38 34
10 39 34
1 39 32
14 38 37
13 36 35
13 34 35
17 37 37
17 35 35
16 38 37
15 39 37
10 37 37
3 38 36
10 39 36
10 37 35
9 36 32
16 37 33
17 37 33
17 38 33
16 39 33
11 38 35
5 39 35
11 36 35
11 37 37
13 36 36
16 38 36
17 36 37
16 37 37
16 38 38
14 40 37
9 37 36
1 40 35
12 38 35
10 37 34
14 37 31
16 35 33
19 39 33
15 38 33
13 40 35
9 38 35
2 39 33
15 38 37
13 36 34
13 38 36
19 36 37
17 36 36
15 39 38
15 38 37
11 38 37
0 42 35
8 41 36
13 38 35
11 36 34
15 37 34
16 36 33
16 38 34
16 38 34
12 38 34
5 39 33
7 39 33
13 36 37
12 36 35
16 38 36
17 37 36
16 38 36
16 37 36
13 37 36
8 39 35
5 38 33
13 38 36
10 38 33
12 35 33
17 38 33
17 38 33
16 39 34
12 38 35
10 40 35
4 39 35
12 37 37
13 36 36
13 37 36
15 35 36
16 35 36
15 37 36
18 38 38
15 38 39
5 39 37
9 38 36
12 37 37
9 36 33
12 37 33
13 36 33
15 37 34
12 38 35
