12 36 33
12 36 35
13 36 34
13 37 34
12 35 35
14 36 35
13 37 34
13 37 35
12 37 35
10 36 35
11 37 34
10 37 34
13 36 34
13 36 32
13 36 31
11 38 32
11 37 31
12 37 32
13 38 32
12 38 31
12 37 33
10 37 33
11 37 33
11 36 33
15 34 33
16 33 32
13 38 33
12 37 34
13 38 37
12 37 35
12 38 35
13 37 35
13 36 34
10 37 34
9 36 33
10 37 32
13 38 33
15 36 32
12 37 31
12 37 30
13 38 30
12 36 30
11 33 31
9 35 30
10 37 32
15 35 32
13 34 34
12 35 33
12 35 33
14 35 34
15 36 35
12 37 35
12 36 33
5 38 34
8 36 32
14 36 32
15 35 31
13 35 29
13 34 30
13 34 30
12 36 32
11 34 31
7 32 28
13 36 32
13 35 34
13 35 34
13 35 35
13 38 34
12 37 35
12 37 34
10 36 33
5 35 33
13 39 32
13 37 32
12 37 31
15 37 30
16 37 31
16 36 30
12 37 29
11 37 31
6 39 33
13 38 33
13 37 32
12 36 33
13 33 32
14 35 32
15 35 35
14 36 34
9 36 31
4 37 30
16 36 31
11 41 31
14 37 29
14 40 30
14 36 32
13 38 31
13 35 33
9 37 32
8 37 31
13 39 32
11 35 32
15 36 34
13 37 35
15 37 35
14 37 36
14 38 35
3 40 33
12 37 33
12 38 32
11 36 29
15 37 30
13 36 30
13 36 31
13 36 31
10 37 31
6 38 30
10 40 35
15 37 33
13 36 31
11 39 33
13 35 33
13 35 32
15 35 34
16 35 33
11 35 32
6 38 31
11 36 31
10 38 31
14 36 30
14 38 31
14 37 30
11 37 29
10 37 31
7 33 29
12 35 31
12 31 29
12 31 30
11 34 35
13 38 34
13 40 34
12 41 35
12 40 35
7 42 32
13 36 30
13 38 30
12 30 30
14 34 30
14 35 31
10 35 30
8 36 32
7 41 34
12 41 37
13 35 33
11 38 35
11 38 36
14 37 34
16 33 35
15 36 35
15 36 34
3 41 34
12 37 34
12 41 32
13 39 30
14 39 31
14 38 31
13 37 30
12 36 32
12 36 31
6 35 31
12 36 32
13 36 31
12 34 32
13 35 34
14 35 32
14 37 35
13 39 36
13 37 34
4 39 32
12 36 33
12 36 32
11 35 28
13 33 29
14 36 31
15 35 30
13 34 31
10 38 31
7 37 32
8 40 34
15 38 33
14 36 32
12 36 32
13 35 34
11 35 35
13 33 35
15 34 35
15 35 34
12 36 34
2 43 33
11 37 32
10 37 32
13 37 31
17 38 31
14 36 31
12 35 31
11 38 33
11 38 31
11 38 33
12 38 34
12 38 34
13 38 34
13 35 36
14 38 36
14 37 33
15 38 35
13 37 33
13 39 34
11 39 35
12 38 32
12 38 32
12 37 31
13 37 31
14 38 32
11 36 33
11 36 34
14 36 34
14 37 34
12 36 35
11 36 34
12 37 34
13 36 35
12 38 36
13 38 36
13 36 36
12 36 35
10 36 34
12 38 34
12 36 34
12 36 34
13 38 34
13 37 33
13 38 33
13 36 33
13 38 33
12 38 34
12 37 34
11 37 33
12 38 33
12 37 33
11 37 33
13 36 34
11 36 33
12 37 34
12 35 33
12 38 33
12 38 34
13 37 34
12 38 34
13 37 34
12 38 33
13 36 33
12 37 32
12 37 34
11 35 33
12 37 34
12 36 33
12 38 32
13 36 34
12 38 34
12 38 34
12 37 33
13 38 32
13 36 34
14 37 34
12 38 34
13 36 34
13 37 33
12 37 33
12 37 33
12 36 34
13 37 35
12 37 34
12 38 34
12 38 34
12 39 33
14 37 34
12 38 33
13 37 35
13 38 34
12 37 34
12 37 33
12 37 35
12 37 34
12 38 33
12 38 34
12 38 34
