14 40 40
14 40 40
13 39 41
14 39 41
15 39 40
15 39 40
15 39 41
14 40 41
15 38 41
14 39 41
14 39 40
15 39 40
15 39 41
14 38 41
15 39 42
15 40 42
15 40 42
16 41 42
14 40 42
16 42 44
17 39 44
19 38 45
19 39 45
19 40 46
20 42 47
22 44 48
23 43 47
24 43 47
24 42 47
25 44 49
27 44 51
30 44 49
32 44 49
31 45 47
32 44 47
33 40 48
31 45 49
31 41 50
32 40 51
33 39 50
34 39 50
34 40 51
37 40 52
35 40 52
34 39 52
35 41 51
33 43 50
35 42 50
35 44 50
36 45 49
33 45 49
32 45 48
32 43 49
32 45 49
32 45 50
33 46 50
32 46 49
34 44 50
36 45 50
34 44 50
33 43 50
33 41 50
33 40 51
34 39 52
34 41 52
34 40 51
33 40 50
34 40 51
35 40 51
33 39 52
32 41 52
33 43 54
31 45 54
29 43 52
28 42 51
30 44 49
30 42 47
32 43 49
31 41 49
32 43 50
31 43 51
33 43 52
34 44 51
33 43 51
34 44 50
34 44 51
31 40 53
32 40 50
32 41 51
31 41 51
32 40 50
32 40 51
31 40 52
34 40 52
33 40 52
32 39 53
33 43 55
30 43 54
33 42 51
34 41 50
32 43 51
33 42 49
34 41 49
33 41 49
33 42 50
34 41 52
34 40 54
34 41 53
33 43 54
30 43 51
27 41 50
28 41 50
30 41 53
30 39 51
31 39 50
32 40 51
31 38 52
32 39 53
34 38 51
35 42 53
31 44 53
33 40 50
32 42 51
31 44 53
32 41 52
32 40 49
31 40 50
31 43 50
31 42 51
32 42 52
30 43 54
30 39 50
29 39 49
30 40 51
31 38 50
31 39 51
30 39 51
29 40 51
28 41 53
28 40 53
25 43 54
25 42 49
28 41 48
28 45 49
28 43 51
30 40 48
29 43 47
30 46 48
32 46 49
32 46 49
34 46 50
33 47 52
30 44 53
26 41 50
29 40 48
29 41 50
30 38 49
31 40 49
30 41 51
30 41 50
31 41 52
30 41 52
32 46 52
29 46 50
30 42 49
27 43 49
28 43 49
31 41 46
31 43 48
31 42 50
30 43 52
30 46 54
27 43 53
26 43 52
25 43 49
26 42 47
29 41 49
29 40 48
31 41 50
30 42 51
29 42 51
28 42 51
30 44 52
24 48 51
27 44 46
26 41 45
26 43 46
26 46 48
28 43 48
27 45 49
27 44 50
26 46 51
26 45 50
25 46 50
22 43 49
18 44 45
22 41 45
24 41 46
24 41 47
25 41 48
24 40 48
23 40 49
23 41 50
23 40 50
20 45 51
20 42 46
23 42 44
22 45 46
19 45 47
23 43 45
22 44 42
21 43 45
23 43 47
24 43 48
23 44 49
21 45 49
21 45 48
19 41 45
17 39 42
18 41 44
20 41 45
22 43 47
21 43 47
20 43 46
20 41 46
21 42 45
22 41 45
20 43 47
17 45 44
22 41 44
21 44 44
19 46 45
21 45 44
21 46 43
20 46 43
20 46 42
18 47 42
20 46 41
19 45 42
19 46 42
19 45 42
19 45 42
21 46 43
22 46 42
19 46 42
20 44 43
21 47 42
20 45 42
19 46 43
21 46 43
20 45 43
19 45 42
21 45 43
20 46 43
19 44 42
21 46 43
19 46 42
19 46 41
21 46 43
19 46 43
19 46 42
19 45 41
19 45 43
20 46 43
20 45 42
20 45 43
19 45 44
20 45 43
20 45 43
19 44 43
21 45 44
20 45 45
22 44 44
21 45 45
21 44 45
22 43 46
22 42 46
23 43 47
22 43 47
22 41 48
22 40 48
21 41 48
23 41 48
23 42 48
23 41 49
