38 35 48
39 41 49
39 40 46
38 43 48
33 40 44
30 44 50
25 43 46
20 40 48
12 40 50
15 38 48
17 36 44
15 38 42
11 38 39
9 37 37
8 35 36
10 38 37
9 37 38
10 37 37
13 38 37
9 36 34
8 37 32
10 36 32
14 36 32
16 35 32
16 36 34
11 36 35
6 34 35
11 34 37
13 36 37
13 33 36
15 37 36
16 37 37
14 36 37
14 36 37
11 37 38
3 35 37
4 36 36
9 34 33
10 35 32
16 34 33
16 37 33
16 37 34
16 36 34
11 36 34
6 35 34
7 36 35
11 35 38
11 34 34
15 35 35
15 34 37
15 36 36
16 37 37
12 35 38
8 36 35
5 35 37
10 36 35
9 37 35
13 35 35
13 36 34
14 35 34
14 35 34
15 35 34
10 35 34
4 37 34
11 34 36
13 37 38
13 33 34
15 34 34
15 35 36
15 35 36
13 35 37
11 34 39
7 36 38
7 36 38
11 38 37
10 36 35
15 35 34
15 35 33
12 35 33
14 36 33
10 35 35
8 33 35
9 33 35
12 36 42
16 32 39
18 36 39
18 35 40
16 39 40
15 39 40
13 38 41
10 38 40
4 39 38
11 37 35
12 37 35
14 37 33
16 37 33
15 37 35
14 36 35
13 35 36
11 34 35
8 34 36
8 34 36
14 35 35
13 35 34
14 36 35
16 36 37
12 40 37
11 36 36
12 35 37
13 36 35
11 35 36
8 37 37
10 36 35
9 34 33
8 34 33
11 36 33
15 37 32
16 35 33
16 36 32
13 35 33
4 36 35
7 34 34
12 35 36
11 33 36
14 37 35
16 36 35
16 35 35
15 36 36
13 35 37
11 35 37
3 36 36
8 34 36
9 35 35
9 36 34
12 34 33
14 35 34
16 35 34
16 35 34
12 35 35
7 35 33
9 36 35
11 34 33
10 35 35
16 36 36
14 41 38
16 37 38
14 37 37
11 36 37
5 35 34
5 32 40
11 38 37
9 37 37
11 36 34
13 37 32
15 35 32
17 34 33
15 34 34
13 35 34
5 33 34
9 31 32
12 32 38
13 32 36
15 35 37
17 36 37
16 36 36
14 36 39
12 36 38
7 37 39
3 36 40
10 35 37
11 35 35
12 36 34
14 34 33
16 34 33
17 37 33
15 34 33
8 35 36
7 34 38
9 34 37
11 33 36
13 33 35
18 36 35
16 35 35
13 35 37
11 36 37
2 36 37
4 38 38
10 35 36
10 35 34
12 36 33
15 35 33
15 36 33
16 34 33
12 35 33
8 36 34
6 35 35
11 35 36
11 34 36
16 35 36
18 36 35
15 36 37
13 36 38
10 33 37
4 36 37
6 37 38
10 36 36
11 36 35
12 37 34
14 36 33
16 35 33
15 34 33
10 36 34
8 34 32
8 35 35
15 34 36
12 34 37
15 33 34
16 36 35
16 36 35
14 36 35
10 35 36
6 36 37
6 37 39
9 35 37
9 35 34
12 36 35
14 35 34
16 35 33
17 34 34
14 33 34
8 35 34
7 35 35
9 35 35
12 33 35
17 34 36
17 36 36
16 36 37
13 35 37
8 36 36
4 35 38
5 34 38
7 35 33
11 35 35
14 36 35
15 35 32
17 35 32
15 35 33
8 34 36
5 35 34
14 34 37
16 34 37
13 34 36
16 37 36
14 35 36
12 36 38
11 34 38
7 34 36
3 38 37
8 38 38
12 36 36
9 34 34
13 34 33
15 36 32
15 36 33
15 35 33
8 35 33
6 35 34
13 34 37
11 34 36
13 32 35
16 35 36
17 36 37
14 35 37
12 35 37
10 35 37
4 37 38
9 38 39
6 36 35
9 37 33
14 37 34
15 36 33
15 35 31
12 37 33
8 36 32
6 35 35
11 35 36
12 35 37
16 35 37
17 34 37
15 35 38
12 35 36
12 35 38
7 36 36
3 36 38
9 35 36
11 37 35
13 37 35
15 35 34
16 36 33
14 36 33
8 36 33
5 34 31
9 34 34
15 36 38
13 33 36
15 33 35
18 35 35
16 34 37
14 35 37
11 36 38
5 36 36
9 37 39
3 34 34
8 34 34
15 36 36
18 35 35
16 34 34
16 36 33
9 34 33
6 36 33
7 35 34
11 35 38
11 34 34
16 35 36
17 35 37
16 37 37
12 35 37
8 34 37
5 36 35
8 36 38
7 35 33
10 35 33
14 36 33
16 36 33
17 36 32
16 34 32
13 36 33
8 35 34
5 36 34
11 34 38
9 34 37
14 35 36
17 37 36
15 36 36
15 36 35
13 35 36
6 36 36
6 36 36
11 36 36
8 35 35
10 34 34
14 35 33
15 35 34
17 36 33
15 35 33
7 35 33
5 37 32
12 34 35
13 33 34
13 33 36
15 36 35
14 35 37
15 36 37
13 33 37
8 31 36
2 39 35
10 34 36
9 36 34
9 37 34
13 37 32
16 34 32
16 34 33
15 35 34
10 34 33
3 34 34
7 33 35
13 33 36
12 33 34
17 35 36
16 35 36
15 35 35
11 34 37
10 36 37
5 37 36
6 34 39
8 35 34
10 31 33
11 38 33
13 35 33
16 35 33
17 35 33
14 37 33
10 35 33
7 35 35
8 35 36
11 35 37
10 35 34
18 37 36
16 37 35
13 35 36
12 33 35
10 34 37
4 36 39
8 36 37
12 34 32
8 36 35
11 35 32
12 36 31
15 35 31
16 37 33
14 36 35
11 34 35
8 33 36
14 34 37
12 34 36
10 34 35
16 34 36
15 36 36
13 36 36
12 35 35
10 36 37
4 35 37
9 35 37
9 36 35
7 36 33
12 35 32
15 36 31
14 34 32
16 36 33
13 36 33
8 35 33
6 35 34
13 35 36
11 34 36
14 32 36
13 34 36
14 36 38
12 36 38
12 35 36
11 35 36
5 36 33
8 36 34
12 34 31
8 33 30
11 34 30
12 36 31
13 35 31
14 36 32
13 35 32
10 38 34
10 35 35
9 34 36
12 35 37
11 34 36
13 33 36
14 33 37
13 35 39
15 35 37
14 34 39
11 33 37
14 33 38
15 34 39
13 32 38
9 31 41
9 34 41
10 38 38
11 33 33
8 34 30
11 35 29
14 36 31
14 36 30
13 35 31
13 35 34
12 35 34
12 36 35
12 36 35
11 34 33
7 38 35
9 37 36
14 32 34
11 31 32
11 31 34
14 32 33
14 32 33
13 34 36
12 34 38
11 34 37
9 36 36
6 37 38
9 35 37
11 35 33
10 35 33
12 35 33
13 36 33
15 35 34
14 36 34
15 35 35
10 36 35
7 35 34
8 34 35
15 33 35
12 34 34
14 35 35
15 36 35
14 35 36
13 34 36
10 35 35
8 34 37
3 35 40
10 36 36
11 35 33
10 35 33
12 35 33
15 37 33
18 35 33
16 35 34
14 34 35
7 33 35
4 34 35
13 35 37
13 32 34
14 35 35
15 36 37
15 37 39
13 36 38
11 34 38
8 36 38
3 36 38
10 36 37
9 35 32
12 35 33
14 35 32
16 36 32
16 35 33
16 34 35
13 35 36
8 33 34
5 35 37
14 35 38
11 33 34
14 35 36
14 36 36
14 35 35
13 34 37
11 35 38
8 36 36
6 36 38
11 35 34
10 35 32
9 35 34
15 35 33
15 35 33
15 36 33
12 35 34
6 35 33
4 36 35
12 35 35
12 34 35
12 35 34
17 35 35
16 38 36
15 37 38
12 35 36
9 35 37
3 37 36
8 36 38
11 35 33
10 36 32
13 36 32
14 35 30
14 35 32
17 35 34
13 34 34
8 34 34
5 36 34
8 35 34
13 36 37
10 32 34
16 36 35
14 37 36
13 34 36
11 34 35
10 35 37
1 37 36
8 36 34
12 35 31
10 37 33
13 35 33
13 35 32
16 34 32
15 34 33
9 35 33
8 35 32
8 35 33
11 34 35
14 34 33
15 34 35
14 35 36
16 36 36
12 37 37
9 33 38
5 35 36
4 36 37
10 36 34
9 35 34
11 34 33
15 35 32
16 36 33
18 35 33
15 36 34
8 35 36
5 34 36
12 34 37
12 33 36
13 33 35
16 34 36
14 36 37
14 35 36
12 35 35
10 35 37
3 34 36
11 35 37
7 35 35
10 36 34
13 35 34
16 36 34
16 35 34
16 35 33
9 34 33
4 35 33
13 35 33
11 36 39
13 33 38
17 35 38
15 36 37
14 35 37
13 34 37
9 34 36
2 36 37
8 35 36
10 33 33
9 34 32
12 36 32
16 35 32
16 36 33
15 35 35
10 33 35
6 35 34
3 34 31
13 34 36
13 34 31
15 34 32
18 37 34
16 37 36
13 35 37
10 36 37
6 35 39
5 35 40
11 33 37
9 33 34
10 34 35
14 35 33
15 35 33
16 34 32
14 36 32
10 35 34
5 33 33
10 34 35
11 34 35
15 35 34
17 37 36
15 36 35
12 36 38
8 36 38
1 37 38
8 36 36
9 34 33
11 34 33
16 35 32
15 35 32
16 36 32
14 35 34
8 34 33
5 36 35
9 34 35
13 35 37
14 34 35
17 35 37
16 37 37
15 35 38
10 34 36
4 36 38
4 36 39
7 34 34
9 34 34
14 36 33
16 35 32
16 35 33
14 34 32
11 34 34
5 33 32
8 35 34
12 35 37
12 32 36
18 36 37
15 34 37
13 37 37
12 33 37
9 35 37
2 36 38
10 36 36
10 31 32
11 30 30
15 33 31
15 32 31
16 35 33
12 35 33
6 33 31
6 34 33
14 32 35
11 33 34
12 30 34
16 34 37
16 36 35
14 32 37
12 33 37
8 35 37
2 34 35
9 35 36
10 35 35
10 35 34
14 35 32
17 35 31
15 36 31
15 34 34
9 34 34
5 34 35
11 33 35
13 34 35
12 33 35
16 35 36
15 36 37
14 34 37
10 36 38
6 30 38
3 37 39
10 37 37
10 35 32
11 36 32
15 36 32
16 36 33
15 35 33
13 35 33
8 33 32
5 34 33
12 33 35
13 32 36
15 32 35
16 34 36
15 36 37
14 35 38
11 33 37
9 34 37
2 35 37
10 33 35
10 35 32
14 35 32
17 36 32
17 36 33
15 35 33
14 36 34
6 33 35
4 34 35
12 34 37
12 34 35
13 34 36
18 35 36
15 35 37
15 35 38
14 32 37
9 35 36
3 38 35
8 35 35
11 37 34
9 36 32
12 36 32
15 34 34
15 36 34
16 34 35
14 33 34
7 34 34
6 36 36
10 33 34
13 35 34
14 32 35
16 36 35
16 35 36
13 35 37
11 34 36
9 35 36
5 36 37
11 35 34
11 37 34
13 33 32
17 36 33
19 36 33
20 36 33
17 35 31
14 33 33
16 35 32
11 33 33
15 32 34
13 30 35
6 33 36
1 34 33
3 36 35
3 39 36
8 36 38
9 37 37
10 37 37
7 37 36
0 39 37
4 36 37
7 34 37
9 40 36
11 38 36
11 37 34
14 38 33
15 35 35
16 35 34
19 35 33
22 36 34
21 35 36
19 35 38
15 39 39
13 39 41
7 39 39
10 35 39
13 33 34
12 34 31
11 33 32
13 34 34
14 37 33
13 33 36
10 33 35
7 34 34
3 34 34
12 34 33
10 36 36
17 34 37
18 34 36
18 34 39
16 34 39
12 34 39
11 35 39
6 36 39
6 37 39
14 36 37
11 36 34
10 35 33
14 35 33
14 36 34
15 35 34
14 35 34
8 34 34
6 34 36
7 35 35
15 35 36
11 34 36
16 35 35
16 37 37
16 37 42
11 33 41
9 34 37
2 37 36
8 35 35
12 34 33
10 36 36
12 36 32
16 36 34
17 35 34
17 35 35
11 35 37
5 34 35
4 37 37
14 36 38
14 35 37
14 35 34
16 38 35
15 36 35
13 36 37
12 36 37
8 36 39
3 37 35
12 36 34
11 36 34
12 35 33
15 36 34
14 36 35
15 35 34
15 34 35
8 35 35
2 36 34
12 34 36
15 35 37
12 33 34
16 36 36
15 35 37
15 35 36
13 35 36
12 34 36
6 37 37
5 37 36
11 36 33
8 35 30
13 36 31
13 37 34
13 36 34
13 36 35
13 37 35
11 37 36
9 37 35
8 37 35
13 37 34
12 35 30
11 35 32
10 37 32
10 37 31
12 36 32
15 38 31
13 40 33
12 50 43
17 53 44
28 51 47
34 46 45
37 38 44
41 36 47
39 36 50
37 31 48
34 30 49
37 28 49
38 25 50
41 28 52
41 28 53
37 29 52
33 29 50
35 29 51
35 32 52
38 29 50
41 39 54
44 42 50
44 42 50
42 33 49
39 33 51
36 31 51
35 33 53
38 34 53
36 33 52
37 35 54
38 34 52
36 34 51
37 33 55
36 32 51
36 33 53
36 33 54
37 33 53
37 30 51
36 30 52
37 33 54
35 33 53
36 34 52
36 32 52
37 32 52
