12 37 34
12 36 34
12 37 35
12 36 35
18 37 36
12 38 34
7 39 32
12 38 34
15 40 36
13 39 36
9 37 35
9 36 35
9 35 34
9 35 33
12 33 31
16 33 33
15 37 34
16 36 35
16 35 36
14 36 35
14 35 37
12 37 38
11 38 36
7 36 35
8 37 35
13 38 35
12 38 33
15 36 33
16 39 34
14 39 34
16 38 35
13 40 35
7 41 35
7 36 35
8 38 36
13 35 35
15 35 35
16 37 35
18 38 34
17 36 36
14 35 39
14 33 39
10 32 39
10 38 36
5 40 35
7 39 37
11 38 34
12 41 36
16 38 34
17 35 36
14 36 35
15 37 35
9 35 35
11 37 36
4 36 36
9 38 37
16 36 36
16 40 37
19 36 34
20 39 35
16 39 36
13 36 36
10 36 39
7 37 38
0 39 38
10 39 36
11 36 35
15 36 35
18 34 32
17 36 33
18 38 33
16 36 33
9 37 35
8 37 37
4 37 34
9 38 38
15 34 34
16 38 35
19 39 36
20 38 35
17 40 36
13 38 37
8 37 38
8 35 37
0 38 37
9 38 35
14 36 35
14 37 32
18 39 29
16 38 31
16 40 31
17 38 33
12 38 33
11 38 34
3 35 32
6 38 37
13 34 35
15 37 36
21 37 36
18 39 36
14 38 37
12 38 37
10 38 37
9 36 36
1 39 36
9 36 34
9 37 34
16 36 32
18 35 32
17 37 34
18 36 33
15 38 34
10 38 34
5 36 34
2 36 33
12 37 38
14 36 35
19 36 36
20 37 35
14 36 37
13 38 37
15 38 37
9 37 37
7 36 35
1 39 37
11 37 35
12 37 37
15 35 34
16 34 33
15 37 33
15 37 32
14 36 32
10 38 34
9 36 35
6 37 35
12 36 37
13 37 36
13 36 37
16 36 37
17 36 38
18 36 37
12 38 37
13 37 37
11 39 37
7 40 36
4 40 34
11 38 34
15 33 33
13 32 32
15 35 32
14 38 29
16 38 32
15 36 32
11 39 33
10 38 34
7 35 33
4 38 33
14 36 32
14 37 34
18 37 33
17 37 34
15 37 35
14 38 34
15 36 35
11 39 34
9 37 34
2 41 34
8 37 34
11 39 34
15 38 32
20 36 31
18 36 31
17 39 31
15 40 33
10 39 33
10 39 34
5 39 33
10 39 36
14 37 35
15 37 35
19 36 35
19 38 33
16 37 35
15 40 35
12 40 37
10 40 36
4 40 36
1 40 36
11 38 34
11 37 33
16 38 31
17 34 31
17 38 32
16 39 31
14 39 32
9 40 33
10 40 35
6 41 36
11 36 36
13 38 35
16 38 35
20 36 33
16 37 34
15 37 32
15 36 35
9 42 34
8 37 31
2 40 33
9 37 31
16 41 34
16 34 33
17 30 32
16 37 30
16 35 32
13 38 34
10 40 31
11 42 34
6 40 33
10 38 36
14 35 34
15 36 34
16 34 36
14 33 35
14 37 33
13 37 34
14 39 34
11 38 34
7 38 33
2 41 38
10 39 35
11 41 36
18 34 35
17 32 33
17 36 33
16 37 33
13 39 32
9 38 34
7 39 35
2 37 34
13 36 36
14 37 34
18 38 37
19 34 37
16 38 37
14 42 35
12 38 37
10 35 37
8 36 35
2 40 37
15 38 34
9 41 37
14 37 34
17 35 35
17 37 34
18 38 35
17 38 34
12 40 32
10 43 37
3 40 34
7 37 38
13 35 36
14 39 36
17 38 35
18 37 34
17 37 34
12 37 36
11 35 38
10 37 36
6 38 35
2 40 36
13 36 34
10 39 34
18 36 33
17 35 34
17 39 32
17 38 33
10 39 34
11 39 34
7 36 33
5 38 34
15 34 35
13 35 34
17 35 35
18 37 35
17 37 35
15 37 36
15 38 37
10 39 36
7 38 35
0 41 35
11 37 34
9 40 35
16 36 32
20 35 33
18 38 33
16 38 32
12 40 33
12 41 32
8 38 35
4 38 34
12 35 34
14 37 35
18 37 37
19 38 35
17 38 34
15 37 35
12 37 35
9 39 37
9 37 35
1 39 37
10 37 37
9 37 37
16 36 34
18 36 31
16 37 32
16 36 32
14 37 33
11 38 33
11 37 36
2 37 33
12 38 39
14 35 36
15 38 35
18 37 36
18 37 35
15 36 36
14 37 37
11 36 36
7 36 35
4 36 35
2 40 37
13 36 34
13 38 34
17 36 33
19 36 34
16 37 33
12 36 33
13 37 34
10 38 34
9 36 35
4 37 34
12 36 37
13 35 34
15 38 35
19 37 35
19 37 37
14 38 37
13 37 38
8 37 38
6 37 36
1 39 36
10 37 33
9 39 35
16 35 33
18 34 32
17 37 33
18 38 32
13 38 33
9 38 32
10 38 35
7 37 34
11 38 36
14 35 34
15 38 35
16 37 36
17 38 36
17 38 35
14 37 36
10 38 37
8 36 35
2 38 36
8 38 34
13 37 34
11 36 32
17 34 31
16 35 31
15 35 30
15 36 32
13 37 32
11 37 32
10 35 32
5 35 32
12 35 34
14 33 32
15 36 34
15 36 33
12 34 34
15 36 34
13 37 35
15 36 33
15 37 34
14 38 33
5 39 34
4 40 33
16 36 36
13 34 34
10 30 32
9 29 31
13 31 30
15 36 29
13 35 30
11 34 30
11 37 31
12 36 32
12 37 33
7 37 31
10 38 32
15 36 34
15 39 36
16 35 37
11 32 42
12 37 38
13 35 36
14 37 35
14 37 36
9 39 38
13 38 36
14 37 36
13 36 35
8 36 32
9 36 30
13 38 33
14 38 33
13 38 33
8 37 33
14 38 35
17 38 36
11 38 37
12 37 38
15 37 37
12 37 37
13 36 38
13 37 39
14 36 39
13 37 39
14 38 39
13 37 40
12 39 41
11 36 38
17 37 36
13 38 37
15 39 36
14 38 37
14 37 36
14 39 37
12 38 36
10 38 37
10 38 36
13 38 36
15 38 36
14 39 36
12 38 37
12 38 37
13 41 38
12 43 36
13 43 37
13 45 37
15 45 37
14 44 39
