12 33 32
12 37 33
12 37 33
12 37 32
13 37 33
13 37 33
12 37 33
11 37 33
13 38 34
13 38 34
13 36 33
11 37 33
13 36 34
11 36 34
10 36 34
14 36 35
14 37 36
14 35 35
14 36 36
13 38 34
10 38 34
10 37 32
9 38 33
13 36 31
15 36 31
12 38 30
13 37 29
13 37 30
13 35 29
12 37 30
7 33 29
9 38 32
16 31 30
13 34 31
12 33 32
14 35 33
14 34 34
13 35 34
13 36 33
12 32 31
5 34 31
12 32 29
15 33 29
11 34 27
14 33 28
13 36 29
13 35 30
13 36 29
11 35 29
12 34 29
8 32 28
10 34 28
15 30 28
13 32 29
13 34 31
12 32 31
14 32 30
15 34 30
14 32 30
12 31 28
7 32 27
11 28 28
11 30 29
10 31 29
13 30 30
15 29 29
15 30 29
14 31 31
9 29 29
11 29 30
9 32 32
13 32 34
13 32 33
14 33 33
14 32 31
12 30 30
7 32 28
12 31 28
13 30 29
12 29 27
14 27 27
14 28 27
14 29 27
13 31 27
12 30 28
10 31 28
9 30 28
10 31 28
16 28 29
13 28 29
12 28 29
12 30 29
14 30 30
13 31 30
13 31 29
12 31 30
6 30 27
9 30 27
15 30 30
10 32 27
16 34 31
13 33 30
14 32 27
11 33 23
7 30 23
6 35 30
12 26 34
8 30 36
15 30 33
14 38 32
12 39 31
13 41 31
13 41 30
7 36 29
6 33 27
15 33 31
11 30 27
12 28 27
13 30 29
12 37 31
10 34 32
8 39 31
8 38 30
8 37 29
14 38 31
11 34 30
8 35 29
13 34 30
15 31 32
17 31 33
15 34 34
14 36 33
0 37 29
10 41 31
12 36 31
11 38 30
15 38 31
14 39 30
12 35 31
10 35 30
8 33 32
8 30 30
15 33 31
11 34 33
12 31 31
11 37 32
13 38 33
15 38 32
12 38 32
11 36 32
2 38 29
11 37 29
7 34 27
10 36 28
15 33 28
18 33 30
16 34 30
13 35 32
10 38 30
1 35 26
9 40 29
15 36 30
12 35 30
14 38 35
13 39 33
12 37 33
12 38 34
12 40 32
11 38 31
7 36 32
11 36 31
14 35 33
10 32 30
12 36 30
11 36 30
13 37 30
11 36 29
12 36 30
10 36 30
10 40 32
11 36 32
9 37 33
7 38 31
8 35 33
14 32 33
17 32 33
16 31 33
12 39 33
12 37 33
4 42 31
9 35 26
15 36 30
13 32 30
12 36 31
10 35 30
11 35 28
12 36 31
11 32 31
11 32 30
12 32 31
13 38 33
11 37 30
12 39 30
12 40 33
12 39 33
12 38 33
12 36 34
11 33 34
11 32 34
12 33 33
12 32 33
11 34 33
12 35 32
13 35 33
12 36 33
13 36 32
11 35 32
12 35 32
11 36 32
12 36 32
10 36 31
12 37 30
12 36 30
13 37 31
11 36 32
12 36 31
12 37 32
12 37 32
11 37 33
14 38 31
12 38 34
13 38 35
12 37 34
14 36 35
11 37 35
13 36 35
12 39 35
14 36 36
13 36 34
13 38 35
13 37 35
14 38 34
