13 37 35
14 36 35
13 37 35
2 13 37
13 37 33
12 38 35
13 38 35
15 37 35
14 38 35
14 40 34
14 40 37
12 40 36
6 40 37
11 39 36
17 35 37
11 35 35
10 34 36
15 37 36
15 34 37
15 36 36
15 37 37
15 37 38
13 37 38
2 39 36
12 39 35
16 38 35
12 36 34
14 39 35
14 38 34
14 39 34
15 37 35
13 39 36
11 39 35
4 37 33
12 37 35
14 33 33
14 36 35
16 35 35
17 35 37
15 37 36
17 38 38
14 37 38
8 36 34
3 38 34
14 37 34
11 35 34
14 37 33
16 35 33
15 37 33
16 38 34
13 38 35
9 39 34
2 38 32
15 38 37
10 34 35
14 36 37
18 37 37
17 36 36
15 36 38
17 38 38
12 38 38
0 39 36
11 39 36
14 38 35
11 37 34
16 37 34
17 35 33
15 36 34
15 37 35
8 38 34
0 38 33
16 38 37
11 35 34
13 36 35
17 38 36
17 35 37
15 37 36
16 39 37
12 38 38
2 39 35
6 39 35
13 37 34
11 38 32
15 35 34
17 37 33
17 37 33
16 37 34
12 37 34
5 37 34
6 38 33
14 36 36
14 34 35
16 38 36
18 36 35
16 38 37
16 39 37
12 39 39
7 38 36
4 40 37
10 39 34
11 37 33
15 38 33
16 36 33
18 38 34
17 40 34
13 39 34
7 39 34
6 38 34
14 37 38
12 36 34
15 38 37
17 36 35
16 38 37
15 38 36
16 39 38
11 39 38
1 40 36
10 40 36
10 37 35
14 36 33
16 37 35
15 36 33
17 39 34
17 38 34
11 39 35
5 39 36
9 40 36
12 38 36
13 34 36
16 38 36
18 37 36
15 38 36
17 39 37
13 40 38
9 37 37
0 41 37
13 39 35
12 37 34
15 37 33
16 36 34
17 37 34
17 37 34
15 37 35
9 38 35
1 39 33
15 39 38
11 36 33
16 37 36
18 38 36
17 37 36
15 37 38
15 39 38
11 38 37
0 41 35
11 39 35
12 37 35
13 38 33
16 36 33
17 38 33
17 37 34
14 39 34
10 40 34
0 38 32
14 38 37
12 34 35
15 35 36
16 37 36
17 37 36
16 38 37
16 38 37
11 38 37
2 39 36
11 40 37
12 38 34
14 37 34
16 38 34
17 37 33
15 38 34
17 39 34
12 39 35
1 38 34
11 39 37
14 35 35
15 35 35
18 38 35
18 37 36
15 38 37
16 38 38
14 39 37
9 38 36
1 41 37
13 39 35
10 38 35
14 38 34
16 36 33
17 37 33
16 38 34
13 39 35
9 38 35
0 40 32
15 38 37
12 35 33
16 38 37
19 36 37
16 39 37
16 40 36
15 40 38
10 39 36
1 41 36
12 38 33
9 37 32
14 37 32
17 37 33
17 38 32
16 38 33
17 38 34
9 40 35
0 39 32
14 36 37
14 35 32
14 36 35
18 36 35
17 37 36
15 37 36
16 38 36
9 38 37
1 41 35
9 41 35
11 37 35
12 36 33
16 36 32
17 38 33
18 38 33
17 38 33
9 39 33
1 40 34
16 38 39
11 35 34
15 35 37
18 37 37
17 36 36
15 37 37
15 39 37
11 39 37
3 38 35
5 41 36
10 38 36
12 37 35
17 37 33
16 36 33
17 38 33
17 37 34
10 38 35
2 40 34
11 40 35
12 36 35
14 34 34
18 39 35
18 35 36
16 39 36
16 39 38
11 38 38
2 39 37
9 40 36
11 40 35
11 37 34
15 38 33
18 36 33
17 37 33
17 38 35
12 39 34
8 39 35
5 38 32
13 37 37
12 33 35
17 38 37
18 36 36
16 38 36
16 38 37
12 39 38
6 37 36
5 40 37
11 39 35
10 37 34
15 37 34
16 35 34
17 37 34
16 38 35
13 38 35
8 40 35
3 40 33
14 38 38
10 37 34
15 37 37
17 37 37
18 38 37
15 37 36
14 39 38
10 39 38
0 39 36
13 38 35
10 37 35
15 39 33
17 38 33
17 38 33
17 36 35
14 37 36
8 38 35
0 38 32
15 37 39
11 35 34
14 38 36
16 36 36
17 37 37
15 37 38
15 39 37
10 36 37
1 40 36
9 40 36
8 38 34
13 36 34
17 35 34
18 36 34
15 35 35
16 37 35
10 38 35
0 39 34
14 38 37
10 36 35
13 36 37
16 36 37
18 38 37
15 37 38
16 39 37
10 37 38
0 41 36
11 37 37
10 38 36
14 37 34
17 36 33
18 37 33
17 37 34
14 38 35
9 37 35
1 38 34
13 38 37
10 35 34
15 37 35
17 37 36
17 36 36
15 39 36
16 38 38
10 39 38
0 40 35
10 39 35
10 36 34
14 38 33
16 35 33
17 35 32
17 37 35
14 37 33
8 38 34
0 37 33
15 37 38
10 33 35
16 38 37
17 36 36
17 37 37
17 38 38
15 38 38
10 37 37
0 40 37
14 38 36
13 37 35
15 37 33
17 37 34
16 36 33
16 37 33
14 38 35
5 38 34
7 38 35
13 35 38
12 36 35
17 36 37
18 35 36
16 37 36
16 37 38
15 36 38
10 38 36
3 39 35
13 37 36
11 36 34
13 36 33
15 36 32
14 37 32
16 37 32
15 38 33
11 38 35
5 40 34
11 37 37
14 33 33
11 34 34
14 36 35
16 35 36
15 36 35
16 37 35
15 37 36
12 36 35
2 38 33
13 36 35
12 36 34
11 38 33
14 36 32
14 38 32
12 38 31
12 39 33
13 37 32
13 38 34
12 38 35
9 39 36
10 37 36
12 35 38
15 34 38
13 35 38
15 35 37
13 36 37
15 36 36
14 39 37
14 39 37
14 41 38
15 42 38
16 42 39
10 44 39
14 40 38
16 42 38
16 40 39
16 41 39
15 41 38
16 41 40
13 41 39
15 39 39
10 39 38
15 38 39
15 39 39
15 39 39
16 39 39
16 38 41
16 38 40
16 39 40
15 39 39
13 39 39
9 40 38
13 39 36
11 40 36
14 40 35
