37 40 49
36 41 50
35 42 49
38 44 46
35 49 47
35 43 42
32 43 42
25 50 44
20 51 48
15 41 46
12 42 44
11 42 43
13 42 41
13 41 41
13 41 43
13 41 45
14 42 43
13 42 43
14 42 40
12 42 40
14 44 42
14 46 38
15 47 35
17 45 35
19 44 34
23 47 33
21 48 31
22 43 32
13 53 30
29 50 40
23 55 33
23 57 36
23 50 36
23 48 38
21 53 38
24 49 38
21 47 40
24 49 38
22 50 40
22 48 40
21 48 43
22 50 37
22 50 37
25 49 37
24 50 32
27 50 34
23 53 32
25 53 34
27 52 30
25 51 32
21 50 34
16 51 31
16 53 32
23 56 35
32 52 41
34 51 44
33 54 42
30 55 46
27 47 48
28 44 49
29 36 53
23 29 51
22 28 45
20 31 49
22 30 50
23 30 53
22 27 50
23 29 50
23 33 49
26 38 47
27 35 48
28 36 45
14 41 45
10 44 41
5 41 39
6 42 36
9 39 34
10 38 33
12 38 33
13 38 32
10 37 32
6 40 31
18 37 36
13 38 34
15 37 35
14 38 34
15 40 36
15 37 37
12 38 36
10 43 34
2 43 34
6 42 36
11 41 33
8 40 32
11 38 32
15 37 31
15 38 30
17 38 30
13 38 31
8 39 33
13 38 37
13 38 36
13 36 35
18 37 37
15 39 36
14 38 37
13 38 36
6 39 36
2 39 37
11 40 39
8 39 33
9 37 33
12 39 34
16 36 32
18 37 31
18 36 31
13 39 34
5 41 33
12 41 40
10 40 40
15 37 35
20 38 36
19 42 37
16 42 37
13 42 37
8 44 37
7 43 37
10 41 34
10 39 32
13 39 33
16 38 33
16 38 34
18 37 33
15 38 36
8 39 35
4 38 35
9 40 37
11 36 33
19 38 33
22 41 37
16 42 38
13 40 36
8 37 37
6 41 36
11 42 37
10 40 35
11 38 34
14 38 34
16 37 33
19 37 34
18 38 35
12 39 35
9 38 34
1 41 34
10 38 37
18 36 33
14 37 33
17 38 34
16 40 35
14 39 35
10 39 36
7 42 34
9 39 35
10 41 32
11 38 31
14 39 31
17 38 31
13 38 32
13 38 32
9 39 32
6 39 29
10 37 32
14 40 37
12 36 33
14 38 35
15 39 35
15 40 36
15 39 36
11 39 36
9 40 33
5 42 34
15 41 35
11 39 32
12 37 32
15 36 33
15 39 32
14 37 33
13 39 32
10 38 34
9 39 34
15 38 37
11 39 36
13 36 35
16 38 36
15 38 36
14 39 34
9 40 35
8 39 32
12 36 32
11 38 30
13 38 29
13 39 29
10 39 31
11 39 31
14 38 32
14 40 32
13 37 32
14 38 33
7 38 33
12 36 35
16 40 37
11 40 35
14 37 37
12 37 36
13 40 35
14 38 32
17 42 32
16 40 31
7 43 31
8 41 33
11 41 35
7 38 32
9 38 31
15 37 33
17 38 33
18 37 35
16 37 34
8 43 34
3 46 31
13 39 32
11 38 33
18 40 33
20 38 34
16 36 37
15 39 36
11 39 37
6 41 37
2 40 37
14 39 34
12 40 34
10 38 34
13 38 32
16 38 32
18 38 34
17 39 33
14 39 35
8 38 34
4 40 35
13 38 37
14 35 32
15 36 34
20 40 36
17 40 36
15 40 36
11 37 35
6 39 35
7 39 36
11 36 32
12 39 32
15 39 33
17 39 33
17 37 32
16 38 32
14 39 32
8 37 32
3 42 34
11 40 35
15 39 36
11 37 34
16 38 34
15 39 34
16 38 33
16 39 34
10 37 34
5 40 34
8 40 34
11 39 34
11 38 34
12 38 32
14 38 32
16 37 32
14 39 32
12 37 32
8 36 31
8 37 31
16 40 36
10 37 33
14 33 34
16 38 34
15 38 36
15 39 35
15 39 36
11 40 36
4 40 35
8 40 37
14 39 34
9 38 33
12 37 34
13 38 33
15 37 31
17 38 32
17 38 34
12 38 34
6 40 34
8 39 36
12 38 36
11 37 33
17 38 34
17 41 36
16 37 34
13 38 35
13 37 36
7 39 36
5 41 36
13 36 34
15 39 34
11 39 33
13 38 32
16 37 32
15 37 33
15 38 34
12 38 34
8 38 33
7 38 34
15 37 36
13 39 35
14 38 35
14 39 35
15 38 35
15 38 34
12 39 35
13 39 34
8 38 34
10 41 33
13 37 31
11 37 31
12 39 32
14 39 32
15 38 33
15 38 32
12 38 33
12 38 32
7 40 32
14 38 34
17 40 34
10 37 34
12 38 35
14 39 34
13 38 34
13 38 34
13 39 33
12 38 33
12 38 34
9 40 33
15 38 32
9 39 31
13 39 30
13 36 31
14 38 30
14 38 30
14 39 30
12 37 31
8 40 31
10 39 33
17 38 34
11 38 32
9 39 34
13 40 34
13 38 34
13 38 33
14 37 34
14 39 33
13 36 34
13 37 34
8 38 31
6 39 33
15 40 34
12 40 35
9 37 34
13 35 33
12 38 34
14 38 32
15 39 33
12 36 34
10 36 34
8 36 35
18 35 37
11 36 34
14 36 35
14 38 35
14 38 36
15 38 36
13 36 35
12 37 35
3 40 38
12 38 37
17 37 36
12 39 35
6 38 33
11 38 33
15 38 33
15 38 33
16 38 34
15 38 35
11 37 35
5 41 37
14 38 36
10 40 33
9 37 34
15 38 34
15 38 36
15 39 37
13 38 38
12 38 40
14 39 37
11 37 33
4 38 34
10 35 32
17 35 34
10 37 33
9 34 32
10 36 32
14 37 33
15 38 33
14 38 34
13 38 34
11 39 34
10 39 33
11 39 35
13 38 33
12 37 33
12 37 37
11 35 36
13 38 37
13 38 35
10 38 36
11 42 37
10 45 37
11 45 39
15 49 38
19 48 39
23 51 42
28 50 44
33 49 38
38 42 41
39 41 42
38 40 47
36 36 49
37 37 53
39 37 52
42 35 53
41 36 51
42 36 51
42 34 51
39 33 50
41 36 52
40 35 50
40 35 51
