17 41 41
17 42 40
17 41 39
16 42 40
15 42 41
16 41 43
17 39 43
16 40 41
14 41 40
15 40 39
15 43 39
14 42 43
14 43 41
15 46 39
14 44 37
16 44 36
16 44 35
17 43 35
16 41 37
15 42 37
14 39 37
11 40 37
12 41 36
16 40 36
13 40 36
11 40 37
14 39 36
14 39 36
15 38 35
15 38 35
15 39 36
13 42 37
7 43 33
12 40 32
12 41 31
12 41 29
16 41 31
18 40 32
16 39 31
14 39 32
12 39 32
10 38 34
7 39 34
14 38 33
12 40 34
15 38 34
15 38 35
14 39 35
15 40 36
14 38 36
11 39 36
7 41 34
9 39 33
12 38 32
13 37 31
13 37 31
16 38 30
16 38 31
15 38 32
15 40 32
12 40 33
9 39 33
7 40 34
13 36 33
15 36 33
14 38 33
14 37 34
12 39 34
13 36 34
15 37 35
14 38 34
9 39 34
6 40 31
12 39 32
14 37 29
12 35 27
16 39 30
15 39 30
14 38 31
14 39 31
13 39 31
9 38 32
7 40 33
14 34 32
15 35 31
13 37 32
13 37 33
14 38 33
13 40 34
14 39 34
12 37 34
9 39 32
4 39 30
12 37 31
15 34 28
12 34 27
15 39 28
15 38 28
14 37 30
12 38 30
13 40 32
12 38 33
7 39 31
14 38 31
15 37 30
11 39 32
12 36 33
15 36 34
14 38 35
14 39 33
16 40 33
12 39 33
4 40 32
11 41 31
14 37 31
12 37 28
14 39 28
14 39 28
16 37 29
13 40 28
13 40 28
12 40 32
11 38 33
8 39 33
14 38 33
16 37 31
11 37 33
12 37 34
13 38 34
14 37 33
14 38 32
15 38 33
13 38 33
8 39 32
5 40 30
14 36 29
15 33 28
12 38 27
14 39 29
16 38 30
15 40 31
13 40 29
14 39 30
11 39 32
6 38 30
14 38 32
16 36 32
10 37 33
12 37 33
16 38 34
14 35 35
12 38 34
12 39 35
15 39 34
10 41 35
6 39 34
12 41 32
12 38 30
12 37 29
14 37 28
15 36 29
16 37 30
14 39 31
11 39 32
13 39 33
11 38 32
6 40 33
15 40 33
16 38 33
12 40 33
12 37 35
13 36 34
13 36 34
12 37 33
13 37 34
15 36 33
13 40 33
12 40 34
9 40 34
12 40 33
12 40 33
10 36 30
13 38 31
14 38 30
13 36 30
13 39 30
13 38 31
13 39 32
10 39 34
11 41 35
14 37 34
14 38 33
12 37 34
13 37 36
13 38 35
14 37 35
13 39 35
14 38 35
13 39 34
11 39 33
10 41 32
13 41 32
12 37 32
10 38 30
13 39 30
14 40 31
14 40 32
13 41 34
14 41 34
13 41 34
13 43 33
14 42 33
15 42 33
14 41 35
13 41 35
13 40 36
11 37 38
14 38 36
14 42 36
13 40 37
14 43 37
14 40 38
13 41 36
12 40 35
14 40 35
13 42 34
14 41 35
16 42 37
15 43 35
14 43 36
13 44 35
14 43 35
14 43 35
15 43 34
14 42 34
16 43 35
16 43 36
15 43 36
14 45 35
15 43 36
13 42 35
13 44 36
15 39 35
14 39 36
14 38 36
14 39 36
14 38 34
14 39 35
14 37 34
11 38 34
13 41 34
13 41 35
13 43 34
13 42 33
14 41 33
13 41 32
14 42 32
14 40 33
13 42 33
12 41 33
12 42 34
13 40 35
14 40 34
14 40 35
14 39 36
15 38 35
15 39 35
14 40 37
14 41 37
14 39 39
13 40 37
12 40 36
13 41 36
14 42 36
14 40 36
14 39 37
12 39 36
14 39 37
14 40 36
14 40 36
14 42 37
14 40 37
13 39 36
14 39 36
13 39 36
14 39 36
13 40 36
14 39 37
12 40 36
13 40 36
13 40 35
13 40 36
13 40 36
13 39 36
