32 47 40
32 48 37
29 44 34
24 44 33
10 55 32
11 45 35
8 43 35
9 41 39
9 41 39
11 46 36
14 40 35
14 38 33
12 38 33
12 36 34
8 37 37
9 42 38
12 41 35
11 38 33
6 36 30
9 36 31
14 36 32
16 36 34
17 36 33
18 37 34
15 36 34
7 37 34
0 37 34
13 38 36
14 35 32
11 37 33
16 37 33
16 39 33
14 40 33
11 37 33
7 18 46
8 44 36
2 35 33
11 37 34
8 37 32
9 34 33
13 37 32
14 36 31
15 36 31
18 35 31
17 37 32
13 37 35
2 36 33
10 36 37
11 35 33
9 35 34
15 38 33
15 38 34
14 39 34
12 37 35
10 33 38
8 40 37
3 39 36
13 33 35
8 34 32
10 36 32
14 35 32
13 36 31
16 35 32
17 36 33
14 37 34
10 35 36
3 36 34
12 36 36
12 37 36
11 35 34
13 37 34
14 37 35
12 38 34
12 34 36
12 32 36
9 35 34
6 38 34
9 36 36
9 36 34
7 34 32
11 36 33
13 36 32
14 35 33
15 35 34
15 36 33
12 37 36
7 37 34
7 36 34
12 35 33
6 36 31
12 38 32
13 39 33
14 38 33
13 36 34
14 38 34
12 34 38
12 36 40
5 40 37
9 38 36
12 37 36
10 36 34
5 34 32
10 37 33
12 37 33
13 37 32
14 37 33
15 36 32
13 38 33
10 35 35
6 36 33
9 39 33
11 38 33
13 37 32
12 38 32
14 38 32
13 37 35
13 40 36
10 37 46
13 47 35
11 34 36
10 39 35
7 40 35
10 38 37
12 30 37
12 34 35
10 39 33
10 35 31
14 37 32
16 38 32
13 35 31
13 36 33
13 36 35
12 37 36
9 34 36
5 35 36
12 37 37
14 36 34
12 34 33
13 35 34
14 37 34
12 37 35
12 34 39
12 35 38
14 37 36
12 38 35
11 38 34
5 39 36
11 36 36
12 34 33
9 35 33
13 35 32
13 36 32
12 35 32
16 35 34
16 35 33
13 36 34
10 37 34
5 36 34
11 36 36
15 36 35
11 35 34
13 36 35
13 38 35
12 36 35
13 36 35
12 36 35
12 35 36
10 38 35
8 38 35
9 38 34
11 37 35
8 35 33
9 36 32
11 36 32
13 36 31
15 36 31
16 35 33
16 35 34
13 36 34
9 38 34
5 37 34
11 36 35
10 35 34
10 35 32
12 36 34
14 36 36
13 35 37
14 35 37
12 35 35
12 35 33
12 36 35
10 37 35
5 37 35
10 37 35
11 35 31
9 33 27
12 37 30
13 39 31
13 37 32
13 36 32
13 35 33
14 37 33
10 35 33
9 38 31
6 33 28
15 35 33
11 35 32
10 35 33
12 36 36
13 34 37
11 36 35
13 35 33
14 36 32
12 37 34
11 37 34
5 37 35
7 37 36
14 38 34
9 36 33
9 35 32
11 35 31
11 37 32
14 34 32
13 36 32
17 36 34
15 35 35
12 38 35
7 37 33
1 38 34
12 39 37
17 36 33
10 37 32
14 36 33
15 35 35
13 34 34
12 33 37
12 34 36
14 37 36
13 37 35
9 38 34
6 38 35
12 36 35
12 37 34
7 36 33
12 36 32
12 36 32
14 37 33
14 37 33
15 37 33
15 37 33
12 37 35
10 36 34
2 38 34
9 36 35
16 37 34
10 37 33
12 36 34
13 35 35
13 34 35
11 31 36
13 34 36
13 35 35
14 35 35
12 36 35
8 36 35
9 37 34
10 36 35
12 35 35
13 34 34
10 34 33
8 35 31
12 35 31
15 36 32
13 35 32
12 37 32
12 37 31
11 38 30
10 38 31
10 38 31
9 38 30
11 38 31
8 38 32
12 38 31
14 35 33
14 34 31
12 32 33
10 31 34
10 31 35
11 31 34
10 33 35
12 35 36
13 35 35
14 35 36
13 36 36
12 35 37
6 34 36
9 34 36
12 35 39
12 35 35
10 34 32
10 34 31
11 36 32
14 37 32
13 36 33
11 36 34
12 35 34
13 35 35
12 37 35
10 35 36
9 36 35
7 35 35
15 35 35
14 35 34
12 34 34
13 35 34
12 34 35
12 35 36
11 35 34
13 35 35
12 36 34
12 36 34
11 36 33
12 36 34
9 38 33
10 36 35
11 36 33
11 37 32
10 37 31
14 36 31
13 36 31
13 37 32
14 37 32
14 36 32
12 34 33
11 36 34
4 36 34
12 36 33
15 34 33
10 36 34
14 36 34
13 36 34
11 36 34
13 36 33
14 35 33
13 35 34
11 36 34
10 37 33
5 37 34
10 37 34
10 35 34
10 33 33
11 37 32
13 36 32
13 35 31
14 35 32
15 36 32
14 36 32
10 35 32
4 36 34
12 34 36
11 36 35
11 33 33
15 35 34
13 35 34
14 36 33
14 36 35
12 37 34
9 34 36
9 37 35
7 39 34
8 38 36
10 34 33
12 30 31
12 35 33
11 37 31
14 36 32
14 37 32
15 36 32
14 35 32
10 36 33
5 35 33
8 34 35
12 35 36
12 37 34
15 37 36
15 36 36
13 37 36
15 38 35
13 36 35
12 36 35
7 37 34
3 38 36
11 37 34
9 35 33
11 36 31
12 36 32
14 36 32
16 34 33
16 36 33
15 37 33
14 37 32
7 36 34
3 36 33
14 36 35
12 36 34
12 36 34
14 37 34
13 38 35
14 38 34
13 34 36
12 36 36
8 39 35
6 39 35
8 37 36
9 37 33
10 35 32
12 37 32
13 36 31
13 35 31
14 36 31
15 36 31
15 37 31
10 35 33
3 35 36
15 32 39
11 35 39
12 34 37
15 36 35
14 38 34
13 36 33
14 37 34
11 37 33
9 38 35
5 38 35
12 36 36
7 34 31
10 35 33
13 34 31
14 35 31
14 37 32
15 35 30
14 36 32
12 35 32
9 35 33
7 36 33
13 37 37
10 35 35
13 34 36
15 37 36
12 35 35
14 36 35
14 35 35
11 35 34
8 36 34
4 37 34
10 36 32
8 33 32
11 34 30
13 35 32
14 35 33
15 35 32
13 36 33
12 36 34
8 35 34
8 36 31
13 36 33
13 36 32
13 37 34
16 36 35
14 37 35
14 38 37
12 37 36
11 36 37
10 37 37
5 39 38
9 37 35
9 35 33
11 36 34
11 37 32
13 36 30
11 36 28
12 35 30
13 36 29
11 37 31
8 38 33
8 35 33
16 36 38
12 34 36
12 35 36
14 36 37
12 35 36
12 36 35
11 36 35
12 39 36
12 39 35
13 39 34
8 42 36
10 39 34
9 39 32
11 38 31
12 39 31
14 38 33
14 37 31
15 37 32
14 38 34
14 38 35
7 38 34
7 36 32
13 37 35
6 35 32
12 36 33
15 38 34
12 34 35
15 35 37
13 36 35
12 37 35
10 37 34
4 38 35
5 38 36
12 35 34
7 34 31
10 36 32
13 36 32
15 36 32
15 36 33
16 35 32
15 36 33
10 37 34
8 36 34
3 36 34
14 36 36
9 35 34
12 36 34
13 37 35
14 38 35
12 37 36
12 36 34
12 34 35
12 34 33
11 38 34
7 39 33
8 40 33
9 41 30
7 42 32
8 43 32
14 44 32
17 43 33
19 50 34
21 48 36
27 51 40
32 47 39
35 46 42
38 47 46
33 47 48
31 43 49
33 43 49
32 44 50
31 42 50
32 41 50
33 41 51
33 41 51
33 41 51
34 42 52
33 42 51
34 42 52
34 41 50
35 41 50
34 41 49
35 41 50
34 42 51
34 42 50
34 42 51
35 42 51
34 41 51
35 42 51
34 41 51
34 42 51
34 41 50
35 42 50
34 41 51
35 42 50
33 42 50
35 42 50
34 41 50
32 39 51
