32 40 51
51 37 33
51 37 33
51 37 33
51 37 33
51 37 33
35 42 47
37 39 43
36 41 46
28 44 45
21 47 43
16 60 41
19 52 39
15 50 38
16 51 39
20 51 40
25 45 39
25 39 39
22 39 38
13 43 38
8 43 38
6 43 37
10 40 36
12 36 35
15 37 36
15 36 35
15 38 36
14 36 34
9 36 35
9 36 33
7 37 33
16 35 34
12 37 34
12 36 34
16 37 36
16 35 37
13 34 38
13 34 37
9 39 35
8 39 35
7 39 35
13 37 34
12 34 33
13 35 34
17 37 32
16 37 33
14 35 32
11 37 33
8 35 33
5 37 33
17 33 35
14 35 35
14 33 34
15 35 35
15 36 36
13 35 38
12 36 36
9 38 33
4 36 33
8 37 35
12 35 34
11 34 32
13 37 33
17 36 33
15 36 33
13 38 34
10 35 33
7 35 31
9 34 33
13 38 36
11 34 35
17 36 36
17 36 35
15 35 37
13 33 36
10 34 36
6 38 35
6 37 36
11 36 33
11 35 32
14 36 32
15 36 32
18 36 32
15 35 32
11 36 33
9 36 32
4 37 33
14 34 36
14 32 34
15 35 35
18 36 35
17 36 35
14 35 35
12 33 35
8 32 35
4 39 34
10 37 34
10 35 32
12 36 34
15 37 32
16 37 33
16 36 32
13 35 33
9 36 33
6 36 33
11 34 32
12 37 35
15 34 34
17 37 34
18 36 36
13 38 36
11 32 37
7 35 37
5 38 35
13 36 35
9 36 32
12 35 32
16 38 33
18 34 32
16 36 33
15 36 32
6 35 32
6 36 33
11 33 32
14 36 34
14 35 34
17 35 35
18 37 35
13 36 35
13 35 36
8 36 36
3 37 35
11 38 36
10 36 32
12 36 32
16 36 31
16 37 33
16 36 31
11 36 33
7 35 33
6 35 32
14 32 33
10 33 34
16 35 34
17 32 33
16 40 37
13 40 39
11 37 38
7 40 35
3 38 33
11 35 33
12 35 31
14 36 34
17 34 33
17 35 32
16 36 33
12 35 33
7 35 32
3 37 33
15 37 35
14 35 35
16 35 35
18 37 35
15 36 36
14 36 36
9 34 37
6 38 35
7 36 35
12 35 34
10 36 32
14 36 32
17 37 33
16 37 34
14 35 34
8 37 33
7 35 32
11 33 33
13 35 36
13 34 35
18 36 36
16 37 36
15 36 37
12 35 36
8 37 36
3 38 36
10 36 34
12 35 31
12 35 32
17 36 33
18 35 34
14 37 33
13 36 32
6 36 34
5 35 33
13 33 32
14 34 35
14 35 35
18 35 35
17 37 36
14 36 36
12 36 36
7 39 36
3 37 34
11 36 33
9 33 31
12 35 32
16 36 32
18 35 32
17 36 32
12 37 33
7 35 32
4 37 32
13 35 35
12 35 34
13 35 34
17 36 35
17 37 37
13 36 35
11 34 36
7 39 36
2 39 35
12 36 33
10 34 31
13 36 32
17 36 33
16 36 33
15 37 32
12 37 32
7 36 33
4 36 33
12 35 35
13 34 34
16 36 36
18 38 35
15 37 36
14 36 36
8 35 36
4 38 34
9 37 36
11 37 34
13 36 32
16 36 33
17 36 34
16 36 34
14 36 33
7 34 32
6 35 32
10 34 33
12 36 36
14 34 35
17 37 36
18 37 36
15 37 36
14 36 36
7 36 36
4 39 35
11 37 36
9 36 33
12 36 33
17 37 33
17 35 33
16 36 33
12 36 33
5 34 32
6 35 33
12 36 35
11 35 33
16 37 35
16 36 34
17 38 35
13 36 36
10 37 36
6 38 36
6 38 36
13 37 34
11 35 33
13 37 34
16 36 32
16 36 34
14 35 34
12 34 34
9 36 33
5 35 32
13 37 36
13 36 34
16 37 36
16 37 35
15 37 37
13 37 36
9 36 37
6 39 36
5 38 36
11 37 34
12 36 34
16 37 32
17 36 33
16 37 34
14 35 34
6 35 32
5 36 33
10 36 34
15 35 36
15 35 35
17 35 35
18 38 36
15 37 36
13 36 37
6 37 36
3 37 35
11 37 35
10 36 33
13 36 33
16 36 34
18 36 34
15 37 33
13 36 34
6 33 31
5 36 34
13 35 34
14 33 35
15 36 35
18 36 36
16 37 36
15 36 35
9 36 36
5 36 34
7 37 37
10 36 34
12 34 32
16 35 33
18 35 32
16 37 33
15 35 33
9 35 33
7 35 32
5 35 33
13 35 35
13 33 34
17 37 36
19 37 36
15 37 36
12 36 36
7 37 35
4 38 35
10 36 34
10 36 33
14 35 33
15 35 33
17 35 33
14 36 31
13 37 32
7 36 32
5 37 34
12 35 33
12 34 37
16 35 35
18 37 34
17 36 35
14 37 36
12 37 35
7 36 34
3 38 36
11 39 35
11 35 33
13 36 34
16 36 32
18 35 34
15 36 33
11 36 33
8 36 32
4 36 32
13 35 34
14 35 33
16 36 34
17 37 36
17 39 36
14 37 37
11 36 37
6 37 36
7 40 37
12 36 34
10 36 32
13 36 33
17 35 32
15 34 33
15 37 32
11 38 33
9 34 33
6 35 33
14 35 34
12 34 35
15 36 36
19 37 35
17 36 36
13 37 35
14 37 36
8 36 36
4 38 35
11 37 35
9 35 34
11 35 34
16 36 33
17 36 33
15 35 34
14 36 32
9 36 33
6 36 33
11 36 35
14 36 36
12 36 34
14 37 36
15 36 36
13 38 36
14 36 35
13 36 36
9 36 34
6 38 34
12 37 33
13 35 32
8 36 31
11 37 31
15 34 32
16 37 32
14 35 31
13 36 33
10 35 34
7 36 35
11 35 34
16 36 37
12 36 36
10 36 35
15 36 38
15 34 38
15 35 35
13 36 33
11 32 36
10 35 32
12 36 34
13 36 34
12 35 32
12 37 35
11 38 34
14 37 33
14 37 34
12 37 34
12 36 35
13 37 35
12 37 34
13 37 35
13 37 35
13 36 34
13 35 35
13 37 34
12 36 34
12 36 35
11 35 34
9 39 37
7 41 38
7 47 41
12 44 42
17 45 43
24 42 45
28 41 45
34 41 44
36 42 45
38 42 46
34 41 48
34 40 50
34 41 53
34 43 54
37 41 52
38 41 51
37 41 51
37 41 51
36 41 51
37 40 51
37 40 51
37 42 52
38 40 51
37 41 52
36 41 53
38 40 51
36 39 51
37 40 50
37 40 52
38 39 52
37 42 52
38 40 53
38 40 51
37 40 50
38 41 52
38 40 50
