13 39 37
14 38 37
13 39 38
14 39 37
13 39 37
14 38 37
13 38 37
13 39 37
13 39 37
13 39 37
13 38 38
13 39 36
13 39 37
14 39 38
14 38 38
13 39 37
13 39 36
14 38 37
14 39 36
14 40 36
14 40 36
13 40 36
14 40 37
13 40 36
12 40 37
14 39 37
15 40 37
18 39 36
15 39 37
15 39 39
13 39 38
2 40 40
12 38 42
8 36 37
14 37 37
13 38 37
14 35 35
16 35 35
14 38 36
10 40 37
9 40 38
14 39 36
14 36 32
12 39 32
12 39 33
13 39 35
13 38 35
13 40 35
13 41 36
14 39 37
15 39 37
13 39 37
12 39 38
13 38 38
14 37 37
14 35 39
14 36 37
15 38 38
14 36 39
15 36 39
15 37 40
16 39 39
15 40 40
14 40 40
12 39 39
6 41 39
14 40 37
10 39 35
14 38 35
16 38 35
15 39 36
15 39 37
13 39 36
13 37 37
4 40 36
14 36 36
14 34 34
15 35 38
16 38 37
15 38 37
15 37 37
15 38 38
12 36 39
3 43 38
12 39 36
10 38 33
15 38 34
15 38 35
15 41 37
14 39 36
14 41 37
12 40 37
8 40 37
11 40 38
14 35 38
11 34 36
14 37 36
16 35 37
15 36 37
15 36 37
13 37 38
15 37 39
10 40 38
8 41 38
11 40 36
11 40 33
15 38 35
15 37 35
15 39 36
13 39 37
13 41 37
7 40 37
12 39 38
13 36 36
14 36 37
16 36 37
15 37 37
14 36 37
14 37 37
14 37 38
13 39 40
6 41 37
13 39 37
9 39 37
12 38 34
15 39 35
15 38 34
15 39 36
15 39 36
11 38 37
4 40 36
17 37 38
11 35 38
14 36 39
16 36 38
16 38 38
16 37 37
15 38 39
12 38 37
4 42 36
11 41 38
10 38 35
14 40 34
17 39 35
16 39 35
13 40 36
13 39 36
13 40 36
6 42 37
13 39 39
14 37 37
13 36 37
15 36 37
15 37 37
15 38 37
16 37 38
14 38 38
11 41 37
7 41 38
13 40 38
11 39 35
16 40 35
15 39 35
15 38 36
14 40 36
15 38 36
10 38 38
5 40 36
17 35 37
13 35 36
15 35 38
15 36 37
17 36 37
16 36 38
15 38 39
10 40 38
5 43 37
13 39 37
10 39 35
15 40 35
16 39 35
15 38 36
14 39 35
14 39 35
13 40 36
5 42 36
16 38 37
11 36 36
11 36 37
14 37 37
15 36 37
16 37 37
14 37 37
12 37 38
5 40 38
11 42 36
13 39 35
11 38 35
16 39 36
16 38 35
15 39 35
15 38 36
13 37 36
7 40 36
10 40 38
13 38 36
11 36 36
16 36 36
16 38 36
17 36 36
16 38 37
12 42 39
4 42 39
11 41 37
13 39 36
12 39 35
16 41 35
16 39 35
14 39 35
15 41 35
14 38 37
8 39 37
12 40 36
14 38 35
11 36 36
13 34 38
15 36 37
15 38 37
16 38 38
15 37 38
12 39 38
8 41 37
11 42 36
11 39 35
14 39 34
15 39 34
15 39 35
14 38 35
15 40 35
15 41 37
13 40 38
8 41 36
14 39 39
12 38 36
14 37 37
15 37 38
15 37 37
15 36 36
15 38 37
14 39 38
10 41 37
8 39 38
12 38 37
12 38 35
15 39 35
15 39 35
14 39 35
14 39 36
14 40 36
11 39 37
7 40 38
16 39 38
13 36 38
14 37 38
14 36 37
17 36 37
16 37 38
15 38 39
12 38 38
6 41 38
12 40 38
12 39 36
12 39 35
15 40 35
15 39 35
14 40 35
14 39 36
14 38 37
8 39 36
13 38 37
15 38 36
11 36 37
15 37 37
16 36 37
17 37 38
16 38 38
15 38 38
14 39 39
7 41 38
8 41 36
14 39 36
14 39 36
12 39 34
14 40 34
15 39 34
14 39 36
14 39 37
13 40 36
12 40 37
9 41 36
14 38 35
12 36 34
13 35 35
14 34 35
14 37 35
14 37 35
12 38 35
8 39 34
12 39 32
12 36 31
13 36 31
11 37 30
11 37 31
11 39 32
12 38 33
13 38 33
13 39 34
13 39 34
14 39 34
12 39 35
13 38 34
9 38 35
11 38 35
15 34 35
12 34 33
13 36 36
13 37 35
14 37 37
14 38 36
14 38 36
8 39 35
8 39 34
14 37 35
13 36 34
11 39 33
14 39 34
12 40 33
14 39 34
13 41 36
13 40 35
10 39 35
13 39 38
9 39 37
14 36 35
13 34 35
14 36 36
13 36 36
14 37 35
14 38 37
14 37 37
13 39 37
13 37 37
10 38 36
11 38 34
14 38 34
11 37 34
13 37 35
13 38 33
12 39 34
14 39 36
14 40 36
14 40 37
11 39 36
14 38 35
11 38 36
13 34 37
12 33 34
12 36 37
13 36 38
13 38 37
15 36 36
14 37 36
12 36 37
14 38 36
12 38 36
14 36 36
11 37 35
8 39 36
12 38 37
13 37 35
13 38 34
12 39 34
12 39 35
14 40 36
14 40 35
14 40 35
15 40 38
13 40 38
15 41 37
10 41 36
13 40 39
13 37 36
11 35 36
12 36 36
14 37 36
14 36 36
15 38 37
14 38 37
14 39 36
13 38 36
11 38 35
8 39 36
13 38 35
13 36 35
11 38 34
11 39 34
14 38 34
13 39 34
14 40 35
14 41 34
13 39 36
11 40 35
12 39 37
13 37 35
12 36 36
12 36 35
12 35 35
12 39 36
14 39 36
15 38 36
14 39 37
13 38 36
12 39 37
12 39 36
10 40 35
13 38 36
13 39 35
11 39 34
12 38 34
14 38 34
13 38 33
14 39 34
14 39 34
14 39 36
12 38 35
10 39 36
13 37 36
14 36 37
14 35 37
13 37 37
14 37 36
15 37 37
14 38 38
15 38 39
13 38 37
12 40 36
10 41 36
12 40 36
12 38 35
13 40 35
15 40 35
14 39 36
13 40 36
13 41 36
14 40 36
14 39 36
13 40 35
13 40 36
11 39 37
14 37 37
14 35 39
12 35 39
13 34 39
14 36 36
14 35 36
13 39 36
13 38 34
9 38 33
10 39 32
