40 35 51
40 34 52
40 34 53
40 34 54
40 34 52
40 35 51
39 34 51
39 37 50
40 37 47
41 38 44
37 43 41
33 42 37
26 50 42
24 43 39
10 57 49
10 41 45
9 45 39
9 47 39
9 42 37
9 42 37
11 40 35
13 36 34
13 35 34
12 35 33
12 35 33
11 35 34
12 33 34
11 36 34
12 34 33
12 35 33
12 35 34
12 35 34
12 36 35
12 35 34
13 34 35
12 34 33
12 35 34
12 34 33
13 34 33
12 35 33
11 34 33
13 35 33
12 35 34
11 35 34
12 34 34
12 35 33
11 33 33
13 34 34
11 34 33
11 34 34
12 35 33
10 33 33
12 34 34
11 34 34
12 34 33
11 34 33
12 35 34
12 33 33
11 35 33
13 33 34
12 32 34
12 33 35
12 33 34
11 34 33
12 33 35
11 35 35
12 34 33
12 33 34
12 33 34
12 32 34
12 32 33
12 32 35
12 33 34
12 34 36
12 34 35
13 40 36
14 36 35
7 40 35
12 41 37
14 41 36
10 40 34
11 35 34
11 38 34
10 36 34
13 34 33
11 36 32
16 35 33
13 37 35
13 39 33
13 39 36
14 39 35
13 38 36
10 39 37
8 40 36
3 39 36
7 39 37
6 36 35
13 34 33
12 35 33
13 36 31
11 35 33
13 35 32
16 35 32
14 36 33
12 37 35
12 37 35
14 38 36
9 40 36
11 40 37
9 41 38
5 43 38
5 41 41
7 39 39
5 36 36
10 35 34
13 35 33
9 35 31
13 36 32
13 36 33
16 35 33
16 36 34
13 37 36
12 37 35
15 39 37
10 40 37
10 41 40
9 40 41
9 41 37
7 37 39
7 37 35
10 37 33
13 36 32
14 34 31
12 36 31
11 35 32
14 35 32
10 36 33
12 38 33
12 39 36
18 37 37
13 38 38
10 39 39
13 39 39
7 41 39
0 41 36
12 39 33
10 38 32
11 38 29
14 36 28
14 36 30
13 35 30
8 34 31
11 35 34
12 36 33
15 38 37
16 39 35
14 37 36
13 38 37
13 39 38
13 38 37
8 37 36
1 39 37
3 36 31
9 37 34
15 38 33
14 35 31
13 33 32
12 35 33
11 36 33
10 35 35
13 37 33
12 36 36
14 36 34
17 38 36
14 39 37
14 38 37
10 39 38
7 39 35
7 40 37
9 37 35
10 36 34
13 37 34
12 35 31
13 35 33
13 36 33
13 34 32
13 34 33
11 35 34
14 38 35
16 37 34
14 37 35
13 38 38
11 39 40
6 39 39
4 38 39
7 38 36
10 36 35
13 36 35
14 37 34
14 36 34
14 35 33
15 35 34
9 36 33
12 36 35
13 36 35
17 37 38
15 39 37
13 41 39
11 42 41
8 41 39
1 39 37
10 39 36
7 36 33
10 34 34
15 36 34
15 35 33
15 35 33
12 35 33
10 36 33
15 35 35
11 37 36
14 37 38
16 39 36
11 41 37
12 40 38
9 40 38
8 40 38
7 41 38
9 37 37
10 36 34
12 35 34
13 36 33
12 36 34
14 36 32
12 35 32
8 36 32
12 35 34
14 36 37
15 38 34
15 38 35
12 40 36
11 40 37
9 41 38
5 40 37
8 41 37
6 37 35
12 35 34
13 36 34
12 36 33
14 34 33
13 35 33
14 36 33
10 37 34
13 37 35
13 38 37
14 37 35
11 40 36
10 40 38
10 38 38
8 42 39
2 43 39
9 39 35
10 36 35
12 36 33
12 35 33
12 35 32
12 36 33
12 35 33
15 35 33
14 34 34
14 35 37
13 37 35
15 38 36
11 38 38
10 39 39
10 40 38
8 40 38
4 43 40
9 37 36
8 37 34
12 35 32
11 38 30
13 31 31
15 35 32
14 32 32
7 35 33
11 37 37
12 38 38
15 34 36
14 39 37
14 37 37
14 39 39
9 40 40
5 39 37
6 40 37
6 38 31
12 37 28
14 38 29
12 36 28
11 35 30
10 35 31
14 33 32
11 32 33
13 37 36
13 38 34
15 37 36
13 38 36
12 39 37
11 37 37
9 38 36
4 39 36
8 39 33
10 36 32
13 36 32
12 37 33
11 35 32
13 36 32
15 36 33
5 35 33
12 35 36
12 37 36
15 34 33
17 37 36
13 39 38
14 39 38
8 39 39
5 40 38
6 39 38
8 38 35
10 38 34
13 38 33
12 36 32
13 34 32
13 35 33
14 35 33
11 35 33
12 36 36
14 38 34
15 37 34
11 39 36
11 38 37
7 37 38
7 40 40
7 40 39
9 38 37
10 35 33
14 35 32
12 36 30
14 34 29
16 35 31
13 35 31
4 35 33
10 39 37
10 39 35
15 38 37
14 40 36
12 37 36
13 38 37
10 38 38
6 38 36
9 39 36
9 38 36
9 35 34
13 36 33
13 37 33
15 37 33
13 36 34
15 36 33
8 37 34
10 36 36
13 38 35
17 37 36
14 38 36
12 38 37
13 39 38
8 38 39
0 41 41
10 38 35
10 36 35
12 35 33
11 36 32
12 36 32
14 36 32
13 35 33
13 34 33
12 37 34
14 37 36
12 37 36
15 38 37
12 40 36
11 39 37
12 40 39
8 40 38
1 41 40
7 37 35
9 36 34
10 34 34
12 35 33
12 36 32
15 35 31
14 36 32
14 35 33
12 36 33
11 36 37
10 39 34
14 37 38
13 37 37
12 39 39
12 39 40
9 40 39
3 38 36
7 37 32
8 36 31
12 36 32
14 35 31
10 33 31
12 34 33
12 36 34
13 34 34
10 35 34
14 37 36
11 39 38
15 39 38
13 40 36
12 40 38
12 39 38
11 38 38
9 39 37
5 38 36
9 35 33
7 37 32
11 36 32
13 35 30
14 37 32
15 40 34
12 49 34
13 46 37
18 45 36
24 41 38
23 42 37
20 43 36
16 43 36
15 42 37
13 40 37
11 39 38
7 41 36
11 42 36
10 38 35
11 37 35
12 34 34
11 34 34
12 35 34
11 35 34
12 34 33
12 35 35
12 36 33
13 35 33
12 35 34
10 35 34
10 35 34
13 36 34
13 35 34
12 36 33
12 35 33
12 36 33
12 36 35
13 35 33
12 36 35
13 35 34
13 36 34
11 35 34
13 37 36
13 35 35
14 34 34
13 36 34
12 34 33
13 35 34
11 34 34
11 35 34
12 36 33
11 35 34
12 35 34
11 36 34
12 36 34
13 34 34
11 35 34
13 35 34
11 35 34
13 35 34
11 36 34
12 34 35
12 35 34
11 35 33
12 34 33
12 35 35
12 35 34
11 36 35
12 35 35
12 36 34
12 35 34
13 35 35
12 34 35
11 35 34
13 35 35
11 34 34
12 36 34
11 35 34
12 34 34
13 35 35
12 36 35
11 35 34
12 35 35
13 36 35
10 39 36
7 50 34
7 53 35
10 55 32
15 54 34
21 51 35
26 48 36
34 40 37
38 36 39
39 34 45
38 35 50
40 29 50
39 33 54
38 34 54
39 34 52
42 33 52
40 34 52
41 34 53
40 33 51
40 33 52
