17 45 33
17 47 33
17 47 33
17 47 31
18 47 33
18 47 33
16 47 32
16 47 33
17 48 32
17 47 33
19 49 32
19 48 33
16 48 34
18 46 32
17 47 33
17 47 32
17 46 31
17 46 32
17 47 33
19 48 33
18 47 33
19 47 33
18 48 32
18 48 32
14 49 31
7 48 32
7 39 30
12 40 35
16 39 35
20 44 32
22 48 37
27 48 36
32 47 36
33 47 34
27 52 27
19 47 31
14 42 35
7 43 34
0 39 37
3 39 33
10 38 41
10 36 35
18 36 31
19 38 31
16 38 33
14 36 32
9 38 33
10 38 34
9 38 33
8 39 34
14 35 35
11 36 33
14 37 35
16 36 35
15 40 36
9 47 38
13 44 38
18 48 36
16 51 33
13 52 35
13 45 40
22 46 32
24 45 31
21 40 36
19 46 35
21 41 34
22 48 35
23 47 33
21 46 33
15 58 34
12 53 28
11 48 28
14 37 33
17 42 32
22 47 37
17 45 33
15 41 33
21 44 36
18 49 36
12 53 37
15 58 41
11 47 31
18 39 31
12 46 28
19 39 29
18 42 31
17 46 30
18 46 29
21 46 31
15 46 30
16 46 31
11 51 29
8 46 29
9 35 33
11 42 32
22 46 30
27 42 36
22 41 36
19 42 35
17 52 38
13 58 35
21 56 43
11 48 36
14 39 32
16 48 31
19 40 33
18 42 31
17 48 30
19 45 31
17 46 30
15 47 28
14 48 31
8 50 28
8 37 33
7 38 37
19 44 30
27 42 34
24 39 37
19 44 36
18 48 34
13 56 38
19 53 37
14 54 35
15 33 32
17 43 32
19 49 28
19 39 32
17 46 30
18 43 30
18 47 31
14 45 29
15 48 32
7 50 29
10 45 29
10 34 35
12 40 30
23 44 31
27 45 35
23 41 38
19 45 35
19 51 38
14 58 34
17 55 41
10 46 34
14 37 34
17 49 29
20 40 31
20 43 31
17 46 30
17 47 28
18 47 29
14 47 32
13 48 29
7 51 27
10 37 34
9 39 33
19 47 30
25 44 36
25 41 36
20 42 33
17 45 38
15 55 34
23 55 39
13 57 34
13 28 31
14 40 33
19 52 28
18 40 32
18 43 30
17 45 31
19 47 31
15 47 30
15 48 32
9 51 29
10 51 32
10 36 36
8 40 33
20 47 30
28 42 37
26 41 35
20 46 36
17 55 36
14 60 36
17 55 40
13 45 36
18 40 32
16 49 30
18 40 32
19 47 31
20 49 31
21 47 33
19 49 31
14 46 32
13 49 30
10 52 27
12 40 31
8 39 34
15 45 31
25 44 36
25 42 35
20 38 35
20 44 38
13 54 36
21 57 39
19 58 39
2 50 34
11 31 34
18 50 32
22 45 31
19 40 33
17 49 28
20 44 32
18 48 29
14 47 31
13 48 28
7 51 28
9 38 34
8 39 34
21 47 28
28 43 35
25 40 38
19 43 36
17 52 38
14 55 36
26 54 41
10 57 33
13 28 30
16 46 32
20 46 31
21 38 33
17 49 30
17 46 31
18 48 32
16 47 28
16 48 31
9 49 29
9 40 33
8 40 36
19 48 29
28 45 34
27 41 36
19 41 35
18 49 37
15 55 34
24 55 37
10 55 32
13 29 31
15 42 34
20 50 31
21 38 32
17 48 29
19 44 31
18 48 32
15 48 30
16 46 31
8 52 28
10 44 27
7 36 38
14 45 29
25 47 33
29 40 36
23 40 35
19 46 36
14 55 34
17 53 38
14 55 34
15 30 35
18 46 32
19 49 31
21 40 33
19 46 31
20 46 32
19 47 32
15 46 29
16 47 31
7 52 28
10 44 32
10 38 35
14 41 29
21 43 33
23 45 36
23 41 36
20 44 36
12 51 39
16 50 36
22 53 42
10 50 36
16 36 30
20 48 29
18 38 29
14 40 31
14 45 29
18 44 29
17 44 32
14 43 30
15 47 31
9 50 28
12 42 29
11 35 33
12 44 34
22 45 32
27 41 36
23 39 37
22 46 37
14 55 37
19 55 40
16 51 34
14 34 34
16 48 31
17 46 30
20 38 35
20 46 32
20 45 32
19 48 31
15 48 30
14 49 31
9 50 29
11 43 33
8 36 38
17 44 30
26 43 34
27 41 36
20 41 36
17 49 36
11 52 35
21 55 34
17 55 37
9 37 28
15 36 34
18 49 30
21 39 31
17 46 30
17 44 30
20 46 32
14 46 30
14 48 32
8 49 31
10 42 31
8 39 38
15 46 32
25 43 33
26 41 36
22 41 36
19 46 37
17 57 35
21 57 41
11 55 34
9 43 36
16 40 33
18 53 30
20 40 31
19 43 31
18 45 29
18 49 31
17 46 29
16 49 32
7 52 29
10 44 28
8 36 40
13 43 30
24 45 33
27 41 34
23 38 37
18 46 37
14 58 37
21 55 33
15 56 41
9 41 34
15 39 31
19 48 31
21 41 32
19 43 33
16 49 31
19 46 31
18 48 30
15 49 30
11 49 30
9 50 29
9 37 37
12 42 32
23 46 32
26 42 35
21 38 36
19 43 37
17 54 37
16 55 37
23 53 42
4 49 33
9 31 31
16 48 30
22 47 29
19 41 32
16 50 29
20 46 30
21 49 31
19 47 32
17 47 31
17 52 32
12 53 32
15 44 41
20 45 37
21 47 35
23 49 32
22 45 33
18 45 31
16 46 31
17 46 32
22 50 30
22 55 31
20 52 33
13 57 31
17 38 35
20 44 35
15 49 30
17 42 34
18 50 31
19 46 32
18 47 32
16 44 30
18 49 32
17 47 31
15 43 33
9 47 34
12 40 35
14 44 36
18 46 36
21 42 37
19 44 35
16 48 36
17 47 36
18 50 33
18 44 33
16 44 34
14 45 32
16 49 30
17 47 31
18 47 32
19 49 33
17 46 31
16 48 31
20 50 33
20 46 35
17 45 35
18 44 31
20 47 32
18 51 35
19 50 36
18 49 36
17 49 35
18 46 34
16 47 35
18 47 36
20 48 34
19 47 34
18 48 33
16 48 34
18 49 35
17 47 33
18 47 33
19 49 33
18 47 33
18 47 32
18 48 33
18 49 33
18 47 32
