19 42 37
19 42 37
20 39 37
20 40 38
16 40 39
17 40 39
22 41 39
19 43 40
12 42 40
15 43 39
18 44 37
17 43 39
17 43 38
17 42 40
16 41 46
18 40 38
19 44 37
16 42 34
12 40 36
7 38 35
4 39 33
8 37 35
6 38 34
10 38 34
15 33 35
15 31 34
17 34 33
14 37 35
15 37 36
15 38 36
14 37 36
12 36 38
14 34 40
10 34 36
8 37 35
4 39 36
13 38 36
16 34 33
11 37 34
15 34 32
15 33 32
15 37 31
14 37 31
9 37 31
10 36 34
8 34 33
5 35 34
11 34 34
16 35 33
18 38 35
19 37 34
14 37 35
11 39 36
13 36 37
13 36 38
9 37 36
4 38 35
3 39 36
15 37 34
12 32 30
14 36 32
16 37 31
17 38 32
17 37 33
13 37 33
11 38 33
6 38 33
1 38 34
14 35 36
16 32 34
16 41 35
17 37 36
19 34 33
16 40 36
12 37 36
9 35 38
7 38 35
1 36 36
11 35 36
14 32 35
11 36 34
16 36 31
18 36 33
16 36 32
15 36 33
9 37 33
11 36 35
4 36 33
9 40 36
14 35 35
16 37 35
19 35 36
19 37 37
16 38 37
13 37 35
11 34 37
10 37 35
3 39 35
6 42 37
11 42 35
13 38 33
18 32 31
19 36 32
16 40 31
14 39 29
10 38 32
10 39 37
11 37 29
4 38 35
12 38 36
14 38 33
16 37 34
18 33 36
17 39 33
15 38 32
11 36 34
8 35 33
3 37 34
1 39 36
12 36 31
10 35 33
19 30 29
18 34 31
16 37 30
16 36 33
11 37 33
8 39 34
5 33 34
5 36 35
13 34 34
14 36 34
18 33 36
18 32 36
16 36 36
13 37 34
12 35 34
9 37 36
7 37 35
2 33 39
12 39 36
10 40 35
14 37 31
16 33 33
18 36 33
18 37 31
14 38 34
8 40 36
8 37 35
4 38 31
12 34 39
13 32 34
16 37 35
17 37 35
17 34 36
16 37 35
14 35 36
10 37 35
8 37 34
1 38 36
9 36 37
10 37 36
14 32 32
18 35 33
17 38 31
16 38 31
16 37 32
10 37 34
10 37 36
5 36 34
7 36 38
14 32 34
15 35 35
18 36 35
19 37 34
15 36 36
13 38 36
13 34 38
9 39 38
3 35 35
2 37 37
13 36 34
11 35 36
14 35 31
18 35 32
18 37 32
17 36 32
14 38 33
9 39 33
7 35 35
2 37 34
14 33 36
14 33 33
17 36 36
17 35 35
16 36 36
13 37 36
14 36 36
12 37 37
9 36 36
1 40 37
11 37 34
10 38 36
12 36 33
16 31 33
16 36 31
16 39 33
16 36 33
8 37 33
10 36 34
6 36 33
7 35 34
16 34 34
15 34 35
18 33 34
17 35 33
12 34 34
15 36 34
9 34 35
5 33 31
1 35 30
12 32 30
12 34 31
17 33 33
16 30 30
14 31 31
14 34 30
10 36 31
9 36 33
7 32 31
4 35 33
10 29 30
13 32 33
17 32 33
16 35 33
15 36 36
12 35 34
13 36 35
12 37 33
9 37 33
0 40 35
11 41 34
11 39 35
14 35 32
19 32 33
18 34 34
14 39 33
13 37 33
8 36 34
9 36 34
3 39 34
13 36 35
15 36 35
16 37 36
18 36 35
19 37 36
15 37 37
15 37 37
11 35 38
8 37 37
2 38 37
9 36 35
10 36 36
13 36 36
17 36 34
17 35 34
18 38 34
15 36 33
9 39 33
11 36 37
5 36 34
7 37 38
14 35 37
15 35 36
20 37 37
18 37 36
15 38 39
14 37 37
11 35 39
10 37 37
1 37 37
7 39 37
10 37 35
10 40 35
16 35 33
18 34 33
18 37 33
17 36 33
10 37 32
10 38 36
5 36 35
8 35 37
13 35 34
13 37 35
18 36 36
18 37 36
15 35 37
14 37 37
11 39 37
9 37 35
3 35 35
5 40 36
12 36 34
13 38 34
16 34 32
19 33 32
16 37 31
16 36 32
13 37 32
9 38 35
3 35 34
8 34 36
11 33 35
14 37 36
19 36 36
19 38 36
18 38 36
10 38 38
10 38 40
14 38 38
7 39 37
9 39 35
7 40 35
11 39 35
18 35 34
19 35 33
18 36 34
15 39 34
11 39 34
10 42 36
13 38 36
8 38 36
8 38 37
15 34 34
15 39 35
17 37 36
16 36 35
15 41 37
13 37 36
11 37 37
10 37 36
2 37 36
7 38 35
10 35 34
11 35 34
17 36 32
17 36 33
18 36 33
18 38 32
10 38 33
10 39 35
6 37 34
2 36 35
16 33 35
13 34 35
16 36 35
19 36 34
17 37 36
14 37 35
12 36 36
9 36 35
7 36 33
2 40 34
11 32 35
11 37 36
16 30 31
17 33 34
15 37 32
15 36 33
12 36 32
9 36 32
6 32 33
6 35 35
12 32 35
13 31 34
17 34 37
17 35 35
15 36 35
13 39 37
13 37 35
11 38 35
11 37 35
6 39 34
8 38 32
9 37 34
13 35 32
17 28 32
14 30 30
15 34 30
12 39 30
12 38 31
14 38 34
9 39 34
11 35 35
13 34 34
9 38 34
13 35 34
13 35 35
14 35 33
14 36 33
14 36 31
13 37 31
11 37 31
12 36 31
5 36 30
13 35 32
12 36 31
9 35 31
14 33 31
15 32 32
14 33 30
13 33 30
10 39 30
13 37 32
10 38 34
11 35 36
12 35 36
14 35 37
12 36 38
13 35 37
15 35 37
14 34 38
13 35 37
11 37 37
14 36 35
13 36 34
13 37 34
13 38 33
12 37 34
12 35 35
9 34 34
13 35 33
11 34 33
9 38 35
13 36 35
15 36 35
14 36 33
7 33 29
7 36 30
12 37 32
15 38 32
15 37 32
10 36 31
9 36 31
11 39 31
13 39 33
12 39 32
7 36 32
9 37 31
16 39 34
17 38 34
16 37 34
11 38 35
11 33 35
12 41 35
11 30 52
14 43 36
16 44 31
16 39 34
