13 39 36
14 40 37
14 40 38
13 40 38
14 41 37
15 39 37
12 40 37
13 38 36
12 39 37
15 39 37
15 38 36
12 39 38
13 39 38
14 39 38
12 39 37
16 38 37
13 38 38
13 40 38
14 36 38
15 36 40
14 37 38
14 38 39
15 38 38
15 37 38
14 38 38
10 39 38
10 39 38
12 37 37
12 38 35
14 39 37
13 39 36
16 39 36
15 40 35
14 39 37
15 39 37
13 39 37
3 39 38
14 40 39
14 37 37
12 35 37
14 37 37
15 37 37
14 36 37
14 36 38
15 37 39
14 37 38
13 38 37
6 40 37
13 40 38
9 40 37
12 38 35
17 38 34
15 37 35
16 39 36
16 38 35
14 38 37
5 40 35
9 39 37
13 38 36
12 35 37
17 37 36
15 35 36
16 37 37
14 37 38
13 36 38
14 37 38
9 39 39
10 41 36
8 40 36
13 40 34
16 38 34
16 38 34
14 39 35
14 39 36
14 40 37
12 38 38
7 40 37
15 35 38
10 37 37
15 38 38
17 38 37
16 36 36
17 37 36
15 37 38
15 37 38
15 40 38
5 42 38
11 42 39
9 38 35
14 38 35
16 37 35
16 38 35
15 38 35
14 39 35
12 40 36
2 40 38
14 40 39
14 37 37
14 35 36
16 36 35
17 36 36
17 37 35
14 36 37
15 37 38
13 38 38
2 42 38
8 40 36
11 40 34
15 38 34
15 38 33
17 39 35
15 41 35
15 38 35
13 40 36
12 38 38
8 40 38
16 38 36
9 37 37
16 36 38
16 36 36
16 37 36
15 37 36
15 38 38
13 39 38
4 41 39
8 41 37
9 42 36
11 38 35
16 39 34
18 38 34
17 38 35
15 41 35
13 40 37
12 40 38
3 40 36
17 40 37
10 37 38
13 34 36
17 37 37
18 37 36
17 37 37
15 38 37
12 38 38
7 40 37
7 41 39
11 41 37
10 39 36
16 38 34
16 39 35
16 39 36
15 39 36
15 39 36
11 39 38
4 40 37
13 40 38
13 37 36
13 35 35
16 36 37
17 37 37
16 36 37
14 38 38
13 39 40
5 43 39
10 41 37
9 40 36
15 38 34
17 39 34
17 39 35
15 40 36
15 40 35
14 40 36
12 39 36
4 39 37
14 41 37
13 36 37
14 35 35
17 38 36
14 37 36
16 35 38
16 38 37
12 40 38
8 41 38
6 41 37
12 40 36
12 38 34
15 39 34
15 37 33
16 39 34
15 37 36
13 39 36
12 39 37
5 39 38
11 40 37
14 38 39
14 35 36
15 36 36
15 35 36
14 36 36
15 37 37
13 37 38
13 38 37
7 40 38
10 41 37
11 40 37
11 37 35
16 38 34
16 37 34
15 39 35
14 39 36
14 39 35
13 38 37
6 39 36
9 40 36
13 40 37
12 35 37
15 35 37
14 35 36
15 36 37
16 37 37
15 38 38
13 38 38
9 40 37
10 40 37
11 41 38
11 37 34
16 38 36
16 39 35
14 39 35
14 37 37
14 40 37
12 39 38
3 41 37
16 39 37
13 34 37
16 35 36
15 36 37
15 37 37
16 37 37
16 37 37
14 38 38
11 39 39
6 39 38
13 38 39
11 37 36
14 37 35
17 37 35
17 38 34
15 38 35
14 39 35
13 40 37
11 39 38
9 40 36
16 38 37
10 36 36
15 36 37
15 36 36
17 37 38
16 37 37
16 38 38
13 38 37
6 42 37
12 41 38
8 39 36
14 39 34
15 38 34
15 39 33
14 40 35
13 38 36
14 38 37
10 39 37
10 40 37
11 39 37
10 37 35
15 35 36
17 36 36
16 37 37
15 38 37
13 37 37
14 39 37
10 38 36
7 41 36
13 40 36
12 38 35
14 39 34
15 39 34
15 40 34
14 39 35
13 39 36
14 39 35
10 39 36
6 41 36
9 39 36
16 33 34
13 34 34
14 34 35
15 35 35
15 38 35
14 37 36
15 38 36
14 38 36
8 40 36
5 40 35
13 38 33
12 35 32
15 38 34
15 39 33
14 40 33
12 40 34
14 38 35
13 38 35
10 39 36
11 40 36
13 37 35
13 36 36
15 36 36
14 37 35
14 37 34
15 37 35
15 36 35
13 37 36
10 38 37
3 42 35
13 39 35
11 38 34
13 37 33
15 36 34
15 37 33
13 39 35
13 40 35
12 39 37
8 40 35
10 41 35
14 38 35
10 32 36
13 34 36
13 36 36
14 37 35
15 37 36
16 38 37
15 38 37
6 41 36
10 40 35
11 39 33
9 39 34
13 40 34
15 37 34
15 40 35
14 40 35
14 39 35
15 40 34
14 40 35
11 41 37
12 40 37
11 38 37
15 38 37
14 35 37
12 36 38
13 36 37
15 37 37
15 36 37
12 37 37
13 38 37
13 38 35
14 38 37
12 40 37
12 38 37
15 38 36
10 40 38
13 42 37
14 39 37
16 40 37
15 40 37
12 40 37
13 39 37
15 38 36
13 39 36
13 39 35
14 39 37
14 38 37
14 39 36
14 40 37
15 39 37
13 40 38
14 40 37
13 40 38
13 40 38
12 41 37
14 40 36
14 39 37
14 40 38
14 40 37
14 41 37
15 40 36
14 40 37
13 39 37
13 40 38
13 40 37
12 42 36
13 40 37
14 39 37
12 40 37
15 39 37
13 40 37
13 41 36
14 41 38
13 40 37
14 39 37
14 41 36
13 40 35
