40 41 47
40 41 47
41 42 44
41 43 43
38 40 39
34 53 45
33 56 44
29 48 44
29 44 44
24 46 43
21 49 43
20 50 38
15 47 37
9 49 37
7 46 34
8 43 34
15 39 33
13 42 34
11 43 35
11 40 32
14 39 31
13 41 33
16 41 33
14 41 32
12 41 32
5 43 34
17 39 35
16 41 35
16 37 34
16 40 35
17 42 34
16 43 36
15 39 36
10 40 36
5 43 33
13 42 34
10 41 29
12 41 31
16 41 32
16 40 30
17 40 32
15 43 32
10 41 32
10 40 32
5 44 32
13 41 37
14 40 35
16 37 33
18 40 34
19 41 35
18 41 33
14 41 34
6 44 33
5 44 34
14 42 36
13 40 33
13 41 34
16 42 32
15 41 32
15 39 31
13 42 32
9 39 29
7 40 32
19 40 36
16 41 38
17 38 35
17 41 36
18 41 36
15 41 36
11 42 36
8 43 36
7 44 35
12 44 33
12 41 31
13 41 31
16 40 31
17 39 29
14 39 29
14 39 30
12 40 30
8 42 32
11 41 33
14 40 35
15 37 32
15 35 33
16 39 34
16 40 35
16 40 34
14 41 33
6 42 32
2 41 32
16 37 36
12 43 30
15 41 33
17 42 32
15 39 32
15 37 31
13 38 30
9 42 31
6 43 33
17 39 36
13 39 35
15 39 33
19 39 35
18 41 35
15 39 33
14 40 35
8 40 36
3 47 35
14 38 34
14 41 30
14 38 30
17 41 32
17 40 33
17 40 33
14 41 32
10 41 32
6 44 33
14 40 34
12 40 35
14 39 33
17 37 36
17 39 37
17 41 35
17 40 35
12 42 35
7 42 34
7 45 36
11 38 37
10 39 32
12 40 32
14 42 32
17 39 32
18 38 32
19 39 33
11 42 33
4 43 33
12 40 35
14 39 35
15 38 34
19 39 34
17 40 35
15 42 34
14 39 34
11 39 34
5 43 33
9 46 35
13 36 32
10 38 29
15 41 32
15 40 31
17 40 32
17 40 32
13 38 32
9 39 31
5 42 31
17 38 32
15 40 33
15 39 33
19 39 36
18 44 35
16 42 35
13 41 34
11 41 32
6 43 33
9 38 35
10 36 31
12 37 29
12 39 30
15 39 29
15 39 32
15 38 32
14 39 31
9 40 29
3 42 27
19 37 31
12 36 32
14 33 33
15 38 36
16 41 34
17 39 32
13 40 33
11 41 33
7 42 31
10 38 33
8 31 35
12 33 30
12 38 30
15 38 31
18 39 31
18 38 33
14 42 32
8 40 33
2 43 31
15 40 36
10 39 33
15 38 32
17 40 33
15 42 34
15 41 34
16 42 34
14 41 34
11 42 34
6 46 35
13 41 32
13 38 30
13 41 31
15 41 28
15 41 29
16 40 30
14 39 30
11 40 29
8 42 30
12 41 32
17 39 33
12 37 30
16 39 31
15 40 32
16 40 32
15 42 31
14 43 29
12 41 31
9 42 29
10 41 29
15 39 29
12 41 30
12 40 30
14 40 30
15 39 31
17 41 32
18 39 31
12 40 30
10 41 31
7 44 31
16 43 34
12 40 31
13 38 32
18 41 34
18 41 34
16 41 34
16 42 34
14 42 33
6 42 35
12 40 31
11 41 28
14 41 28
14 40 27
15 41 26
12 40 26
13 40 28
13 40 28
12 40 30
14 40 29
14 40 31
12 40 31
14 42 35
15 42 36
5 41 35
11 37 36
16 40 36
16 40 36
15 40 37
16 40 35
16 39 36
14 40 34
13 42 34
12 42 32
9 42 31
10 43 32
14 40 31
12 40 34
12 39 31
12 40 30
15 40 30
16 40 31
16 41 33
14 39 32
10 40 31
9 42 31
19 41 33
11 39 31
13 39 33
16 41 36
16 40 37
16 41 36
16 42 34
13 41 31
12 42 34
4 43 35
13 43 35
10 44 31
11 38 31
14 39 32
15 38 31
17 40 33
17 40 33
14 40 35
11 40 35
6 42 32
19 39 37
11 42 33
15 40 35
18 40 37
16 41 37
16 41 37
15 42 37
12 40 37
7 43 36
4 44 35
15 37 35
13 39 32
15 41 31
17 39 31
15 38 30
15 40 32
14 40 32
12 40 32
6 42 30
13 40 30
11 40 33
9 35 30
13 41 32
16 41 33
17 44 31
17 41 29
14 42 30
13 43 28
10 45 29
11 45 31
12 44 35
13 42 35
13 41 33
15 40 28
14 41 29
17 38 26
13 39 27
7 39 28
11 40 31
16 35 33
11 34 30
15 35 33
14 36 32
15 39 32
15 42 33
13 40 33
11 39 33
7 43 33
6 43 33
16 41 34
12 41 32
12 40 32
14 41 32
15 40 32
16 41 32
14 40 32
12 39 31
4 41 30
14 38 34
13 39 36
14 36 33
17 39 36
18 41 35
15 40 37
15 41 37
12 42 35
10 42 33
5 44 34
13 40 33
10 39 31
13 40 32
14 39 32
15 40 32
16 40 32
16 39 32
14 39 33
9 40 31
5 43 34
14 40 34
13 39 33
16 39 34
17 40 35
19 40 36
15 43 35
13 42 35
10 41 34
1 44 32
14 41 34
15 39 32
13 38 31
14 40 31
14 40 30
17 40 33
17 40 33
14 39 33
9 39 33
2 37 27
21 46 34
14 44 31
14 42 30
16 42 30
16 42 32
14 43 33
15 42 34
12 41 33
6 44 33
12 42 33
10 41 30
13 38 31
15 39 31
15 40 30
17 39 31
16 39 30
11 39 30
5 41 31
13 41 33
14 41 35
11 37 35
15 39 35
16 41 36
15 41 36
16 42 37
14 40 35
10 44 35
2 44 31
13 39 34
12 37 28
14 37 29
17 39 32
16 39 31
15 40 32
14 39 32
11 42 31
9 41 30
10 41 31
15 37 31
12 38 31
15 38 32
15 39 33
16 42 33
17 43 33
15 41 32
12 41 33
8 44 34
6 43 34
15 34 35
9 34 30
11 40 31
12 39 28
16 39 30
17 39 32
15 41 32
12 42 33
8 42 33
6 43 33
18 41 35
10 40 33
16 41 32
16 42 33
13 43 32
14 42 31
14 41 31
13 40 31
13 42 30
13 43 30
11 43 29
14 41 28
13 43 27
15 41 26
15 41 26
14 41 27
14 42 27
14 42 27
15 41 29
14 42 29
10 39 30
11 42 31
13 39 32
13 40 31
14 40 32
15 42 32
15 41 32
11 36 38
14 40 32
9 41 30
8 43 28
13 41 30
15 40 29
13 36 31
13 40 29
17 39 29
17 40 30
15 41 30
13 40 30
7 41 29
9 40 31
16 39 31
13 38 30
16 39 32
17 41 35
15 39 35
14 39 34
14 38 33
8 41 33
6 42 32
12 43 33
15 40 32
11 41 32
13 40 31
17 38 31
15 39 32
16 40 32
11 40 33
8 40 30
7 39 31
18 41 38
10 42 35
17 39 35
18 40 35
17 40 36
16 41 35
13 40 35
10 39 34
5 43 34
10 40 36
13 41 32
11 39 31
14 40 31
16 39 30
15 38 32
17 39 32
12 42 33
6 43 31
13 38 35
13 38 31
12 39 31
19 39 35
19 40 33
17 42 36
14 42 35
11 41 35
5 44 33
6 43 36
11 37 37
12 35 31
14 40 32
17 40 32
16 39 32
16 40 33
14 40 33
10 41 32
4 40 32
14 36 33
9 35 30
16 38 33
17 39 34
16 41 34
16 40 32
14 42 32
10 44 33
8 45 33
12 42 34
10 41 33
12 38 31
15 39 32
14 41 31
17 38 32
17 40 32
13 39 33
9 41 33
4 42 33
16 40 34
14 40 33
15 38 34
17 40 34
17 41 34
16 41 35
12 43 35
11 42 34
7 45 34
11 43 34
12 41 32
11 39 33
13 41 32
14 40 31
17 39 32
17 39 32
15 41 32
10 39 32
4 42 31
15 40 34
13 42 34
15 38 34
16 39 35
15 40 35
16 40 36
16 41 35
14 41 35
8 43 34
6 42 35
15 40 33
9 38 30
12 39 30
14 40 32
13 39 32
15 40 34
17 39 33
14 40 35
11 42 33
6 44 34
12 41 35
15 42 34
13 40 34
16 40 34
14 41 34
14 41 34
15 41 34
15 41 33
12 41 33
10 42 30
9 43 29
10 42 30
14 40 29
15 39 29
15 42 28
16 39 28
13 40 29
13 40 30
8 42 28
13 41 31
17 40 33
12 40 32
13 41 32
13 42 30
12 39 30
13 40 30
13 41 30
14 40 31
14 42 31
15 41 32
14 43 32
9 44 33
13 42 32
12 38 31
12 40 30
13 39 28
14 40 29
15 41 29
12 40 29
13 42 30
14 42 29
13 42 30
12 42 31
13 42 31
10 41 32
12 42 33
18 39 31
12 40 31
14 40 33
16 41 32
15 41 31
14 40 30
13 42 30
16 41 31
16 41 31
14 41 31
12 43 31
9 44 31
9 40 27
15 40 30
14 39 29
15 39 29
16 40 29
16 39 29
14 41 30
13 40 31
7 41 29
12 41 32
16 41 33
12 39 32
16 37 34
16 41 34
17 41 35
16 40 35
15 42 35
12 42 34
6 45 32
10 41 34
15 41 33
13 40 31
13 40 31
14 39 31
16 42 31
16 42 33
15 42 33
12 45 33
8 45 32
12 42 31
14 41 32
11 39 32
19 40 32
17 42 31
17 42 32
15 42 33
15 42 34
9 43 36
6 46 36
13 43 35
17 41 31
13 41 31
16 42 32
17 41 33
17 42 33
17 41 33
15 40 34
12 40 34
9 42 33
8 41 33
14 40 34
15 38 32
14 38 34
18 40 33
14 41 34
16 44 36
16 44 36
13 47 36
11 52 39
14 54 40
19 52 41
23 48 38
26 48 38
28 52 38
33 48 40
40 46 41
42 45 41
40 42 44
39 39 45
38 43 49
38 39 51
39 44 53
39 39 51
39 39 50
39 40 50
39 38 51
39 39 51
41 41 50
40 39 52
39 38 51
40 39 50
41 39 52
