13 38 35
13 38 36
13 38 35
13 36 37
14 39 38
14 38 38
14 38 39
15 39 37
14 39 38
14 39 39
15 40 39
13 39 39
11 38 38
7 38 37
12 38 36
14 38 36
10 37 35
10 40 34
15 38 34
18 39 36
16 38 34
14 39 35
14 40 36
11 40 36
1 40 34
14 40 37
14 36 34
13 39 35
19 37 38
18 37 38
14 37 36
18 40 38
15 38 38
7 39 36
0 40 36
12 40 36
10 39 36
15 38 36
17 37 35
17 38 35
16 38 35
15 38 34
10 38 34
1 39 33
15 38 38
12 38 35
16 36 36
20 38 36
17 37 36
15 39 37
14 39 38
11 38 39
0 40 36
11 41 38
10 40 36
12 38 33
16 37 35
16 37 35
16 37 34
15 37 33
11 39 34
5 39 36
10 37 35
12 38 38
10 35 35
16 39 37
20 36 37
17 38 37
17 38 36
14 38 37
5 36 34
7 39 36
11 40 35
10 37 32
15 40 35
18 35 34
18 38 33
16 38 34
10 39 35
8 39 35
6 39 35
15 38 37
12 33 34
16 36 35
18 33 37
16 38 36
16 39 37
15 39 39
11 39 38
1 41 35
10 41 36
9 40 34
12 37 33
16 38 32
18 36 32
15 38 34
15 38 35
9 39 34
2 40 34
14 38 35
10 37 34
14 35 34
20 40 35
17 37 36
16 38 36
16 40 37
12 39 37
1 38 35
10 39 37
11 38 36
11 35 34
17 38 34
15 35 33
16 38 34
16 38 34
14 38 34
7 39 34
5 36 33
12 39 38
13 34 34
16 37 36
18 35 36
16 38 36
17 39 37
14 39 38
7 39 36
4 40 36
11 39 35
12 37 35
16 38 34
18 37 34
17 38 34
16 38 34
14 38 35
6 38 34
5 39 32
12 37 37
14 34 34
18 40 36
18 36 36
16 39 36
16 39 36
15 39 38
7 39 36
2 40 34
10 39 35
10 37 34
14 38 34
18 37 34
16 38 34
17 38 33
14 38 34
7 38 33
3 39 33
14 38 38
11 36 36
15 39 38
17 36 37
16 37 36
17 38 36
16 39 38
7 37 35
3 40 36
11 39 35
10 37 35
16 39 34
18 37 34
18 37 33
17 38 33
16 39 34
8 38 35
0 38 33
15 37 39
11 37 35
16 36 36
18 36 37
16 38 36
13 38 37
15 38 38
10 38 38
1 42 36
10 40 37
13 39 35
14 39 32
16 38 32
16 36 33
16 37 34
16 38 35
10 39 35
2 38 33
14 40 37
12 36 33
16 36 35
18 38 37
18 36 37
16 38 36
16 38 37
13 39 38
5 39 36
5 41 37
11 38 36
12 36 34
16 38 34
18 37 32
17 38 33
18 38 33
12 41 35
6 40 35
7 37 34
11 36 36
13 32 35
17 37 36
16 36 35
16 37 36
16 37 36
13 38 37
4 39 34
7 39 36
8 38 36
9 36 33
16 37 34
17 35 34
17 37 33
17 38 34
13 39 34
7 37 34
3 37 33
14 34 37
12 34 36
16 36 37
17 37 36
16 36 37
16 37 37
13 38 38
1 39 35
9 39 36
13 38 35
10 38 34
15 39 34
15 37 34
17 39 35
16 38 35
11 39 34
6 39 34
8 39 35
13 37 37
11 35 34
16 38 36
17 36 36
15 38 36
14 36 36
14 36 38
9 37 35
2 38 35
13 38 35
11 34 34
13 37 34
15 36 34
16 37 34
16 37 34
14 39 33
8 38 33
4 37 33
16 39 39
13 34 36
15 37 37
18 36 36
14 38 36
17 39 36
14 38 37
3 37 35
6 38 35
12 36 36
11 34 33
14 35 33
15 34 32
14 36 34
14 35 32
12 36 34
9 38 35
5 36 35
17 37 41
13 35 36
16 39 38
17 37 38
16 37 37
16 38 39
13 36 40
10 36 37
1 38 36
13 37 35
9 36 35
14 38 34
16 39 34
16 37 32
16 36 33
13 38 33
7 37 35
5 36 35
13 36 38
12 33 35
16 37 37
17 35 37
16 36 36
16 37 37
13 37 39
10 37 36
0 37 37
12 38 36
12 36 36
11 35 35
14 36 33
14 35 33
15 37 33
15 38 35
11 38 36
7 39 36
6 38 36
16 37 38
13 35 36
14 38 36
19 35 36
15 36 37
15 38 37
15 38 37
15 36 39
8 37 38
7 37 36
15 37 38
11 34 35
11 37 36
15 37 35
15 36 35
14 39 35
14 39 36
11 39 36
15 39 37
11 38 36
10 39 37
12 37 39
13 35 39
13 36 39
13 36 40
14 37 40
15 37 39
14 40 40
15 40 41
15 39 41
