28 35 55
30 35 55
28 36 56
30 39 52
31 41 48
32 43 46
34 45 45
35 47 46
34 49 39
34 56 34
34 56 36
34 52 35
31 56 34
30 57 32
31 55 32
29 52 32
31 52 32
30 54 33
32 52 36
33 52 36
34 54 35
34 53 35
32 57 34
32 61 30
31 53 31
32 53 29
31 51 30
30 48 33
34 52 31
34 52 33
33 54 33
31 54 33
28 60 33
27 52 35
25 53 34
28 50 33
27 48 36
29 48 37
29 53 36
31 55 37
30 57 38
30 54 36
30 55 35
27 50 35
28 48 35
29 45 32
26 46 35
25 46 36
20 46 40
16 42 39
8 37 40
3 36 39
3 37 38
10 40 39
10 40 37
16 37 35
16 37 37
18 40 37
16 39 40
14 38 38
8 40 37
4 40 37
14 39 35
10 37 33
14 39 32
14 39 32
16 40 32
19 42 35
19 42 34
16 42 34
12 42 34
5 47 38
14 47 37
14 43 34
18 46 37
18 47 37
18 44 36
18 44 39
16 45 40
17 46 40
13 45 38
11 47 39
11 44 36
16 39 36
18 40 37
17 38 37
18 39 37
17 38 37
14 38 35
12 40 34
4 40 35
9 39 37
9 36 35
14 36 34
17 38 35
17 38 36
17 39 38
12 40 41
3 41 44
5 34 41
10 33 40
8 33 35
7 35 33
13 36 33
16 37 34
17 38 34
18 36 33
15 37 34
12 40 34
6 39 35
12 39 36
7 39 35
13 37 36
16 38 35
15 38 38
15 39 40
10 40 40
10 37 40
4 39 38
11 38 34
9 37 32
10 35 31
13 35 31
14 36 31
17 38 31
18 38 33
12 38 33
10 38 34
9 39 35
13 37 36
9 35 36
12 37 36
15 37 35
14 39 36
13 38 39
11 38 41
10 39 41
6 36 40
11 35 36
8 36 33
11 35 32
13 37 31
16 37 32
17 38 32
18 37 33
12 37 34
5 37 33
14 37 40
10 40 40
12 35 38
14 33 39
14 34 41
13 36 38
14 37 38
11 38 35
10 36 33
10 38 29
9 38 29
12 38 27
10 39 27
12 39 28
13 37 28
12 38 29
12 37 31
11 37 31
10 37 32
12 34 34
16 34 35
12 35 37
9 34 39
13 33 39
15 34 37
14 35 37
15 37 37
15 38 37
8 39 37
3 38 38
13 37 38
11 36 34
10 35 35
15 36 32
13 37 33
15 36 32
15 37 32
10 37 34
6 36 33
13 37 37
12 38 36
10 37 35
13 37 38
16 37 38
14 37 38
13 37 40
9 40 42
5 37 39
6 36 38
11 37 35
7 36 34
14 37 33
16 35 33
16 37 32
16 36 33
12 36 33
7 36 33
10 36 37
9 37 38
8 34 36
16 33 35
16 36 37
16 38 37
15 38 39
10 39 42
5 36 39
3 33 38
12 37 34
9 36 33
14 36 32
17 36 33
16 38 32
13 39 33
10 43 34
10 43 34
11 46 39
17 50 36
15 51 37
21 50 34
24 51 33
29 51 34
31 51 37
35 51 37
36 48 41
38 51 42
33 46 47
31 44 50
30 43 53
30 44 52
34 41 51
33 39 48
33 40 51
31 41 52
31 38 52
31 38 53
30 39 53
31 40 51
30 39 51
31 38 52
32 38 52
