41 38 50
42 41 47
41 40 47
40 53 49
42 44 48
36 39 45
35 37 39
36 43 43
21 54 41
17 44 41
9 42 42
6 39 41
8 39 41
9 41 38
10 39 39
14 41 39
12 39 38
11 38 37
13 39 37
12 38 36
13 39 36
13 38 36
14 40 35
14 38 36
14 39 37
14 38 37
15 39 37
12 39 38
13 38 38
14 39 38
12 39 36
12 38 36
13 38 37
12 38 37
13 38 36
14 38 38
13 38 37
13 38 36
13 38 37
13 37 37
13 39 36
13 39 37
13 38 36
11 39 36
14 39 36
13 38 37
13 38 37
12 38 36
14 38 37
13 38 37
13 38 37
13 38 37
13 39 36
14 40 36
14 38 37
13 39 38
14 38 36
13 38 37
14 38 36
14 39 38
14 39 36
13 39 37
13 40 37
15 39 36
9 40 35
12 40 35
14 40 35
12 39 34
12 38 35
10 38 35
7 37 36
9 35 36
6 35 36
13 39 38
15 38 39
17 36 37
17 34 37
18 36 36
17 37 36
15 38 36
8 40 36
3 41 38
10 40 40
9 39 36
14 39 35
16 37 35
12 36 36
10 34 36
10 35 34
11 37 34
8 35 34
13 37 36
15 36 37
20 36 37
18 37 36
16 39 36
12 42 38
11 42 38
10 43 40
9 42 36
6 41 35
7 37 36
13 35 35
13 35 34
13 37 33
15 35 34
16 36 34
14 36 35
7 36 34
11 37 41
15 39 39
16 39 40
15 42 38
14 45 39
13 43 40
9 41 39
5 42 37
9 40 33
7 37 30
13 35 29
16 36 30
17 39 32
16 41 38
15 41 39
16 40 39
12 37 39
14 38 39
16 38 37
18 37 36
14 49 37
15 45 36
17 45 37
16 43 39
13 44 37
7 45 35
7 43 34
11 41 33
15 39 32
15 38 32
13 37 31
13 37 35
11 37 35
13 37 37
10 38 34
15 37 37
15 37 36
17 38 36
17 38 38
12 39 39
12 38 39
8 38 39
1 40 39
7 39 37
12 37 34
11 36 32
14 35 32
14 36 31
13 36 33
14 37 32
13 36 34
6 37 33
14 37 38
13 36 36
16 37 35
17 39 36
14 37 38
12 38 39
9 39 38
6 38 39
5 38 36
10 36 36
15 36 33
14 35 34
14 37 33
14 36 35
15 37 35
12 37 35
6 35 33
13 37 40
14 39 35
18 38 38
16 40 36
13 39 38
12 40 37
8 39 39
6 39 38
8 40 36
8 36 36
11 35 35
12 38 34
15 36 34
16 37 35
16 36 34
14 36 34
9 36 35
11 39 40
13 37 37
13 38 38
15 39 38
13 41 37
12 39 38
9 40 38
5 42 37
7 38 35
8 35 33
13 37 35
14 37 33
13 36 32
15 36 33
13 36 34
15 37 33
8 37 34
9 36 37
11 39 37
16 37 36
16 38 36
14 38 37
11 38 37
9 40 38
6 40 37
9 41 37
10 38 36
13 36 34
15 36 34
12 36 34
14 36 34
13 37 34
13 38 35
5 36 35
13 37 38
15 38 38
17 36 37
17 37 36
14 38 37
14 39 37
10 39 38
7 39 39
4 40 40
9 38 37
9 37 36
14 36 36
13 36 34
13 34 34
14 36 34
13 37 34
14 36 35
11 37 34
14 36 39
12 37 37
16 36 38
16 38 36
13 38 37
12 39 38
8 40 39
4 39 38
10 38 36
9 37 35
12 34 34
12 35 33
12 36 32
16 36 34
16 36 35
12 36 35
11 35 37
6 35 34
12 37 41
14 38 36
18 38 40
15 41 37
15 40 38
11 39 36
9 38 36
2 40 36
8 38 35
11 37 33
15 35 33
14 34 33
15 35 33
14 36 33
15 36 34
11 34 36
11 36 36
13 38 40
13 37 37
16 38 36
15 39 36
15 39 38
13 39 36
12 39 36
11 40 36
4 40 38
9 37 35
10 37 34
15 35 33
15 37 33
16 36 33
15 37 34
12 37 35
13 37 36
7 37 35
10 37 37
15 39 37
16 38 35
14 41 34
14 37 35
12 36 38
7 38 39
7 37 39
7 38 39
11 37 36
12 37 34
14 35 34
13 35 32
13 35 33
13 35 34
10 36 34
9 37 36
12 36 35
15 37 38
14 37 38
16 37 36
14 39 37
12 38 38
11 38 39
9 39 39
5 41 39
9 39 35
9 37 37
11 34 34
13 35 34
12 34 34
15 35 35
17 37 35
15 37 36
9 36 36
10 36 39
12 38 39
16 38 39
15 38 36
14 38 37
13 39 38
11 39 39
10 40 39
5 39 39
11 38 35
9 37 34
14 35 33
13 36 32
15 35 34
15 36 35
13 36 35
15 37 36
4 37 36
11 38 39
11 40 37
17 36 37
15 38 37
13 39 36
13 37 37
10 38 37
9 38 37
2 40 38
10 39 34
12 37 36
13 35 33
13 37 33
13 36 33
14 36 34
13 36 35
11 37 36
10 36 34
13 38 38
16 37 36
15 37 37
14 38 37
13 38 37
14 38 36
13 39 37
6 40 36
7 38 36
9 37 35
10 37 34
11 35 33
12 35 35
14 35 35
14 36 36
15 36 36
8 36 34
10 36 35
14 39 38
12 37 35
16 38 36
13 40 36
14 39 37
15 39 38
12 38 38
11 38 37
8 38 37
10 37 36
13 37 37
8 37 35
12 35 34
12 36 33
13 35 33
14 35 33
15 37 34
13 38 36
12 38 37
12 38 38
12 38 38
14 37 39
12 38 39
13 38 39
14 37 39
12 37 38
12 38 37
11 38 37
12 37 37
13 36 36
13 36 35
13 36 36
12 37 35
11 36 35
13 38 36
13 37 35
12 37 35
13 37 36
12 37 34
13 37 36
12 36 37
14 37 36
12 36 36
12 37 36
12 37 35
13 37 36
11 37 36
12 37 36
12 38 36
13 39 36
13 37 36
13 37 36
12 36 35
13 38 35
13 38 36
13 38 35
13 38 36
12 38 36
14 37 36
12 37 35
13 37 35
13 37 36
12 36 35
13 37 36
12 37 35
12 38 35
12 38 36
13 37 36
12 39 35
13 38 36
13 38 36
12 38 35
14 38 35
12 37 35
13 38 36
12 38 35
13 37 35
12 37 35
11 37 36
14 38 36
12 37 36
12 37 36
13 38 36
12 37 35
11 38 35
12 38 35
13 38 35
12 37 37
12 38 35
12 37 36
13 38 35
13 37 36
13 38 36
12 37 36
12 37 35
13 37 36
13 38 36
12 39 36
10 40 37
8 47 36
7 54 32
12 55 34
21 51 33
26 51 34
29 47 37
34 43 38
37 41 47
41 40 45
42 38 47
40 35 48
40 34 50
41 35 53
41 35 52
40 33 50
41 34 51
42 36 52
41 36 53
41 35 50
41 35 52
42 35 51
42 34 49
