11 34 37
12 34 37
13 34 37
12 36 36
13 36 37
12 36 36
13 35 36
12 38 35
12 37 36
14 38 35
13 37 36
14 37 34
12 37 35
9 37 36
10 36 35
6 34 35
13 34 36
12 37 37
12 34 36
15 33 36
15 35 36
15 34 37
13 36 37
12 35 37
12 37 36
6 36 36
9 36 35
11 34 34
15 35 34
14 35 34
14 35 34
15 36 34
14 35 34
11 38 35
6 36 35
10 35 35
9 35 38
15 33 34
17 33 36
13 35 35
14 35 37
14 34 37
12 33 35
0 35 36
8 35 33
12 35 34
14 35 34
16 35 33
14 35 33
14 35 33
14 36 34
11 34 35
2 34 34
11 32 36
12 35 37
16 34 35
15 33 35
14 35 36
14 35 36
14 36 37
7 34 36
6 34 36
10 36 33
15 34 34
19 34 34
15 35 33
13 34 34
14 35 34
14 36 35
10 36 36
4 34 34
12 36 39
13 37 35
16 32 36
15 35 36
15 35 36
14 35 37
13 34 36
11 34 33
2 38 36
10 34 32
15 30 33
15 33 32
14 35 32
13 35 33
14 33 34
14 36 34
10 37 35
8 34 35
8 35 36
10 33 38
13 32 33
13 32 34
14 34 34
14 32 35
14 32 35
14 33 36
6 35 35
5 33 34
10 33 34
16 34 36
15 36 35
14 35 34
14 33 34
13 36 33
13 35 34
9 36 36
5 34 37
12 38 39
15 36 36
16 32 37
15 35 35
15 36 37
14 36 37
13 35 37
8 35 36
6 37 36
9 35 33
15 35 35
16 37 35
14 33 34
13 34 34
13 35 34
12 35 36
7 34 36
7 34 37
13 36 38
15 34 37
16 30 36
12 36 35
14 36 38
15 36 37
12 38 37
4 37 36
8 38 35
10 36 34
14 34 34
15 33 35
16 33 34
12 34 33
13 36 33
12 35 35
9 35 34
5 36 35
13 35 40
14 34 35
14 29 35
16 35 37
17 35 37
14 34 36
13 36 37
6 35 36
7 37 36
11 36 33
14 35 35
14 34 34
14 33 33
13 34 33
12 35 33
13 34 35
0 34 34
10 32 37
13 36 38
15 33 35
17 33 36
15 37 36
14 36 37
14 38 38
9 33 36
2 36 37
9 36 33
14 32 32
16 32 33
12 31 32
14 32 33
13 33 33
12 34 34
8 34 34
6 33 35
12 36 38
16 34 36
16 31 36
15 35 35
14 37 37
12 35 37
11 32 36
1 36 36
10 35 33
13 35 33
15 33 35
12 34 33
15 32 33
14 34 34
13 32 33
13 33 35
3 33 33
8 34 37
13 34 36
18 31 35
16 35 36
16 37 37
14 36 37
13 34 37
5 34 35
6 34 36
11 32 33
12 35 34
14 32 33
14 33 32
14 34 33
14 34 34
14 32 33
6 33 33
7 32 35
11 35 38
17 33 34
17 32 37
13 35 36
13 35 38
13 35 36
12 33 36
2 35 36
8 34 34
12 33 33
14 31 34
14 35 32
14 32 33
15 33 32
13 33 34
14 35 36
2 35 35
9 33 38
12 35 37
16 30 36
16 34 36
12 35 37
14 34 37
14 34 38
13 34 35
7 36 36
5 35 33
13 32 33
16 33 33
14 32 33
13 32 32
12 33 34
13 33 34
6 33 34
7 32 34
14 35 38
15 34 34
13 31 37
14 35 37
15 36 38
13 36 38
14 34 38
4 35 34
8 34 36
9 36 34
13 33 34
16 34 34
15 33 33
15 31 33
13 35 33
13 35 35
6 36 36
6 34 37
13 35 39
14 34 35
16 34 36
15 37 35
15 36 36
14 36 36
13 34 36
9 34 34
7 36 35
10 32 31
14 31 33
15 35 32
14 33 31
13 34 32
13 35 33
13 36 35
6 35 35
5 34 35
12 36 38
17 36 35
16 31 35
15 36 35
15 36 36
14 35 35
11 36 36
7 36 35
10 37 35
10 33 32
16 34 34
15 34 33
14 33 34
14 36 33
13 36 34
13 36 36
3 38 36
9 34 36
11 37 38
15 33 35
15 36 37
14 35 36
14 36 37
14 36 37
11 34 35
2 35 34
11 36 33
11 35 34
14 33 34
14 35 34
14 35 32
14 35 33
12 37 33
14 35 35
9 37 36
5 33 35
11 36 38
17 36 34
16 33 36
14 36 35
14 35 36
15 35 36
14 35 36
11 35 34
6 35 35
9 35 35
14 33 34
14 34 33
14 36 33
13 34 34
11 36 34
13 35 35
12 36 36
7 35 36
9 34 36
12 38 38
18 35 37
17 33 36
12 36 36
14 36 36
15 37 36
13 36 37
11 35 37
3 37 37
11 35 35
11 34 34
14 33 35
14 35 32
13 35 32
13 36 33
13 35 34
11 35 35
7 34 35
10 33 34
8 36 38
15 31 33
15 33 36
14 35 34
14 33 34
13 33 34
12 33 35
12 33 34
7 36 34
10 34 34
11 35 33
11 32 32
14 33 33
14 34 33
13 34 32
13 33 33
12 32 34
13 34 33
8 33 35
6 31 34
13 36 38
13 33 36
15 31 36
13 35 37
14 35 38
15 35 36
14 35 39
12 34 37
7 33 36
10 33 36
11 35 35
11 31 34
15 32 35
14 34 33
12 32 33
13 33 33
13 32 34
13 32 36
2 32 35
15 31 38
13 35 37
11 31 36
15 33 36
13 34 37
13 32 38
14 32 37
14 33 38
6 34 36
13 31 34
9 34 36
11 30 35
12 30 34
12 29 32
12 30 32
13 32 31
12 31 33
13 33 35
14 32 36
13 32 36
11 32 36
13 33 36
15 34 37
12 33 37
11 34 36
12 35 38
11 34 36
11 35 36
12 34 37
12 35 36
13 35 36
13 33 36
12 34 35
12 32 36
12 33 36
