14 38 39
14 38 39
14 39 38
13 39 38
13 39 38
14 40 38
13 38 39
13 39 39
14 40 38
14 40 39
13 38 39
14 38 39
14 39 38
14 39 38
14 38 36
14 39 37
11 40 38
13 40 38
14 39 37
12 41 37
13 40 37
13 39 37
14 41 36
14 39 36
13 37 37
11 39 37
13 36 37
13 36 36
13 36 37
12 36 37
11 36 36
14 35 36
15 37 37
14 38 37
14 39 37
13 38 36
13 38 34
8 39 36
10 41 37
15 38 37
14 37 36
14 39 36
14 39 35
13 39 36
13 39 34
15 38 36
14 39 34
14 39 35
8 38 35
11 38 36
14 35 35
13 37 35
12 35 37
12 35 35
14 36 37
15 36 35
14 35 35
15 38 36
13 38 37
10 39 35
7 39 35
10 41 37
15 40 36
13 38 34
13 40 34
14 40 34
13 38 33
14 39 34
14 39 34
13 39 36
10 40 36
8 41 36
14 37 35
13 35 34
13 36 36
13 36 36
14 37 35
15 35 36
15 37 37
14 38 37
12 38 37
10 38 36
8 40 36
13 40 36
13 38 35
13 37 34
14 39 33
14 38 35
13 40 35
14 38 35
14 40 35
12 38 35
8 41 36
10 39 38
15 37 35
16 35 36
13 37 36
14 37 36
14 37 37
14 37 37
15 37 38
13 39 38
13 39 37
11 36 37
8 40 37
10 40 35
15 40 34
12 37 34
14 38 34
15 39 35
13 37 35
14 39 35
13 38 35
13 39 36
12 40 35
7 41 35
15 39 36
11 34 35
12 37 37
12 37 36
13 35 37
15 39 35
14 37 35
13 37 38
14 39 37
12 39 37
8 39 37
10 40 35
13 39 34
12 39 34
14 39 34
13 38 34
14 39 33
14 38 35
13 38 36
13 40 37
10 39 37
10 41 36
14 38 36
14 36 35
11 37 35
13 36 35
14 36 35
13 37 36
15 38 37
14 37 37
15 40 37
13 37 37
8 39 36
8 40 35
13 39 34
13 38 33
14 39 33
14 39 34
13 40 34
13 39 35
13 39 35
13 39 34
13 40 36
8 40 36
10 40 36
15 36 35
12 36 35
11 36 35
13 36 35
14 36 35
14 37 35
16 37 36
14 38 36
13 38 37
14 38 36
9 38 35
11 40 35
12 39 35
12 37 33
12 37 33
14 39 34
14 38 34
14 39 34
13 38 36
13 41 35
14 40 37
13 40 36
7 39 37
13 40 37
14 37 36
12 36 37
13 36 36
14 35 36
14 37 37
15 37 35
14 38 36
13 37 37
12 38 36
12 37 35
9 40 35
10 39 34
13 38 35
12 37 34
13 39 33
13 38 35
13 39 35
12 41 34
14 38 35
14 40 36
13 40 36
13 38 36
10 38 36
12 37 38
12 36 36
15 36 37
12 35 38
14 35 38
15 36 39
15 37 39
14 36 38
12 39 40
12 38 38
13 40 39
12 38 39
14 40 38
17 41 37
15 40 37
13 42 39
14 39 39
14 38 41
13 38 41
13 36 40
15 38 39
15 36 40
14 34 41
16 35 40
13 38 42
14 38 41
14 38 42
16 39 42
14 38 42
14 38 42
14 38 42
15 38 41
15 39 41
15 38 41
15 39 41
13 39 41
15 39 41
16 40 41
15 39 40
15 40 41
15 40 40
16 39 40
15 39 40
16 40 40
15 39 41
16 39 41
14 41 41
15 39 41
16 39 41
15 40 42
14 40 42
15 39 40
15 39 41
15 40 40
14 40 41
16 40 41
15 41 40
16 39 40
15 39 41
