37 33 32
26 40 50
25 41 50
26 41 48
28 41 46
28 38 43
22 43 41
20 47 38
19 53 40
15 47 38
11 48 37
8 44 33
2 44 34
15 40 35
14 40 31
9 38 30
14 37 30
13 39 31
12 39 31
16 39 32
15 38 32
13 39 31
11 37 30
6 40 31
15 39 35
12 37 32
12 37 33
13 36 35
15 39 34
16 36 35
15 39 36
15 37 37
14 40 36
7 40 33
2 40 34
17 37 33
12 39 33
11 37 30
14 38 30
14 38 31
16 38 32
17 39 32
15 40 31
12 38 31
2 41 31
13 40 35
7 37 32
12 36 33
16 38 35
16 36 35
16 39 37
16 39 36
16 42 35
13 41 35
12 41 34
5 43 33
16 39 32
9 39 31
11 38 31
14 41 33
15 43 32
18 42 33
18 44 34
17 45 34
15 47 33
11 51 35
17 47 38
17 45 36
20 41 36
22 47 38
21 50 39
23 50 39
23 49 38
24 48 37
21 49 37
20 50 38
16 54 36
16 52 35
21 45 33
19 49 31
19 50 32
19 49 33
20 48 34
22 47 35
22 49 37
22 49 35
19 50 35
18 50 33
15 48 34
18 46 35
14 43 34
13 42 33
16 45 38
17 43 36
15 43 33
12 42 37
10 43 35
0 41 36
17 36 35
15 36 33
10 37 32
13 39 31
13 37 31
17 39 30
13 39 31
11 37 29
8 38 28
9 39 31
14 43 37
7 47 35
12 41 34
18 38 38
20 44 36
22 47 36
23 46 37
24 45 36
24 44 33
15 50 33
9 50 32
9 45 31
13 41 32
15 41 32
16 42 33
17 41 34
14 41 34
14 39 33
9 41 33
9 40 35
12 41 36
10 38 34
15 37 34
16 40 35
17 41 37
15 39 39
14 41 38
9 40 36
6 40 35
11 41 35
10 38 33
10 36 32
12 36 30
16 38 34
16 41 34
16 43 37
11 46 35
13 46 37
18 46 36
20 44 36
18 45 39
19 45 41
20 44 41
20 45 40
20 45 40
19 48 40
12 48 37
15 47 38
13 48 36
15 44 36
17 44 36
17 45 35
17 41 36
18 39 36
17 39 38
16 37 36
16 38 35
4 37 32
2 38 34
9 40 33
9 43 34
12 39 33
15 39 31
14 43 33
17 43 35
19 40 37
16 31 43
15 42 37
10 41 34
2 38 30
12 37 31
8 37 29
11 37 28
13 35 29
12 38 29
15 38 28
14 39 30
14 38 31
11 39 29
6 39 27
9 42 28
13 43 29
12 39 29
13 38 31
16 39 33
17 39 35
4 40 34
12 36 36
11 34 39
12 36 37
10 40 34
12 39 32
13 36 33
13 37 34
13 37 36
13 36 36
14 38 36
13 38 36
11 37 35
7 38 35
8 38 33
13 36 33
13 37 32
12 36 30
15 38 30
14 38 31
14 40 31
14 42 34
14 42 34
15 42 34
13 43 33
10 40 32
6 40 30
16 37 34
14 36 33
11 35 33
13 34 36
13 37 35
13 36 37
13 37 37
15 37 35
16 37 33
13 37 31
14 39 30
8 39 28
4 38 30
12 32 29
10 34 28
13 34 29
13 34 29
12 37 27
14 37 28
14 38 29
13 38 30
14 39 32
7 40 33
13 39 38
11 38 33
13 37 35
14 41 34
15 41 33
15 40 32
19 41 32
15 40 31
7 44 29
10 45 28
11 43 30
16 46 30
17 47 30
20 46 31
20 47 33
20 47 32
18 48 33
14 49 33
14 48 35
16 48 36
15 45 36
16 44 36
19 43 37
21 45 37
22 46 39
23 47 39
23 45 38
23 46 38
20 49 38
17 48 38
12 52 38
14 50 37
15 48 37
18 45 35
19 45 37
18 43 36
17 44 34
19 44 34
19 44 34
19 43 34
15 42 34
5 42 33
10 42 36
8 38 33
10 36 31
13 36 31
16 38 32
16 40 33
15 40 34
14 40 36
11 40 37
10 38 38
3 37 35
7 38 36
15 37 34
8 38 31
10 36 30
14 37 32
16 38 33
16 37 32
18 40 33
17 39 35
13 40 34
7 41 32
2 40 34
16 39 36
12 36 33
15 35 35
16 39 37
15 41 36
15 42 37
16 43 37
15 44 36
12 44 33
7 46 33
15 44 30
15 43 30
17 44 29
17 44 32
17 46 33
17 46 33
19 44 34
17 45 35
17 45 34
12 44 33
8 43 35
14 41 35
8 39 32
12 37 33
16 37 33
17 41 36
18 40 37
15 42 35
12 42 37
9 42 37
4 42 38
9 41 38
14 37 32
9 37 32
11 37 31
13 37 30
15 38 31
16 38 32
17 39 34
13 39 32
11 38 33
3 40 33
12 38 37
11 40 36
12 36 33
16 37 34
12 39 34
13 39 37
15 37 37
14 39 36
12 37 36
6 38 36
4 39 35
16 38 33
11 38 32
14 36 31
14 39 31
14 39 31
14 38 31
16 38 31
14 37 31
12 37 32
4 40 33
14 39 37
10 38 36
10 36 34
15 34 37
15 37 36
14 38 37
14 38 36
14 40 37
11 40 35
5 43 34
9 46 35
12 43 32
8 46 33
12 51 34
17 51 34
21 47 35
24 47 35
26 51 39
29 49 40
31 44 44
32 47 46
29 43 49
30 41 50
31 39 47
32 37 49
31 37 50
32 36 52
30 37 52
32 37 52
32 36 52
31 35 53
32 36 53
31 41 56
30 41 54
32 39 50
31 38 50
31 40 51
31 41 51
31 39 52
29 40 52
30 39 53
31 39 51
31 37 52
30 38 52
31 38 52
31 38 52
31 38 52
30 39 51
30 38 51
31 38 52
29 38 52
30 39 52
31 38 52
30 37 53
28 38 53
29 38 51
