13 35 34
12 33 34
12 33 33
12 33 34
12 34 34
12 33 35
12 35 35
12 34 35
12 35 34
12 36 35
12 38 36
12 36 35
12 37 34
13 37 34
13 36 34
13 37 34
11 35 34
9 35 35
5 35 33
13 32 34
13 35 34
10 33 34
15 34 36
13 34 34
13 33 37
12 35 35
11 33 35
11 33 34
5 35 34
14 32 31
13 34 35
14 35 33
12 36 34
13 34 34
13 36 34
11 34 34
10 33 33
6 33 33
9 31 33
11 33 35
16 30 34
16 35 36
13 33 35
13 33 36
12 34 36
13 33 34
7 35 33
7 33 34
11 33 32
15 31 32
15 35 32
12 33 33
13 33 33
14 34 33
12 31 34
3 32 32
8 31 34
13 34 36
16 31 33
14 31 35
14 35 36
13 34 37
13 34 37
11 34 36
3 34 35
8 34 35
12 34 34
17 34 34
15 35 34
14 32 34
13 35 34
13 35 35
12 35 36
1 34 33
10 33 35
12 37 38
16 33 34
14 33 36
13 36 36
14 33 36
15 33 35
13 33 35
0 36 35
9 34 32
16 32 35
16 35 34
14 35 34
13 34 33
12 34 34
12 34 34
10 34 35
2 34 34
12 34 35
12 37 36
16 33 35
14 34 36
15 35 36
14 35 36
13 36 36
11 34 35
3 36 36
8 37 33
13 34 34
16 35 35
15 36 34
14 33 35
13 35 33
14 36 33
13 36 34
3 35 34
11 32 36
10 36 37
15 31 36
15 34 37
14 35 37
13 35 37
13 35 36
12 33 36
2 35 35
10 35 35
9 35 34
15 32 35
15 34 34
14 33 33
14 34 34
13 36 34
12 36 36
6 34 35
11 31 36
10 37 38
16 32 36
16 33 35
12 35 36
13 34 35
14 35 35
14 33 35
0 36 34
8 33 33
12 32 34
15 34 32
13 35 32
13 35 32
13 34 32
13 35 32
12 33 34
8 33 34
4 31 33
13 36 37
11 32 33
13 30 35
15 34 35
13 32 37
15 34 36
14 33 37
8 35 35
7 34 36
9 37 33
14 33 34
15 36 35
14 34 33
14 33 33
14 34 32
12 35 34
9 35 35
4 33 36
13 35 38
12 34 35
16 31 35
14 34 35
14 35 36
14 35 35
13 34 38
11 34 37
4 34 36
11 34 35
9 34 34
15 31 34
15 34 33
14 34 32
13 34 33
14 35 34
11 34 35
2 34 34
13 32 37
12 36 36
16 29 34
15 34 34
14 35 35
14 35 36
15 35 35
12 35 35
2 35 35
12 35 33
11 35 35
15 33 34
15 35 34
15 34 34
14 34 34
12 34 33
11 34 34
1 35 34
13 32 36
12 35 37
14 31 34
16 32 36
14 35 36
14 36 37
14 36 37
12 35 37
3 36 36
12 34 35
9 36 33
14 33 33
16 34 33
13 33 34
13 34 33
12 34 34
11 35 34
8 34 35
8 32 36
11 34 37
14 31 35
16 32 36
14 35 35
15 34 36
13 36 38
13 35 38
6 35 36
10 34 36
11 37 34
13 33 35
17 35 34
13 36 33
14 35 34
11 34 34
14 35 35
11 33 36
2 35 34
10 34 37
11 35 36
16 31 35
15 35 36
14 35 37
14 36 36
14 36 38
11 34 36
3 35 36
12 36 35
12 35 33
15 33 33
15 35 33
15 34 32
13 33 33
11 36 34
12 34 35
3 34 35
12 32 37
10 36 37
16 31 35
17 35 35
15 34 36
13 35 36
14 37 38
13 35 37
2 34 34
10 34 34
10 38 35
14 35 34
15 35 35
13 35 33
14 36 34
12 33 33
12 33 34
4 34 33
11 33 36
13 36 37
14 34 34
16 32 35
14 36 38
12 35 38
13 33 37
11 34 36
2 35 35
14 34 33
12 34 32
15 34 31
15 34 30
13 34 32
12 34 33
13 36 34
11 33 33
11 34 34
5 34 34
8 35 36
14 34 33
20 32 34
14 36 34
12 33 36
16 36 35
13 37 35
12 37 35
4 38 35
10 35 32
14 34 32
16 35 33
16 35 32
12 35 32
12 34 33
12 35 33
12 33 34
3 36 34
10 32 35
12 35 36
15 32 34
15 36 35
14 34 36
14 36 37
13 35 37
11 34 36
3 36 36
10 36 34
10 34 34
17 33 33
15 35 33
14 33 32
14 34 34
13 36 33
12 33 34
8 34 34
7 34 36
10 35 38
17 35 35
17 34 35
14 35 35
14 35 37
14 35 37
13 34 38
7 35 35
9 36 36
11 37 35
12 34 34
15 34 33
14 37 33
14 35 33
14 34 34
12 35 34
12 36 35
2 34 35
11 33 36
12 36 37
17 33 36
15 35 36
14 36 37
15 36 37
13 36 37
12 35 36
3 37 35
11 36 35
11 36 34
13 35 33
16 36 33
14 35 34
13 33 33
13 36 33
13 35 34
12 35 36
3 36 35
10 37 37
16 38 37
16 34 36
15 36 35
13 35 35
12 35 37
14 35 37
11 37 37
5 35 36
12 36 36
11 36 34
12 35 35
14 35 33
13 35 33
13 35 33
12 33 34
13 35 34
13 34 35
5 36 34
9 34 35
10 37 37
15 34 35
16 32 35
14 35 35
14 34 35
14 36 36
14 34 36
10 34 35
2 35 34
12 34 33
11 33 33
14 32 33
13 35 33
13 34 32
13 35 32
14 35 33
12 37 33
12 34 34
3 36 34
8 34 35
13 33 36
15 32 33
13 33 34
14 34 34
13 33 34
15 33 34
14 34 35
11 33 35
2 34 34
14 33 31
10 33 33
11 29 32
16 32 33
13 31 30
13 31 31
15 33 31
15 34 32
12 32 35
2 32 33
13 31 37
10 35 35
13 31 35
15 34 36
12 35 36
11 33 37
15 33 37
11 34 36
12 31 35
6 34 35
11 33 33
12 33 33
10 31 32
12 30 32
13 33 33
13 31 32
13 33 34
10 32 34
12 31 35
13 32 36
12 34 36
11 34 36
11 32 35
13 33 36
12 33 35
12 34 36
12 34 35
12 33 36
12 33 36
12 34 38
12 34 36
13 35 36
12 35 36
11 35 35
12 35 35
12 35 35
12 34 35
12 35 35
13 34 35
11 35 36
13 34 36
13 35 36
11 35 35
13 34 35
12 34 34
11 35 35
13 35 34
12 36 36
