42 32 53
40 34 53
40 34 53
41 36 51
41 36 49
41 36 47
41 40 45
40 41 45
39 45 42
33 47 37
31 53 40
26 48 43
25 44 48
17 44 46
14 40 42
9 38 40
4 41 37
8 41 38
11 42 37
10 39 37
12 38 36
12 39 36
11 38 35
13 37 35
13 36 35
14 36 35
14 38 36
13 37 36
13 39 36
13 39 35
13 39 36
12 39 35
13 38 35
14 39 36
13 38 35
12 38 36
12 38 36
12 37 36
13 37 34
13 37 34
14 37 35
12 38 36
13 38 36
12 38 38
14 38 38
15 39 38
14 39 39
14 40 40
12 41 38
11 40 38
12 38 37
6 39 35
13 37 34
9 34 34
15 35 34
14 36 35
15 37 35
18 36 34
16 37 34
9 43 35
10 41 34
5 42 34
13 43 36
15 43 37
16 39 35
17 39 36
16 39 37
15 40 37
11 40 37
8 38 37
6 40 37
7 40 38
7 36 34
12 35 33
16 38 35
17 37 33
19 37 34
18 39 34
11 38 36
3 37 34
11 38 39
12 37 38
14 37 37
18 38 37
16 39 38
15 38 37
14 39 38
10 39 38
5 38 37
9 39 39
7 38 36
11 36 35
15 36 35
13 37 33
14 35 34
18 37 34
14 37 35
13 37 36
7 42 34
14 35 40
11 34 38
14 37 38
16 39 39
15 39 39
14 38 39
11 40 37
7 38 38
8 37 38
11 37 37
10 37 36
11 36 34
13 34 35
12 36 32
12 37 33
16 36 35
15 37 35
14 37 36
8 37 35
11 38 39
12 38 38
15 37 36
14 39 37
13 39 37
14 38 39
12 39 38
9 39 39
5 39 38
10 37 36
9 36 36
9 36 34
14 35 34
15 36 34
17 37 33
15 37 34
14 38 34
5 36 35
11 38 37
11 39 38
15 36 38
15 38 36
13 39 38
15 39 38
11 38 38
9 40 38
4 40 40
11 37 36
9 36 35
12 36 34
13 36 33
13 35 33
15 36 33
15 37 33
13 36 34
9 37 35
14 36 36
12 39 38
13 37 38
15 38 38
13 38 38
14 38 39
11 40 39
9 39 38
5 40 38
10 37 37
7 37 36
11 36 35
12 36 34
12 34 32
16 37 33
16 37 33
13 36 34
10 38 36
12 36 36
14 37 39
8 37 37
15 36 37
15 40 38
14 40 39
13 39 38
10 39 38
6 40 36
6 39 36
7 37 34
6 35 32
14 35 34
14 36 33
16 37 34
19 38 35
15 37 36
13 36 34
4 37 35
7 38 36
8 40 34
11 36 35
16 40 35
15 40 35
16 38 36
12 39 38
10 38 39
3 39 42
9 34 38
8 35 36
11 34 37
11 37 36
17 35 33
19 36 35
18 38 34
13 36 36
2 37 33
12 39 39
10 38 38
10 37 35
13 38 36
15 37 35
15 39 36
13 40 37
10 40 39
6 40 40
8 38 39
13 37 37
11 37 36
12 37 33
14 36 33
13 35 33
15 37 34
12 37 36
13 36 35
7 37 36
13 38 39
12 37 37
16 37 35
14 37 36
14 38 36
12 38 37
11 39 38
10 37 37
2 40 40
11 36 37
10 37 36
12 36 34
15 37 34
14 36 34
15 36 34
12 36 35
14 35 37
7 37 35
14 39 38
13 39 38
16 35 37
17 39 37
14 38 38
13 38 39
10 40 38
9 38 37
6 39 40
13 39 36
9 35 35
12 35 34
13 36 34
14 36 34
14 35 34
13 35 37
14 37 36
9 36 37
15 38 38
13 40 37
15 37 36
15 39 37
12 39 38
15 39 37
12 39 37
10 40 38
5 40 39
9 38 35
11 36 34
13 36 33
14 37 32
15 36 34
17 36 33
14 37 35
12 37 36
6 37 36
14 37 39
12 38 36
17 36 37
15 38 35
14 38 37
13 39 37
10 39 38
7 40 38
5 39 39
12 37 34
11 39 35
13 35 34
13 34 33
13 36 32
16 37 34
15 36 35
14 35 35
6 35 34
13 38 36
13 39 36
16 37 36
15 39 36
12 38 38
13 38 38
11 40 37
8 39 38
3 39 39
10 37 36
9 37 35
10 33 33
16 36 33
16 36 33
16 35 32
14 36 34
14 36 35
5 36 35
10 37 37
9 39 38
15 39 38
14 40 38
14 40 39
14 39 37
13 39 37
9 37 37
3 39 37
10 35 35
8 36 36
15 36 35
16 36 34
15 36 34
17 37 35
14 37 34
11 37 34
7 37 35
14 38 37
14 39 38
10 36 37
16 37 37
15 38 37
13 38 38
14 38 39
11 38 39
12 38 37
3 40 39
8 35 35
9 36 37
13 35 35
13 36 34
16 35 34
16 36 35
16 37 34
13 37 35
10 38 36
9 36 37
12 38 41
15 39 39
16 35 38
14 41 37
14 40 39
12 38 39
9 39 38
6 38 37
5 37 37
10 37 36
8 37 36
12 35 34
15 35 35
18 36 34
17 40 34
12 43 37
14 42 39
12 41 39
17 39 37
12 39 37
15 38 36
14 39 36
14 38 36
12 38 37
11 39 38
10 40 38
8 38 38
4 38 39
12 36 37
6 36 36
11 35 34
15 35 35
17 36 34
17 36 34
17 37 34
11 38 37
4 37 33
13 37 37
12 39 37
13 37 39
16 39 38
15 38 38
13 38 38
11 40 39
10 38 39
8 39 39
8 38 37
9 36 35
12 37 35
15 36 34
15 36 34
16 36 35
15 36 34
12 37 35
9 39 36
11 37 36
13 37 38
13 38 35
14 38 37
15 37 38
14 38 38
13 38 38
10 39 38
6 39 36
7 39 38
11 37 35
9 36 34
15 35 34
15 36 33
16 35 33
17 36 34
13 37 34
12 36 35
6 39 36
13 37 37
12 37 37
14 39 37
15 37 38
12 38 38
14 37 37
12 37 38
10 37 37
7 38 37
10 39 37
10 38 37
11 35 34
14 35 34
13 36 33
15 37 32
15 36 34
13 35 35
15 37 38
7 38 36
12 38 38
12 39 39
14 37 36
14 40 39
13 38 37
13 37 38
13 38 38
12 36 37
9 37 36
11 38 35
11 36 33
11 34 33
13 36 33
14 37 34
13 35 34
13 37 35
12 37 34
13 37 34
13 39 36
11 39 35
13 38 37
12 38 36
12 38 36
12 36 36
13 38 36
13 38 35
13 36 36
13 37 35
14 36 35
13 36 36
13 37 36
13 37 36
13 37 35
13 36 35
12 37 36
11 39 36
12 37 35
13 37 35
13 37 36
14 37 36
12 37 35
13 37 36
12 37 35
12 38 36
12 38 36
12 38 36
12 38 36
12 38 36
12 37 36
12 39 36
8 47 36
5 54 37
11 58 37
19 54 35
21 52 35
29 46 37
33 39 36
39 37 43
39 36 45
41 36 45
41 36 49
40 30 52
41 33 55
42 36 52
42 35 51
41 36 51
42 36 51
40 37 52
