12 39 36
13 40 36
13 40 36
13 39 36
11 40 37
11 41 38
12 43 40
16 45 39
20 40 37
18 40 39
18 38 41
17 40 41
16 41 41
16 42 40
14 42 38
13 44 38
11 42 41
17 44 38
16 44 36
15 44 35
20 45 35
16 45 36
15 43 36
14 41 35
13 40 36
9 41 35
12 40 36
17 39 35
12 39 36
13 40 37
15 42 36
14 40 36
16 39 37
15 36 37
14 40 37
7 44 35
8 42 33
14 42 32
12 41 29
16 42 29
18 41 30
18 38 30
16 41 31
14 40 31
12 40 31
5 38 32
10 39 36
14 40 35
13 40 35
15 41 35
16 40 34
14 39 36
14 34 35
14 34 35
13 39 35
9 39 34
8 42 33
12 42 33
10 37 31
16 39 32
17 40 31
14 39 31
14 38 31
12 37 31
11 40 33
6 39 34
15 40 35
8 36 35
14 38 34
16 40 34
15 39 34
15 39 35
14 38 35
13 40 35
8 40 36
5 40 34
12 40 33
11 40 31
12 39 30
17 39 30
17 39 29
15 38 30
14 37 32
11 39 32
9 38 33
9 40 34
14 39 35
12 39 33
14 38 35
15 39 35
14 37 35
14 36 36
14 36 37
10 38 35
4 42 33
10 41 32
13 39 32
13 39 30
16 40 30
17 43 31
16 43 31
16 40 31
15 40 30
13 41 31
10 40 33
14 37 34
10 40 36
12 39 36
14 41 36
14 40 36
14 41 34
13 41 35
14 40 36
11 40 34
5 39 33
14 40 32
14 40 31
12 39 29
15 41 30
14 41 30
16 39 31
15 38 31
12 40 32
13 39 34
8 40 33
13 40 35
14 39 35
12 39 35
14 38 33
15 40 33
14 37 33
12 37 34
13 37 35
13 40 35
8 42 34
11 43 34
13 42 34
10 39 31
14 41 30
18 39 31
17 40 31
15 40 31
15 41 32
14 41 32
11 40 34
5 40 35
14 42 37
11 40 34
12 39 34
15 39 34
14 37 35
14 37 35
13 38 35
12 39 38
9 41 35
8 41 35
13 39 32
11 39 31
13 39 30
16 39 30
17 41 32
16 41 32
14 43 33
13 38 33
13 41 35
8 39 33
13 42 36
12 39 37
12 38 36
14 39 36
14 39 37
14 37 36
12 36 35
13 38 34
14 38 34
15 37 34
11 39 34
7 40 36
12 40 35
12 38 35
11 36 32
12 37 30
14 37 30
13 38 30
14 38 31
13 40 33
14 41 36
12 42 36
14 42 36
12 41 34
11 40 33
15 43 34
16 40 34
14 37 34
11 37 37
12 35 41
13 38 37
14 39 36
14 40 35
14 40 36
17 41 36
12 41 37
10 42 36
13 40 36
14 40 35
14 41 33
15 43 34
14 43 34
15 43 34
14 43 34
14 42 35
13 42 36
15 43 36
13 44 36
12 43 35
15 42 36
14 40 36
12 38 35
13 37 36
13 36 36
12 37 40
14 41 37
14 40 36
14 40 36
15 40 37
14 39 38
15 40 38
13 41 37
14 40 36
14 40 36
15 41 37
14 42 36
14 42 35
13 41 36
14 42 36
14 43 36
15 41 36
13 40 37
12 35 39
11 35 39
12 37 37
15 38 37
14 40 38
14 38 39
14 37 38
14 38 38
14 39 37
14 38 37
13 38 37
13 38 37
13 39 36
13 38 36
12 38 36
13 38 37
13 39 36
13 38 37
13 38 36
13 38 38
13 39 37
12 39 36
14 38 38
12 38 37
13 38 36
14 39 36
