13 36 38
12 36 37
14 36 37
13 35 38
12 38 39
13 36 39
13 36 38
14 38 39
14 38 38
12 38 39
13 39 39
13 38 39
14 36 38
13 37 36
15 38 36
14 38 37
9 41 37
10 39 34
12 38 36
11 42 34
11 37 34
14 42 34
14 37 35
14 39 36
13 38 35
13 39 36
14 39 37
14 39 36
7 39 37
11 38 37
12 36 36
13 36 35
13 36 35
14 35 36
13 35 37
13 37 37
13 36 36
14 38 36
12 38 36
10 37 36
9 39 36
13 40 35
12 38 34
13 39 34
14 38 35
12 39 35
14 39 35
14 39 35
14 37 36
10 39 35
10 40 37
14 34 36
13 36 36
14 35 35
14 37 36
14 36 37
14 36 38
14 36 37
14 38 38
12 38 37
9 40 36
10 40 35
12 38 34
13 38 33
12 40 33
13 40 34
13 38 34
12 39 35
13 39 34
14 39 35
12 39 36
9 40 35
14 40 38
16 37 35
14 36 36
13 37 37
13 36 37
14 36 35
15 38 38
14 37 37
13 40 37
14 37 37
6 40 36
11 41 36
12 39 35
12 37 34
14 38 35
14 39 34
15 39 34
12 38 35
14 40 35
13 38 35
13 40 38
7 39 37
11 39 36
15 36 35
12 35 35
13 38 36
16 34 36
15 37 38
15 36 38
13 39 38
11 37 37
5 40 37
13 41 36
12 37 35
13 39 34
15 38 35
13 38 35
13 39 35
14 38 35
14 38 35
13 38 36
6 38 35
13 35 35
14 35 35
13 36 36
14 36 36
15 37 35
14 38 37
15 37 37
14 36 39
12 37 37
6 40 36
11 41 36
11 40 34
14 39 33
17 39 34
16 38 35
14 38 36
12 39 36
15 39 35
9 39 36
7 40 36
14 36 36
13 36 35
13 36 35
15 35 36
16 36 36
15 37 36
15 38 38
13 38 38
9 37 37
8 40 35
13 38 35
12 37 34
14 38 34
14 38 34
14 39 34
14 39 35
14 38 35
14 39 37
10 39 35
9 41 36
13 38 37
14 34 35
12 36 36
13 38 37
14 36 37
14 37 37
15 38 37
14 38 38
13 38 37
7 40 36
11 39 36
12 38 35
11 39 34
15 37 33
14 40 33
14 39 34
14 39 34
14 40 36
12 38 36
10 37 37
11 38 37
14 37 37
13 36 37
14 36 38
13 38 37
15 36 38
14 38 38
14 36 38
13 38 37
13 36 37
12 38 36
10 39 35
14 38 36
11 38 35
13 38 35
14 38 35
13 39 33
12 40 35
11 37 35
13 38 35
15 36 36
14 36 37
13 37 37
12 38 36
13 36 36
12 36 36
12 36 36
12 38 35
14 37 35
12 37 35
12 38 34
13 36 34
13 36 34
11 37 32
13 35 33
12 35 32
11 36 32
13 35 32
11 35 32
11 35 33
12 35 32
12 35 32
12 35 32
13 37 34
11 36 33
12 38 33
12 36 32
13 36 32
12 36 33
12 37 32
11 38 33
12 36 33
11 37 34
12 37 33
12 38 33
12 38 32
13 37 33
11 38 33
11 37 32
11 36 32
12 36 32
12 36 33
13 37 33
13 39 34
12 38 34
11 36 34
12 37 34
12 37 34
13 37 35
12 37 35
12 38 35
11 37 35
13 35 35
14 38 35
12 37 36
12 37 36
12 37 36
13 37 36
12 37 35
13 36 37
12 37 36
