19 51 27
19 51 27
18 52 30
20 47 29
20 49 28
21 49 27
19 51 28
22 50 29
22 48 29
26 47 27
23 48 29
20 48 33
15 47 33
14 43 35
14 41 37
11 42 37
11 42 36
12 40 35
11 39 35
12 39 34
10 38 34
7 36 32
12 34 33
8 36 33
15 35 35
15 36 36
16 35 37
16 35 36
15 35 37
15 37 35
13 39 35
10 37 36
8 38 34
5 41 34
11 41 34
14 36 32
13 37 31
16 36 30
17 37 31
16 38 32
16 38 31
9 41 31
8 38 33
10 36 32
8 39 34
15 34 34
15 34 33
17 37 34
18 37 33
16 35 35
13 38 34
13 36 36
8 39 35
4 37 33
2 37 37
13 35 33
12 36 31
16 35 31
18 37 32
17 38 32
16 39 33
12 37 32
9 37 33
8 35 33
4 38 34
13 34 36
14 34 33
16 37 35
18 37 35
16 35 38
14 39 35
13 35 36
9 37 37
5 36 34
2 40 36
10 37 34
11 35 34
15 35 31
17 34 33
15 36 31
15 37 33
14 37 32
10 38 33
10 37 35
6 36 34
10 36 35
13 36 35
17 36 36
19 38 35
16 29 39
16 45 38
17 39 37
11 40 38
9 37 35
4 40 36
11 38 34
11 40 34
12 35 30
18 34 31
18 34 32
18 39 32
15 38 33
7 39 33
6 37 35
3 37 32
13 37 37
14 33 33
15 36 35
18 36 37
19 37 34
14 37 35
13 37 36
10 37 36
8 37 36
0 39 37
9 39 34
10 39 33
17 35 31
19 34 32
18 37 31
17 37 32
12 38 32
7 39 33
6 36 35
2 37 33
14 32 35
15 35 33
18 37 35
20 36 35
16 39 34
12 37 35
14 37 36
9 38 36
6 35 33
1 39 36
10 34 32
11 36 32
18 32 31
19 35 32
17 37 30
14 38 33
14 38 31
7 37 31
6 34 32
9 38 34
14 33 32
12 36 35
18 36 35
20 35 36
17 35 36
12 37 34
10 39 35
9 39 35
1 37 34
7 37 35
10 38 33
15 37 32
20 36 32
20 33 31
14 38 32
11 37 33
9 37 32
10 36 34
5 35 32
11 35 35
13 35 34
17 35 36
19 35 35
18 34 38
15 38 36
13 37 33
10 37 36
8 38 38
1 38 36
9 38 34
10 41 36
14 35 33
19 31 30
19 32 31
17 37 33
14 38 32
7 38 31
9 35 36
6 33 35
9 30 33
13 33 32
17 37 34
19 36 34
15 31 42
13 36 36
13 36 35
9 39 34
3 35 33
4 38 35
10 37 32
11 38 32
16 33 33
19 28 33
18 32 32
17 38 34
11 40 32
7 37 32
4 35 34
5 35 34
11 32 34
13 36 35
19 36 36
19 36 35
16 36 37
16 39 36
14 38 37
11 41 35
3 40 35
5 38 36
8 39 35
12 35 33
19 35 32
19 37 32
17 38 32
18 39 33
13 40 34
9 38 35
6 38 34
7 39 36
12 35 34
13 37 34
20 37 37
22 38 36
17 38 36
12 39 36
10 40 38
7 37 36
2 40 36
11 39 33
11 38 33
18 35 33
18 34 33
16 36 33
16 39 34
11 37 33
6 39 33
8 35 35
5 35 34
13 31 34
13 34 33
21 35 34
20 35 34
16 35 34
12 37 36
10 35 36
7 36 37
1 37 36
3 34 33
10 34 33
10 36 32
18 32 30
19 34 31
17 35 30
16 36 32
10 38 32
10 39 33
7 36 33
10 36 35
10 35 34
14 35 36
18 34 34
15 34 35
15 34 35
15 35 35
9 35 34
9 36 34
5 37 33
11 36 33
9 38 35
13 36 32
16 37 33
16 37 32
15 36 33
13 39 33
12 38 33
7 39 34
10 37 36
11 35 37
12 37 36
14 37 37
16 37 36
14 37 36
14 36 37
14 37 37
15 38 35
12 37 36
10 36 35
3 38 34
7 38 35
14 35 33
10 40 35
15 34 32
16 36 30
15 37 33
17 36 32
13 36 32
9 36 29
9 37 33
7 39 35
11 36 36
13 35 34
13 37 36
17 38 35
18 38 36
16 39 36
13 37 35
11 38 37
8 37 35
4 36 34
2 39 34
14 35 34
10 38 34
14 35 31
18 35 33
17 36 32
16 37 33
13 37 32
10 37 33
7 37 33
5 37 34
13 36 36
12 36 34
17 38 36
17 38 35
17 36 36
14 38 35
12 37 37
9 39 37
5 37 34
2 37 36
11 36 34
10 38 36
15 33 31
19 34 30
16 38 31
15 37 32
14 37 32
8 38 32
10 37 34
6 34 32
11 37 37
14 35 35
15 36 34
18 36 35
17 39 35
16 38 35
13 38 35
8 38 37
7 35 33
2 38 33
9 36 31
13 34 31
13 31 31
15 28 30
14 35 29
13 36 29
14 37 31
10 37 31
10 39 32
5 34 32
4 35 31
15 29 32
14 32 33
15 32 33
17 35 33
16 36 35
15 37 32
12 37 32
10 37 33
5 37 32
6 38 31
12 37 31
14 37 32
17 35 31
15 36 31
15 35 31
14 37 31
11 39 28
12 38 29
7 36 31
10 36 31
12 34 32
15 35 33
16 38 33
16 34 33
13 35 34
12 36 33
14 37 33
13 37 34
12 35 33
6 38 32
6 35 30
15 36 33
13 36 31
14 33 30
13 35 29
14 36 30
15 37 30
12 36 31
10 37 32
13 37 33
12 36 33
8 36 32
9 37 33
17 36 35
14 36 36
10 37 36
15 37 37
16 36 36
15 35 37
12 37 37
11 38 36
14 37 35
14 36 35
12 37 34
7 37 33
10 37 33
12 35 33
14 34 34
15 34 32
7 32 30
9 32 29
13 35 32
14 35 31
11 34 29
9 35 29
12 36 30
15 36 28
13 36 29
14 37 30
11 37 29
13 39 30
12 39 30
12 39 32
11 39 31
10 38 33
9 38 33
9 36 34
9 36 34
17 35 39
17 32 33
13 35 32
12 35 37
13 35 36
15 36 37
