51 37 43
33 44 47
32 47 47
32 47 46
32 45 43
29 59 41
24 54 38
24 50 40
25 49 38
24 49 38
21 49 38
19 45 39
18 42 42
18 37 42
15 38 43
14 36 41
9 39 42
12 37 39
8 37 39
12 36 37
9 37 36
8 36 33
12 36 34
14 37 35
14 37 34
14 36 34
14 36 35
11 36 36
10 35 35
7 35 35
15 35 35
13 36 35
13 38 37
16 37 36
16 36 37
14 35 36
13 34 37
8 37 37
6 38 35
8 36 36
11 34 31
11 34 31
15 36 33
18 37 32
16 36 32
14 35 33
11 36 33
8 36 32
6 37 35
13 34 35
16 38 36
13 36 35
15 37 35
16 37 35
15 37 36
13 37 34
8 37 35
8 38 35
7 38 36
12 37 33
10 35 33
13 37 32
17 38 32
17 37 34
15 36 34
12 36 33
7 37 33
9 37 33
14 35 34
11 33 35
16 35 34
17 36 36
15 36 36
14 35 37
10 35 34
7 37 35
3 39 36
9 35 32
12 35 33
14 37 34
17 36 33
18 36 33
16 36 33
11 35 33
7 36 33
6 35 32
13 36 34
12 35 33
18 37 36
16 38 36
14 37 38
13 36 37
9 35 36
7 38 35
7 37 36
9 37 33
11 35 32
14 36 32
16 36 33
15 36 33
14 35 32
8 37 32
7 36 32
9 36 32
11 37 35
11 35 35
17 35 37
18 38 37
16 36 37
12 35 39
5 38 36
6 38 35
12 37 35
10 34 31
13 35 31
15 36 32
17 36 33
15 36 32
13 37 34
6 35 33
5 37 35
8 35 34
14 38 35
14 36 33
17 37 36
17 37 34
13 37 36
12 36 35
8 37 34
2 39 33
11 38 34
11 35 32
14 33 32
16 36 33
16 39 33
14 37 33
9 37 32
4 34 30
10 36 35
14 34 32
15 37 34
17 37 36
20 37 36
14 37 37
11 36 37
8 38 37
4 39 36
9 37 34
10 34 31
14 35 33
17 36 32
18 35 33
18 35 32
12 36 34
7 35 33
5 36 33
14 36 35
13 37 34
17 38 36
17 38 37
14 36 36
13 38 36
6 34 37
3 39 36
10 39 36
10 36 33
13 37 33
17 36 31
17 37 32
16 36 32
12 36 32
8 35 30
4 36 32
13 35 33
12 35 36
18 38 36
17 37 36
15 37 36
12 36 38
13 36 38
8 42 36
4 40 34
9 38 34
10 36 33
17 38 35
18 36 34
17 34 32
14 35 33
7 35 32
5 38 33
11 37 35
11 35 35
17 33 35
19 36 37
18 36 38
14 35 37
10 39 37
6 37 37
4 40 36
11 38 36
11 38 34
11 37 34
15 36 34
16 36 33
16 36 34
11 38 33
9 36 33
5 37 32
12 35 36
13 35 33
15 35 34
16 37 35
16 42 35
14 38 37
9 38 35
6 40 32
8 39 34
7 37 32
10 36 33
15 35 33
17 35 32
14 36 31
16 36 33
9 37 33
7 35 34
12 35 33
12 36 35
14 35 34
18 37 35
18 38 36
15 38 36
13 37 37
6 40 36
4 39 37
10 38 34
10 33 32
14 33 35
16 36 32
17 35 33
15 36 33
10 35 33
7 35 32
8 38 36
13 36 36
12 35 36
16 33 36
18 33 35
17 36 36
14 35 36
10 34 37
6 39 34
7 37 37
10 36 32
12 37 34
16 36 33
18 36 33
17 37 33
12 35 32
5 37 33
5 37 34
16 34 34
13 36 35
16 36 35
19 36 34
19 39 33
11 33 39
9 36 39
5 38 36
3 37 35
10 36 32
10 36 32
15 36 34
18 36 33
16 34 31
16 35 32
11 36 33
8 36 32
7 36 31
12 40 37
11 34 32
15 27 37
19 42 38
17 38 36
14 37 33
7 36 34
3 37 34
9 39 35
9 37 34
11 34 33
16 37 33
16 36 32
16 37 33
13 37 33
8 35 31
6 35 33
13 34 37
11 33 32
18 47 35
22 41 34
20 41 34
16 40 35
11 36 32
4 40 33
1 45 35
10 41 33
8 36 32
11 33 32
17 34 32
20 37 33
19 36 33
11 37 33
7 35 32
4 38 32
11 37 37
13 35 35
17 36 35
17 37 35
14 38 37
13 35 36
8 41 34
3 39 34
10 38 34
10 36 33
10 35 34
15 34 32
18 36 32
17 37 33
13 35 32
6 34 32
5 35 32
13 35 34
11 35 35
17 35 34
18 38 35
16 38 36
15 37 35
11 35 36
8 40 37
2 40 36
9 37 35
9 34 33
12 36 33
14 36 32
18 34 32
17 36 32
15 36 32
10 36 33
7 37 33
11 36 34
12 35 35
14 35 34
19 39 35
17 36 36
14 38 35
10 36 34
2 37 34
5 38 36
10 35 33
9 35 34
12 34 33
16 34 32
15 35 31
16 37 31
13 37 32
9 35 32
6 35 32
14 36 34
13 36 36
14 37 34
16 41 37
15 38 37
14 37 37
10 37 37
7 39 37
4 38 37
12 34 35
8 34 32
8 35 33
14 36 31
15 35 31
16 36 31
16 37 32
14 36 33
7 37 35
12 36 37
13 37 37
13 37 36
15 36 36
15 36 37
14 38 37
9 37 36
6 37 35
4 36 35
11 36 36
10 35 34
8 28 30
12 36 31
18 37 32
17 36 31
15 36 32
8 37 32
7 36 32
12 37 35
17 37 38
14 36 36
15 37 37
15 39 37
14 39 39
13 38 37
10 38 36
6 37 37
7 42 38
10 40 36
13 40 33
14 40 33
16 37 32
17 38 34
16 39 35
13 39 35
8 41 37
7 41 40
15 42 42
9 44 42
14 45 44
17 46 45
22 46 48
25 44 46
29 39 44
32 41 46
34 43 46
35 44 47
35 41 47
34 44 51
33 38 53
34 43 54
34 40 52
35 42 50
35 42 51
35 42 51
36 42 50
36 43 51
36 43 51
35 42 51
38 42 49
38 42 49
37 42 49
36 42 50
36 42 51
37 43 51
36 41 49
37 42 52
38 42 50
38 42 50
