37 35 51
37 35 52
34 36 52
35 37 53
36 36 53
36 37 53
33 41 56
33 43 50
32 42 47
33 44 42
31 44 41
30 40 43
25 41 45
18 41 47
16 34 47
10 37 47
7 42 44
9 44 47
16 42 45
13 40 44
17 40 44
20 39 46
20 39 45
19 36 46
15 35 44
9 34 44
14 38 45
16 35 40
15 38 42
19 40 42
20 41 45
22 40 47
19 40 47
18 40 47
15 39 46
12 39 49
13 37 45
16 35 45
22 38 44
22 36 41
21 35 42
20 34 42
17 34 44
12 37 44
6 40 47
12 43 43
14 40 43
18 40 41
19 39 39
17 37 39
16 38 38
12 39 38
5 38 36
10 40 38
17 40 39
11 37 35
16 35 37
16 37 35
16 38 37
15 37 37
10 37 38
8 38 38
3 40 40
11 39 35
8 36 34
13 34 32
14 36 33
16 37 32
16 37 32
13 37 33
11 37 32
10 38 33
13 38 36
11 36 35
15 35 35
13 38 36
14 38 39
14 39 41
10 39 42
6 35 41
4 36 40
7 35 35
5 35 34
11 37 31
14 36 32
17 36 33
18 36 31
16 35 32
11 36 33
9 36 34
9 38 36
8 38 35
10 38 35
12 37 39
13 36 40
14 39 40
10 38 42
6 35 43
3 35 41
10 35 34
6 35 34
12 35 33
16 35 33
17 34 34
18 35 34
17 36 34
9 36 34
7 36 38
9 37 37
8 36 36
14 35 36
17 37 38
16 37 41
14 39 42
10 38 42
4 34 41
10 35 40
9 35 35
8 34 34
12 37 34
16 36 34
17 36 33
17 37 33
15 36 34
12 36 34
8 36 37
9 36 38
8 36 37
15 38 36
15 36 38
14 38 37
15 39 39
12 38 39
6 35 36
5 37 38
4 35 34
5 33 31
10 33 31
17 36 33
21 40 36
23 41 37
21 41 39
16 46 41
13 43 45
13 40 45
19 37 47
20 37 42
18 39 41
18 37 39
14 34 40
12 29 39
0 29 34
11 30 33
8 33 29
9 34 31
12 35 32
15 38 33
19 37 35
18 36 34
16 37 36
13 37 35
3 38 32
2 38 35
10 40 38
15 37 36
16 36 36
18 37 38
14 36 41
8 38 45
3 33 43
11 34 40
11 35 37
6 34 36
9 34 33
13 36 34
18 36 34
19 36 33
17 36 34
12 36 34
5 38 34
10 39 38
5 37 36
12 36 35
15 38 36
16 37 39
15 39 41
11 39 41
7 36 42
1 35 39
9 34 34
6 35 32
12 36 32
13 36 32
16 38 31
15 36 32
15 35 32
8 36 34
14 35 38
10 38 37
11 35 36
14 36 38
15 36 41
15 37 41
11 38 41
8 37 42
2 35 42
11 35 37
5 33 33
11 34 34
15 37 35
17 36 32
18 36 32
14 36 33
14 36 34
9 37 36
10 39 39
6 34 37
13 32 35
15 35 37
14 36 38
17 40 40
10 39 39
3 35 37
6 37 37
9 37 34
8 37 31
14 37 27
15 41 27
15 45 28
15 49 31
14 53 31
22 54 28
27 57 32
31 53 33
33 47 41
36 43 39
37 34 43
32 35 50
32 38 53
32 37 51
35 40 53
30 42 59
33 40 52
32 41 51
31 39 50
33 36 48
33 37 50
33 37 51
32 38 54
