39 43 49
40 44 44
37 42 42
37 41 41
32 49 44
25 51 51
23 45 51
23 47 51
26 42 49
26 44 48
24 46 49
24 45 48
25 44 48
22 53 47
22 50 42
25 50 40
24 52 35
27 53 34
31 50 32
33 50 33
33 49 33
33 51 35
31 53 36
28 56 36
27 57 35
26 55 34
23 52 36
24 49 35
27 45 36
29 46 38
30 40 37
28 38 37
23 45 39
8 54 39
1 51 36
6 45 37
5 39 30
11 37 34
16 37 33
15 39 33
17 36 34
16 38 34
13 38 34
8 38 34
4 39 34
11 38 36
11 37 35
13 38 35
17 38 35
15 37 37
14 36 36
14 37 36
12 36 34
12 38 35
5 39 34
9 38 36
15 38 35
13 35 33
6 37 32
11 37 31
16 37 33
13 39 33
14 37 31
13 38 33
12 37 34
10 38 35
10 37 36
11 37 37
16 37 38
11 38 37
13 38 40
14 37 38
13 37 38
14 35 40
10 39 38
12 35 36
14 38 36
14 36 36
14 37 38
14 36 38
14 37 38
9 38 38
11 36 37
10 37 35
15 37 35
13 37 35
12 36 35
11 38 33
11 38 35
13 37 35
14 37 35
13 38 35
16 39 36
11 41 38
9 37 35
11 37 34
7 39 34
7 40 36
17 37 37
16 33 36
13 35 38
12 35 38
14 34 38
17 36 39
16 35 38
15 37 39
16 37 38
14 39 39
10 38 38
8 38 38
6 37 37
11 37 36
8 38 35
9 37 34
13 36 35
16 37 35
16 35 34
19 38 35
16 42 37
9 40 36
0 37 30
10 40 42
16 39 37
14 34 32
17 37 34
17 39 36
13 37 36
14 37 36
10 37 35
10 34 36
5 40 35
8 39 36
10 39 32
8 38 33
12 36 33
14 37 33
14 36 32
15 37 33
13 36 33
10 35 32
5 35 33
17 38 37
12 37 37
13 36 38
17 36 36
14 38 38
13 38 38
14 38 37
11 37 37
9 40 37
4 39 35
11 38 35
11 38 33
6 35 32
11 37 33
15 38 35
16 38 33
17 37 33
16 38 37
11 37 38
5 35 34
6 35 35
13 36 35
10 37 32
14 39 35
17 37 36
14 35 37
14 36 41
13 36 38
12 38 37
5 37 36
5 39 37
12 36 35
7 36 34
11 36 33
14 37 34
14 36 34
15 36 33
13 40 37
10 47 40
8 52 41
17 51 43
23 47 41
26 46 41
29 47 44
35 45 48
35 41 46
35 43 46
37 37 48
36 39 47
37 43 52
35 38 50
36 38 51
37 39 50
37 36 51
37 39 54
36 40 53
37 40 52
39 38 52
37 41 52
36 41 51
35 40 51
36 43 52
38 41 50
