39 44 49
38 43 48
39 40 43
39 43 47
36 39 40
30 44 44
22 53 52
22 46 44
18 46 46
17 41 45
14 38 39
11 37 39
10 37 36
10 35 36
8 38 36
12 35 36
14 31 38
14 34 40
14 35 36
14 36 33
10 37 34
10 36 33
9 36 34
10 37 36
10 36 33
8 35 32
10 37 32
14 36 31
15 36 32
17 36 32
15 36 33
12 36 31
9 37 35
6 36 34
13 36 36
11 39 36
13 36 35
17 35 37
16 36 38
15 37 36
11 35 34
10 38 34
8 38 35
8 36 38
11 36 36
7 31 32
12 35 33
15 36 33
15 37 32
18 37 31
15 37 31
10 37 35
7 36 34
14 34 36
11 34 37
13 35 36
16 38 37
15 38 36
13 35 39
10 36 36
8 38 36
5 39 36
11 38 34
11 36 35
10 35 33
12 36 33
15 35 33
16 37 33
16 35 32
12 36 32
9 36 34
4 35 34
14 33 36
12 36 35
16 36 36
16 40 37
15 38 37
12 35 38
10 34 37
7 37 37
4 39 37
10 38 36
7 36 33
11 34 33
17 35 33
18 37 32
16 36 31
14 38 33
10 38 35
6 38 37
12 33 38
11 33 37
14 32 37
18 32 38
15 31 35
14 30 33
12 31 32
9 31 31
3 33 33
12 33 32
10 37 33
13 37 33
15 36 33
15 36 33
14 36 34
10 37 34
6 37 34
4 38 37
15 35 36
14 36 36
17 37 36
17 38 37
18 35 38
14 38 39
14 38 40
8 39 40
4 41 41
9 38 34
9 36 31
15 35 31
17 35 30
16 35 31
11 36 32
8 34 31
6 33 33
14 35 36
10 34 36
16 34 36
15 35 36
16 38 37
15 36 38
10 35 38
8 36 38
3 39 39
10 37 37
10 34 32
14 34 31
18 36 32
15 36 33
15 35 32
8 35 32
8 35 33
13 33 32
12 36 36
14 36 37
17 37 37
16 37 37
15 35 37
11 36 37
7 37 36
3 38 38
11 36 37
9 35 33
11 36 34
15 36 33
17 36 32
16 37 34
15 36 33
8 36 32
5 37 34
13 31 35
13 33 36
16 33 36
18 35 37
17 37 36
12 35 39
9 36 38
7 36 38
4 38 38
10 36 35
9 35 32
15 36 32
16 37 32
17 36 31
15 36 33
12 36 32
8 36 34
9 36 34
12 37 36
13 36 36
15 39 35
18 38 38
16 38 38
13 38 36
9 38 36
5 38 35
7 38 37
7 36 33
8 36 31
15 36 34
17 36 32
17 36 31
17 37 33
9 35 33
5 37 33
11 35 33
13 36 36
15 38 35
18 37 35
17 37 36
13 36 36
10 36 36
6 35 35
1 38 37
8 35 33
11 34 32
16 36 33
20 36 33
18 35 31
16 36 33
8 36 32
7 36 32
7 34 32
14 36 35
13 36 35
18 35 35
17 41 38
13 37 39
11 36 36
8 37 35
5 37 34
7 37 36
9 35 32
11 34 34
14 37 32
17 34 33
16 34 32
16 40 33
10 34 34
7 35 35
13 32 32
12 37 37
14 40 36
18 34 35
15 33 38
13 35 37
10 35 34
4 37 34
6 37 35
8 38 35
11 33 32
15 35 32
17 36 32
16 37 32
15 36 33
11 35 33
7 37 32
8 36 33
10 36 34
14 35 33
16 36 35
17 36 36
13 33 39
11 35 35
6 37 35
2 38 33
10 36 32
11 38 31
12 38 31
16 41 31
20 40 32
19 43 32
18 42 33
15 43 33
12 44 35
13 36 35
7 41 42
16 43 40
21 38 37
19 38 36
15 37 35
8 35 38
5 40 31
8 44 34
10 40 32
12 34 29
16 36 29
17 35 31
17 36 31
15 35 28
7 35 30
6 40 31
12 37 35
12 31 32
14 33 34
17 32 32
17 39 32
14 36 31
4 35 34
4 51 40
7 42 31
14 30 26
15 30 25
16 38 31
17 34 31
14 35 31
11 36 32
7 38 32
8 36 30
13 37 33
12 36 32
14 35 35
18 36 34
19 36 34
14 35 32
12 36 33
9 35 34
5 41 34
12 42 35
11 35 31
11 35 32
16 36 32
17 34 31
15 36 31
14 36 33
9 36 32
5 37 32
13 34 35
14 36 34
14 36 34
15 37 35
16 40 37
15 39 36
11 37 35
6 38 34
4 37 34
11 34 34
9 35 32
12 36 31
18 35 32
17 36 32
16 36 32
11 36 32
8 35 31
7 37 34
13 35 34
12 36 35
14 37 34
16 38 35
14 36 36
13 38 36
11 35 35
7 40 35
5 39 33
12 36 33
9 36 32
9 34 32
16 37 32
17 36 32
15 35 32
13 34 33
7 36 31
8 37 35
10 36 34
16 36 34
15 36 35
17 38 35
17 39 36
15 38 38
11 37 38
6 42 35
5 40 35
10 38 35
11 35 33
11 35 32
15 36 32
16 36 32
17 35 31
14 35 32
9 35 32
8 38 35
13 34 34
16 36 36
13 36 35
16 37 36
16 37 36
14 36 37
12 39 38
10 37 34
6 39 33
9 36 35
8 36 32
10 35 31
14 36 31
17 36 32
16 35 32
14 34 31
11 36 33
7 36 32
7 37 33
13 37 35
13 36 33
13 32 32
15 45 40
17 39 37
15 40 35
14 39 35
11 38 36
7 45 35
10 42 37
14 43 32
12 41 32
9 43 31
15 41 33
19 42 34
20 43 35
17 44 36
15 45 39
14 45 40
13 44 42
21 40 38
22 39 38
16 41 37
12 42 40
10 42 41
13 43 39
14 44 39
14 44 39
11 46 42
15 45 45
19 41 42
25 43 45
26 45 44
29 45 45
30 45 46
33 46 47
36 44 46
35 43 46
36 44 49
35 42 48
34 42 50
32 42 50
35 45 50
36 43 51
37 44 50
35 45 50
35 44 49
35 43 49
35 42 50
35 42 50
35 43 50
35 43 50
37 42 51
34 42 50
35 43 50
35 42 52
36 43 51
34 42 50
35 42 50
35 42 50
35 42 51
35 43 51
34 43 51
35 41 51
35 41 52
36 43 50
34 41 50
35 43 53
36 43 51
36 40 48
36 43 51
36 42 50
37 44 50
