11 36 35
11 36 35
9 36 35
14 38 36
13 36 37
11 40 36
16 39 36
16 41 35
8 42 34
14 41 35
15 40 34
15 40 35
14 40 36
14 41 36
11 41 35
3 39 34
11 40 36
16 34 35
13 36 34
15 37 35
16 35 34
16 35 34
15 36 35
16 35 35
12 38 36
0 38 32
10 39 35
11 37 34
13 37 33
16 38 35
16 38 33
15 39 33
15 41 34
12 40 35
5 41 34
10 38 35
14 34 33
14 35 34
16 35 34
17 34 36
16 37 34
17 38 36
13 39 37
6 38 35
4 39 36
9 40 34
12 38 34
14 37 35
18 37 34
17 38 32
16 38 34
12 40 34
6 39 34
2 38 32
16 37 36
10 34 33
15 36 36
17 36 35
18 36 35
14 36 36
15 38 36
9 38 34
1 40 35
10 39 34
11 38 33
16 38 34
17 37 33
18 38 33
14 37 33
11 38 35
6 38 34
0 39 34
16 36 37
11 33 32
16 37 34
18 36 35
17 37 34
16 38 35
15 39 37
10 37 36
0 41 36
11 39 36
10 38 34
14 37 34
17 36 33
16 37 32
17 37 34
13 37 34
8 38 34
0 37 30
15 38 37
10 32 33
14 36 36
17 37 36
17 38 36
16 37 36
15 38 36
10 38 37
3 39 34
8 40 36
10 38 34
12 38 33
16 38 33
17 35 32
16 38 33
16 38 35
9 38 35
2 39 32
15 38 37
10 35 33
13 36 35
17 37 36
18 36 35
16 37 35
15 38 37
11 36 37
1 40 34
8 39 37
9 37 34
13 37 33
16 36 34
17 36 33
16 37 33
17 38 34
13 40 34
6 39 33
10 39 34
11 36 34
13 34 36
16 38 35
18 36 35
15 38 36
16 38 36
14 39 38
7 37 35
4 38 36
10 38 34
11 36 33
16 37 34
18 35 34
16 37 34
16 38 33
11 39 34
8 39 34
5 38 33
13 37 37
11 34 34
15 39 36
17 36 36
17 36 37
15 37 35
15 39 36
11 38 37
0 40 36
10 39 37
10 38 34
15 37 33
16 37 33
16 37 33
16 38 33
15 38 33
8 39 34
0 38 31
13 38 37
11 36 35
15 36 36
17 38 36
17 37 36
16 37 36
14 40 36
9 38 36
0 40 35
11 39 34
9 36 33
13 39 35
17 35 31
16 38 32
17 37 33
14 39 34
7 39 33
1 37 32
16 35 37
10 32 33
14 37 36
17 35 37
18 36 36
15 37 37
15 39 38
9 38 35
2 40 35
10 37 34
11 36 33
14 36 33
16 35 33
15 38 33
16 38 33
13 38 35
6 40 35
4 38 33
14 37 37
10 34 35
15 37 36
17 36 37
16 38 35
16 38 36
16 39 37
10 38 36
0 40 35
11 38 34
10 36 33
14 37 34
16 36 34
18 36 34
16 37 34
12 37 34
8 39 35
4 36 32
12 38 37
11 32 32
15 40 37
17 35 36
18 37 37
17 37 36
15 37 37
6 38 35
5 41 36
11 39 35
9 36 33
16 38 34
17 35 34
17 37 33
16 38 33
10 37 33
3 40 34
10 40 35
13 37 35
13 36 35
18 38 36
17 35 35
17 37 36
15 38 36
13 38 39
4 39 36
7 38 35
9 39 36
11 37 32
17 35 33
19 35 33
17 35 34
13 37 34
9 38 33
0 38 30
16 39 38
10 34 34
14 35 35
16 36 36
17 36 35
17 37 36
15 37 36
10 38 38
4 38 35
10 37 36
7 37 35
14 36 33
18 34 32
17 36 33
16 37 34
15 36 34
9 38 34
0 37 33
15 37 38
11 34 32
15 36 37
17 36 36
17 36 36
16 37 36
13 39 38
8 37 36
2 40 36
11 39 34
11 36 33
16 36 35
17 35 34
17 37 35
19 39 35
13 38 34
5 39 35
8 38 36
12 36 36
10 34 35
17 38 37
19 35 37
17 36 37
17 38 38
11 39 39
0 38 34
11 39 36
7 38 35
14 36 35
15 36 35
17 38 34
16 39 35
15 38 34
10 38 35
2 37 33
16 37 39
11 33 33
18 36 37
17 35 37
16 38 37
16 38 37
15 38 39
9 38 37
0 39 35
12 38 36
7 35 33
11 36 34
17 35 34
17 35 33
17 37 34
12 38 33
6 39 35
5 38 34
16 36 38
10 30 34
17 37 37
19 35 36
17 37 36
16 38 38
11 38 39
0 40 37
10 39 38
10 38 36
13 37 34
15 35 34
19 37 33
17 37 34
15 38 34
7 39 35
0 37 31
14 38 40
11 35 34
15 38 38
18 37 37
17 35 36
17 37 35
14 39 37
2 40 35
6 40 36
11 40 35
11 37 34
16 38 34
18 37 33
17 38 35
14 39 35
9 40 34
1 38 33
15 38 38
11 34 33
16 36 35
18 37 36
17 36 36
16 36 38
15 38 38
8 37 37
0 41 37
12 40 36
10 40 37
13 37 35
17 37 34
17 37 34
17 38 34
16 38 34
11 39 36
3 39 34
12 38 37
10 35 36
14 35 34
17 35 36
16 36 35
15 37 35
17 36 36
13 36 37
7 34 35
2 37 37
7 34 33
13 36 35
15 38 35
16 37 35
13 39 36
15 39 35
12 41 38
18 39 38
11 41 37
9 40 37
19 39 38
13 33 36
13 37 37
14 37 36
13 38 35
13 38 33
13 37 33
12 39 34
12 37 35
11 39 35
5 38 35
11 35 34
12 32 32
14 35 34
15 35 34
14 38 35
13 38 34
13 40 35
12 38 36
4 37 33
11 37 38
13 34 36
11 35 34
14 34 36
14 34 35
14 35 35
14 35 37
16 36 37
14 36 37
5 38 36
6 40 36
16 40 39
13 38 37
9 39 35
13 37 35
15 38 35
13 36 33
13 36 34
