29 40 51
30 41 50
29 40 52
30 41 52
30 40 51
30 40 51
29 41 52
29 40 51
28 40 52
29 40 51
30 39 49
30 41 52
29 40 52
30 40 51
30 41 51
29 40 51
29 40 51
31 41 50
30 42 52
27 45 53
31 42 51
31 40 50
28 43 50
30 42 49
31 42 51
27 42 52
27 41 53
26 37 52
24 39 50
24 38 49
26 39 49
25 36 50
26 37 50
27 36 50
25 38 51
26 39 51
27 40 51
26 39 52
27 40 53
25 41 54
23 41 51
28 39 49
29 42 49
29 44 49
30 42 50
28 40 50
27 40 48
26 41 49
25 42 51
24 42 53
20 42 54
21 37 50
24 39 48
27 39 50
27 38 50
30 39 50
27 39 51
27 38 51
28 39 52
27 37 53
24 39 53
19 42 54
27 37 49
30 40 47
27 47 53
29 42 49
31 43 48
27 42 49
27 41 49
27 42 50
26 42 53
27 42 55
24 39 51
23 38 50
29 36 50
30 37 50
29 40 51
31 39 51
29 38 50
27 39 51
29 40 53
27 40 53
30 42 53
25 46 54
28 39 50
27 42 51
26 43 53
29 41 50
28 38 48
26 39 48
29 40 50
30 42 54
30 43 54
27 44 52
28 41 49
24 43 46
27 39 49
26 39 51
27 36 53
28 35 54
30 36 51
31 39 50
30 41 49
28 41 52
23 39 49
24 39 44
24 40 47
20 39 49
20 40 49
20 37 48
18 36 44
12 38 41
9 42 40
6 42 42
11 38 41
14 37 39
15 38 39
17 37 41
18 37 42
17 37 43
14 37 43
13 38 42
15 36 43
10 41 42
8 39 40
11 39 38
11 38 37
17 38 39
16 37 37
17 37 36
15 39 37
14 39 38
12 40 41
12 40 42
11 38 45
10 41 45
12 41 46
11 44 50
22 35 45
26 33 46
28 31 45
32 34 46
36 30 47
39 30 46
39 32 39
30 38 48
14 45 53
18 37 54
15 37 51
15 40 49
14 39 45
16 39 45
17 38 44
18 38 45
17 38 45
12 40 46
15 38 46
18 36 44
17 36 43
18 37 44
17 35 44
18 36 45
17 35 46
16 37 45
17 36 44
19 38 45
18 39 44
15 38 43
16 37 42
15 39 43
14 40 43
16 39 42
16 39 42
15 39 42
14 39 41
14 39 41
15 39 42
15 38 41
15 39 41
16 40 42
15 40 41
14 40 40
16 40 41
15 39 41
16 40 41
14 39 42
16 40 41
15 39 41
15 40 41
15 39 42
15 40 43
15 39 43
14 39 42
16 38 41
16 39 44
17 37 43
16 37 43
16 37 44
17 37 45
17 37 46
17 36 45
17 38 44
17 36 46
17 36 45
17 37 46
19 38 47
19 36 48
18 37 47
20 37 47
21 37 48
21 36 49
21 36 49
20 36 49
21 37 48
20 38 49
20 37 48
22 38 49
23 39 48
21 38 49
23 39 50
22 37 49
22 41 49
22 38 50
22 37 49
22 38 50
23 37 48
21 39 49
21 38 49
