40 35 56
37 38 55
38 34 51
38 37 45
37 39 42
38 43 38
35 45 38
27 51 36
22 47 37
13 49 46
8 42 42
4 42 39
4 43 37
8 41 37
11 40 37
12 39 36
13 37 36
13 37 35
12 38 35
13 38 34
14 36 35
13 38 35
13 38 35
14 39 36
13 38 36
14 39 36
13 39 36
14 39 35
13 39 36
13 38 35
13 38 35
12 38 36
13 38 36
14 40 35
12 38 35
12 39 35
12 38 36
13 38 36
13 37 35
13 38 35
13 38 35
13 38 35
12 38 35
12 38 36
12 38 35
12 38 35
13 38 36
12 38 36
13 37 35
13 37 35
12 38 35
14 38 34
13 39 35
12 38 35
11 37 35
13 38 35
13 38 36
12 38 35
13 37 35
12 39 35
12 39 35
12 38 36
12 39 36
12 38 35
13 38 35
12 39 35
13 38 35
12 38 35
13 36 35
12 38 35
13 37 34
13 37 34
13 39 34
12 40 36
11 39 36
9 40 37
12 37 38
13 39 39
14 39 38
15 37 38
14 38 38
15 35 38
14 36 36
10 36 35
6 38 36
12 37 35
11 37 34
15 38 34
15 40 34
13 38 34
13 44 36
10 41 36
4 37 36
4 37 38
12 35 36
11 35 36
19 33 33
22 33 32
20 34 31
16 36 32
12 37 33
2 40 34
0 43 38
7 40 37
13 39 38
18 40 39
15 38 35
10 37 34
7 36 34
7 35 34
7 34 32
15 33 36
17 33 33
21 33 34
17 36 34
14 38 35
10 39 38
3 40 38
0 43 42
7 40 37
11 38 38
13 37 37
16 36 35
12 35 34
13 37 34
7 35 32
6 34 32
14 35 35
14 34 34
17 36 34
17 37 34
16 37 36
12 38 39
6 39 39
1 40 39
10 39 38
6 39 36
11 35 34
12 35 34
14 36 33
12 36 35
9 37 34
8 33 33
13 34 34
15 35 35
15 38 34
18 36 35
14 37 37
8 38 37
6 36 39
1 42 39
9 41 39
7 38 37
10 36 36
12 36 35
9 34 32
10 35 33
11 36 33
11 33 33
12 35 32
15 36 36
16 36 34
14 37 34
15 39 36
10 39 37
6 39 38
4 40 40
7 42 43
11 37 38
9 39 35
14 35 36
11 37 33
11 35 33
11 35 34
14 35 33
10 36 34
12 37 36
14 38 34
18 37 35
15 36 34
8 38 37
9 39 37
6 40 38
2 41 37
12 39 36
12 39 34
11 36 33
13 38 32
11 35 31
8 33 33
11 35 33
18 30 35
10 34 32
11 35 35
11 37 31
16 37 34
12 41 33
10 43 34
9 43 33
5 39 37
2 42 41
4 38 43
3 34 37
8 36 37
11 28 31
17 33 35
17 33 32
17 35 32
8 37 32
9 38 34
6 36 35
8 36 34
10 39 34
10 39 35
8 40 36
8 41 38
1 43 41
12 38 38
7 36 38
8 34 37
11 34 35
10 36 34
13 35 33
12 35 33
16 35 32
10 35 32
11 37 35
12 39 36
13 38 37
12 39 37
10 38 38
8 38 39
8 38 39
6 39 40
8 37 35
8 35 34
10 36 33
11 35 34
12 35 33
14 36 34
13 35 34
8 35 31
15 36 36
14 37 34
17 37 35
16 36 36
9 38 36
7 39 38
4 41 41
3 41 43
10 35 38
8 37 36
11 35 33
11 35 33
10 37 35
10 35 34
12 35 32
7 35 32
14 37 35
14 36 34
16 36 36
15 36 35
12 37 35
7 38 37
3 42 41
2 42 37
11 39 37
10 40 34
13 38 35
12 36 32
10 35 31
9 35 33
7 35 33
8 31 33
10 34 34
14 34 34
19 36 33
17 36 34
11 37 33
7 39 37
5 41 39
2 42 39
9 39 38
7 38 37
10 36 35
11 34 34
10 36 32
11 34 33
11 36 33
14 32 32
14 35 32
12 37 34
14 36 33
14 37 36
10 39 36
6 41 39
4 43 40
6 41 39
6 42 40
4 39 36
7 36 34
9 35 33
11 35 32
13 34 31
14 37 33
16 35 34
8 35 33
13 37 36
11 37 36
17 37 37
14 39 36
11 43 38
10 40 39
5 41 40
3 41 41
6 40 37
7 38 36
8 34 34
12 35 34
10 37 33
14 36 32
15 35 32
13 34 33
12 37 34
11 36 36
15 37 36
15 38 37
12 38 37
11 41 40
8 41 39
3 40 37
6 39 36
7 37 36
10 36 37
11 36 36
13 36 35
12 34 34
13 35 33
15 36 34
10 36 32
12 37 34
13 38 33
17 37 34
14 39 36
11 41 38
7 39 40
7 36 38
1 41 39
8 39 42
7 35 37
7 35 38
15 35 36
19 36 34
18 39 34
16 39 34
14 39 35
11 39 35
13 38 37
11 40 36
14 40 35
10 41 36
10 42 38
10 40 38
10 40 38
7 42 38
5 40 37
6 37 35
8 36 34
11 35 35
13 35 34
16 35 33
12 36 33
8 37 33
13 36 35
12 36 36
15 37 36
13 38 36
11 38 37
11 40 38
9 41 40
0 42 39
7 38 35
4 35 35
11 36 34
11 36 34
11 35 33
14 36 33
13 36 34
13 35 34
14 36 35
13 36 37
13 36 34
12 37 37
9 39 35
10 40 39
10 39 39
10 40 39
5 40 38
8 40 35
7 37 35
8 34 32
9 34 31
10 35 32
11 34 33
13 33 32
13 34 32
18 40 34
14 41 38
13 42 37
13 39 38
10 43 38
11 41 39
9 42 40
9 41 36
6 40 37
15 37 35
12 36 31
7 33 32
14 33 30
16 36 32
16 38 33
13 36 32
15 37 35
12 39 36
10 39 38
10 37 37
11 39 36
12 38 37
11 37 36
12 37 36
12 37 36
13 38 36
13 38 35
12 38 35
12 37 35
13 38 35
13 38 34
12 38 35
13 38 35
12 38 35
13 37 35
11 38 36
12 38 36
12 38 35
12 37 36
12 39 35
13 37 36
13 38 36
13 36 35
14 38 36
12 37 35
13 39 35
13 39 36
13 38 35
11 37 36
12 36 36
13 38 36
13 37 36
12 37 37
12 37 36
13 38 36
13 37 37
12 38 36
13 37 35
13 38 35
10 42 36
4 53 37
6 56 37
17 50 38
21 48 38
25 50 38
31 51 39
36 47 40
43 39 38
42 38 42
39 35 45
38 31 52
39 32 52
39 32 56
42 33 51
42 35 51
42 34 52
41 33 52
42 35 51
41 33 51
41 34 52
