13 35 34
12 33 34
12 34 34
13 35 35
13 34 35
12 33 36
13 34 36
13 35 37
10 37 37
11 35 36
14 35 35
12 38 34
12 39 34
11 37 33
12 36 33
14 36 32
13 36 34
10 34 35
8 33 36
6 33 35
16 37 37
16 36 35
10 33 37
13 35 36
14 36 37
14 36 36
14 34 36
14 35 37
12 34 35
5 34 35
12 33 33
11 34 32
12 35 33
15 35 34
14 34 33
12 34 36
13 37 34
13 38 35
13 38 35
11 37 34
6 39 35
13 37 38
15 38 35
17 33 34
14 37 36
13 36 36
14 34 35
14 34 32
11 35 31
8 32 30
6 30 29
12 33 34
14 34 33
17 34 31
12 34 31
13 32 30
13 35 31
13 35 32
8 35 32
4 31 32
11 30 36
13 33 34
13 32 35
15 33 35
17 35 35
14 35 36
13 36 37
5 34 35
5 35 35
14 36 36
12 38 34
13 35 34
15 32 33
14 34 32
14 35 34
14 36 34
11 36 36
3 34 36
13 33 39
12 36 35
14 35 36
15 35 36
15 37 36
15 37 37
15 37 37
11 36 36
0 36 36
15 37 36
12 36 33
14 32 34
15 33 33
16 35 32
14 35 33
13 38 34
12 36 35
8 34 35
7 34 34
13 37 37
14 37 34
16 33 36
14 36 35
14 34 37
13 35 37
12 34 38
6 34 35
8 36 36
12 37 33
11 35 33
14 33 33
14 35 34
14 35 32
15 35 32
13 35 33
12 36 35
2 35 36
11 34 40
11 35 36
16 31 36
16 37 37
13 37 38
14 35 39
15 36 38
11 35 37
4 36 37
9 37 34
12 34 35
16 35 34
15 36 34
15 32 35
15 37 34
13 37 34
12 38 34
9 38 35
7 36 35
14 37 36
10 35 34
15 33 35
16 37 34
16 37 35
13 37 35
12 38 35
10 36 34
1 39 33
13 37 34
12 37 33
15 35 33
13 36 32
15 36 33
16 35 32
13 36 32
11 36 33
4 37 34
11 34 36
14 39 38
14 34 35
15 33 35
14 37 35
14 36 35
13 36 36
12 36 36
0 37 33
9 35 34
13 35 34
13 36 34
15 35 33
16 35 32
15 33 33
13 35 33
13 34 33
4 35 33
9 34 36
13 36 38
16 32 34
16 32 36
14 36 35
14 38 36
14 36 36
12 35 36
0 37 34
13 37 34
13 37 33
12 35 33
14 36 34
14 35 33
15 34 32
11 35 31
11 35 34
1 35 33
11 33 37
14 34 38
14 33 35
16 32 36
15 34 37
15 36 38
12 35 37
12 35 38
1 35 36
9 36 36
9 36 34
16 36 35
16 36 34
15 33 33
16 34 34
15 35 32
12 34 34
2 36 35
11 36 38
13 34 36
17 31 34
15 35 35
14 37 36
14 35 36
12 35 38
5 34 35
4 32 36
12 36 34
12 34 33
14 35 34
16 36 33
14 34 33
14 35 32
13 34 33
11 34 35
2 36 35
11 32 36
12 35 37
16 34 34
15 34 36
15 37 34
14 36 36
14 36 37
11 35 36
1 36 36
9 35 33
11 38 33
14 35 35
17 34 33
15 35 32
14 34 33
12 35 34
11 33 34
2 36 34
12 32 35
12 36 36
15 32 34
16 34 35
15 37 36
15 36 37
13 35 37
11 33 36
0 37 34
15 36 34
10 37 33
15 31 33
17 33 32
12 35 33
13 31 33
13 34 33
11 32 34
0 33 32
15 33 36
12 38 35
13 31 34
16 32 35
14 35 37
14 37 38
12 35 37
10 35 36
1 36 35
13 34 33
11 36 33
16 32 32
15 34 33
14 33 32
14 33 33
12 32 33
11 33 35
2 36 34
9 34 37
12 36 35
17 31 35
17 35 35
13 36 36
13 34 37
13 34 37
8 33 35
2 34 35
14 35 33
12 36 34
13 33 33
15 35 34
14 33 33
13 34 33
11 36 33
12 34 34
3 35 35
10 33 35
10 36 37
15 32 35
17 33 36
14 35 35
13 34 36
13 35 36
13 34 36
1 35 34
11 33 33
12 33 33
16 31 33
12 36 34
14 33 33
13 33 35
12 34 33
12 33 34
4 33 33
11 32 36
11 34 35
15 31 34
14 35 35
12 35 37
13 35 37
14 36 37
12 36 36
5 34 35
12 34 33
10 36 33
15 32 34
13 37 33
12 33 34
13 34 34
12 33 34
12 34 36
3 34 35
13 33 40
10 35 36
15 33 37
16 33 35
15 36 37
15 35 38
15 35 37
11 34 38
6 34 37
12 35 37
9 36 34
12 36 36
15 35 35
14 34 34
13 34 33
14 36 33
11 34 34
5 36 35
9 34 37
12 35 37
13 35 34
17 34 36
15 37 35
14 37 37
14 35 36
13 34 37
6 33 35
10 35 36
11 36 33
12 36 35
14 33 34
14 32 33
14 32 33
14 34 34
13 32 33
11 34 35
3 34 36
13 34 39
13 35 35
17 32 35
13 36 36
15 36 37
15 35 37
12 35 37
1 35 34
12 35 35
13 37 33
11 37 34
15 33 35
14 34 33
14 33 33
12 32 32
12 34 34
4 34 33
11 34 36
14 36 36
14 33 36
15 34 37
14 37 37
16 37 37
14 35 37
13 35 36
1 35 34
14 33 33
10 36 34
13 32 33
15 33 33
13 33 34
14 32 33
13 35 33
14 36 34
11 35 34
2 35 34
12 33 38
11 36 35
13 30 34
16 34 33
14 35 34
15 35 35
15 34 37
12 35 36
5 34 34
10 36 36
10 37 35
12 34 34
15 32 35
15 34 33
15 32 32
12 32 32
14 33 34
2 35 35
14 34 39
13 33 36
12 36 36
19 31 38
15 35 38
13 35 38
13 34 38
13 36 37
7 34 36
7 35 35
13 36 34
11 36 35
9 34 33
13 29 34
14 33 32
13 33 32
14 34 33
12 34 33
12 34 35
5 34 35
11 34 37
13 34 37
10 32 36
14 32 36
13 35 36
12 33 38
14 33 36
13 34 36
9 34 35
12 34 34
12 33 34
7 33 33
13 33 34
11 33 33
12 33 34
14 36 34
12 34 34
11 35 34
12 34 34
11 35 34
13 34 36
12 34 37
12 34 37
11 32 36
13 34 37
12 32 37
13 34 37
14 34 37
12 34 38
12 33 39
10 34 37
11 32 37
12 33 37
13 34 36
12 34 36
12 33 37
13 33 37
