35 42 49
36 41 46
36 41 46
34 48 43
33 41 39
28 45 44
25 43 41
12 62 35
15 47 39
13 53 35
14 45 35
11 42 39
6 39 35
6 36 34
12 34 33
17 35 34
12 35 33
15 34 34
18 36 35
15 37 37
14 35 38
12 36 36
7 39 34
2 39 35
8 39 35
10 38 33
10 37 32
13 38 33
16 36 32
18 36 32
14 36 32
10 36 32
5 38 32
13 35 33
12 37 35
16 35 36
19 39 35
16 38 38
12 40 37
10 40 36
4 39 34
5 39 35
7 37 31
11 35 32
16 35 29
16 35 29
16 37 30
14 35 33
9 36 32
5 35 33
11 34 35
12 36 36
16 36 37
19 41 36
18 38 36
15 37 36
10 38 35
6 38 34
4 38 35
10 38 33
11 37 33
15 36 34
18 36 32
15 34 33
13 35 33
7 35 31
8 35 30
13 37 32
11 35 35
14 34 34
18 34 35
16 41 37
13 36 39
13 34 37
9 38 36
4 38 35
9 39 36
8 36 31
13 35 32
17 36 32
17 36 32
14 36 33
12 36 33
8 34 30
5 35 33
12 36 34
11 35 35
16 35 34
18 38 36
16 36 39
12 39 38
9 38 35
5 37 34
4 40 37
9 37 35
9 35 32
16 35 33
17 36 32
16 35 32
15 36 31
9 37 32
5 37 35
13 34 34
10 37 35
16 36 36
18 36 36
18 34 40
14 38 38
9 39 37
4 36 34
1 37 34
12 36 36
9 36 33
12 36 33
17 35 32
17 35 33
18 36 33
15 37 33
8 36 31
6 37 34
11 36 34
10 35 35
17 36 34
18 39 37
16 38 38
13 39 39
7 40 36
5 38 36
8 37 35
10 35 33
11 37 35
17 35 33
18 34 32
16 37 33
12 36 32
8 36 33
7 37 33
13 36 37
12 35 36
18 37 37
17 36 37
16 36 37
13 37 37
9 35 36
7 38 36
5 37 37
9 35 35
10 35 34
15 36 33
17 35 32
17 37 33
16 36 33
9 35 33
8 35 33
9 34 34
12 36 36
13 36 35
18 38 36
18 38 36
14 37 37
10 36 37
7 37 36
2 38 36
12 37 35
7 36 33
12 37 34
16 37 33
17 36 32
16 37 32
15 37 32
8 36 32
6 38 33
12 36 36
11 35 36
14 35 35
18 37 36
17 38 37
16 36 40
12 35 37
5 35 35
2 38 37
13 37 35
11 35 34
13 35 32
17 37 32
16 37 33
15 37 32
10 35 32
8 36 33
7 36 34
11 35 36
13 35 35
17 37 37
18 37 37
16 36 38
14 34 38
8 37 36
3 39 36
6 36 37
12 35 34
12 37 33
15 36 33
18 36 32
17 35 32
13 36 33
8 36 34
8 36 33
8 36 34
11 37 35
14 37 34
17 38 36
18 38 36
14 38 36
12 37 36
8 35 34
4 38 33
11 37 34
10 37 32
13 35 33
17 36 32
16 35 32
16 37 31
12 37 33
6 36 32
7 37 35
11 35 35
13 36 36
14 36 34
18 39 34
18 37 35
13 38 36
10 35 35
6 37 35
5 39 36
13 37 36
11 36 34
12 37 34
16 37 33
17 36 33
13 38 33
12 36 32
7 35 32
5 36 33
15 34 36
12 34 36
16 36 36
18 37 37
16 37 37
12 36 37
9 36 36
5 37 36
6 38 36
12 37 35
10 36 33
13 36 33
17 37 32
17 36 32
15 37 33
9 36 33
6 35 32
10 36 33
12 37 35
14 37 35
18 36 36
19 39 37
16 38 37
12 37 37
6 38 37
2 38 36
11 34 35
9 35 32
13 35 32
15 36 32
18 36 31
16 37 32
14 37 34
7 37 33
7 37 33
10 35 35
12 36 35
15 39 36
18 39 35
16 39 36
15 36 36
11 34 34
4 35 35
4 38 36
10 38 37
7 37 33
11 30 32
14 34 33
17 35 33
17 36 33
14 37 33
8 36 32
5 36 32
13 37 37
12 34 35
15 36 35
16 39 36
14 36 36
13 37 38
7 36 35
6 38 36
10 38 36
9 37 33
12 36 31
15 35 33
18 35 32
16 36 32
12 35 33
6 38 32
5 35 32
14 34 35
12 35 34
14 34 34
19 37 36
17 37 37
15 36 36
10 36 36
5 36 36
2 38 36
12 37 35
10 36 32
14 37 34
16 36 33
18 36 33
15 35 33
11 36 33
6 35 33
5 37 34
13 33 35
12 35 34
18 35 35
19 39 36
17 39 37
12 37 37
9 38 36
6 36 35
6 38 37
11 36 34
12 35 32
14 37 33
17 36 32
16 36 33
15 36 32
11 36 34
7 36 32
4 36 34
13 36 34
13 37 34
14 37 34
18 38 35
17 37 35
13 37 36
9 35 36
7 38 35
5 40 36
12 38 34
11 36 32
11 37 33
15 35 32
16 36 33
15 36 32
12 36 32
8 36 32
6 36 33
15 36 35
12 34 34
16 37 35
18 38 35
17 38 36
12 38 36
11 35 35
7 38 37
5 38 36
10 37 36
10 35 34
9 35 33
12 35 32
16 35 31
15 37 32
16 37 31
12 36 31
11 35 32
6 37 34
13 38 38
9 40 38
14 39 41
18 41 41
20 40 41
18 41 40
17 41 40
15 43 41
10 42 40
13 46 40
18 47 40
17 46 41
16 50 43
17 47 43
25 40 41
31 45 45
32 44 48
32 45 45
34 42 47
34 41 48
35 41 49
32 43 51
34 39 51
32 42 51
34 40 51
35 41 52
34 40 51
35 40 52
35 40 53
35 40 52
34 39 51
34 40 52
35 39 52
34 39 51
34 39 53
34 39 52
35 39 51
34 39 52
35 38 51
34 40 53
34 38 52
35 41 52
36 39 53
35 40 52
34 39 52
35 40 51
34 39 51
35 40 52
34 41 52
35 39 52
34 40 52
34 39 52
36 39 52
35 39 50
34 39 53
35 39 52
35 39 50
