39 43 45
41 45 44
39 45 41
37 49 40
38 44 41
35 43 39
30 52 40
26 47 37
22 49 40
13 51 39
12 46 39
9 43 36
8 40 36
9 40 36
12 39 34
13 38 32
13 39 33
12 39 32
11 40 32
13 38 32
12 38 32
12 38 33
11 39 32
12 39 33
12 39 34
12 38 33
10 32 39
12 38 35
13 39 33
13 38 34
11 37 35
11 38 34
12 38 36
11 37 34
12 37 35
13 37 34
12 38 35
12 37 35
11 37 34
12 37 34
11 38 33
12 38 33
9 37 33
12 38 35
10 39 37
12 39 37
14 38 36
14 38 34
14 39 36
13 38 36
17 38 36
16 38 35
17 38 36
14 38 35
10 39 35
4 40 39
5 39 33
5 39 30
14 37 30
15 38 30
15 37 29
18 36 30
21 37 31
17 36 33
7 36 32
4 39 33
4 41 33
6 41 38
13 40 36
15 38 35
15 39 35
17 39 36
18 38 35
14 38 33
11 39 34
6 39 32
2 39 30
3 38 29
15 41 32
11 36 31
15 35 31
17 35 31
17 36 32
17 38 35
10 41 32
12 43 32
6 44 32
3 46 34
11 42 34
16 40 36
16 40 33
17 41 34
19 41 33
19 39 34
15 41 34
11 41 33
4 40 34
3 38 30
6 35 32
14 38 33
15 38 32
19 37 33
18 39 34
17 38 34
12 43 33
12 43 32
7 44 33
6 41 35
7 41 35
14 38 36
15 38 35
18 36 35
19 37 35
19 37 35
14 39 35
10 38 35
5 40 35
4 38 32
5 39 32
15 38 32
16 38 33
18 38 33
18 37 34
17 37 33
13 39 33
10 37 33
5 39 34
4 41 38
7 37 35
13 37 37
17 37 37
18 35 36
19 38 34
19 36 34
8 39 35
11 38 33
7 41 33
4 39 32
5 38 32
12 36 33
13 37 33
16 37 32
17 37 34
19 36 33
14 38 34
11 38 34
8 39 32
3 38 32
6 37 36
12 29 42
16 38 38
15 37 33
15 37 34
17 37 33
12 38 32
11 39 32
2 37 30
9 37 30
5 36 31
16 34 32
16 37 33
18 36 32
16 37 32
15 37 33
9 40 34
5 40 35
7 38 35
3 36 35
12 36 35
15 36 35
15 36 34
18 36 35
18 37 35
16 36 34
12 36 35
11 37 35
6 38 34
4 37 31
6 37 31
17 36 31
16 37 32
14 36 32
18 35 32
16 37 32
15 41 33
12 40 31
4 41 31
6 41 34
5 41 35
11 38 35
16 37 36
17 37 35
16 37 35
18 37 35
13 37 35
11 36 33
4 41 34
9 39 33
0 37 31
10 36 30
17 38 33
17 37 32
18 38 32
19 36 30
15 39 31
11 42 30
7 41 31
4 42 32
1 45 36
11 38 37
16 38 37
17 33 36
15 34 35
17 39 34
16 36 33
14 36 32
12 36 32
6 39 33
2 37 30
5 37 32
18 38 33
18 38 35
18 36 31
18 39 32
14 39 33
10 40 32
15 37 34
0 40 32
0 39 36
10 38 39
11 30 42
17 33 36
12 40 34
10 36 34
12 39 34
14 37 35
12 38 34
12 38 34
9 39 34
12 42 36
12 46 37
16 46 37
19 48 37
19 48 38
19 54 40
22 55 39
28 52 41
34 50 40
39 44 40
40 42 41
40 40 42
39 39 47
38 39 48
38 38 51
38 37 51
40 39 50
41 39 50
40 37 49
41 37 51
40 38 51
41 37 50
41 38 51
41 37 50
41 37 51
39 39 50
40 38 51
40 36 49
