35 42 44
33 45 45
30 44 45
26 46 43
21 47 45
18 53 44
18 43 39
17 44 39
16 41 38
15 41 38
15 39 36
11 38 36
12 40 37
11 43 39
4 42 37
2 40 32
14 38 33
14 38 34
18 38 33
20 35 33
22 35 32
16 37 33
12 38 34
4 39 35
0 43 36
11 41 40
18 39 38
21 38 37
15 40 38
17 39 37
14 40 37
9 39 34
15 36 34
9 41 34
0 42 29
7 37 30
16 37 33
18 38 34
21 36 33
23 35 33
13 38 33
8 43 37
0 48 37
7 44 41
19 39 38
19 38 37
21 36 36
18 40 35
10 39 35
8 39 37
3 41 36
1 38 32
11 36 33
19 38 33
24 36 33
22 37 33
17 37 34
8 38 35
0 40 33
0 44 43
15 40 40
19 38 36
23 38 38
22 38 38
12 39 37
2 39 34
0 40 34
2 38 33
15 36 33
21 38 33
22 38 34
21 37 33
12 38 33
6 42 38
4 41 40
10 40 39
19 38 39
24 38 39
23 39 37
16 40 36
9 35 34
1 39 35
1 39 30
7 36 31
19 38 32
22 38 33
23 36 32
18 37 33
6 41 34
7 41 37
1 43 38
10 39 36
17 38 36
22 36 35
22 38 35
18 39 33
7 39 33
2 40 33
1 39 31
4 39 32
16 37 33
19 39 34
20 37 34
21 37 34
13 37 33
9 37 33
2 41 37
0 40 37
10 38 39
18 39 37
21 39 37
22 39 36
20 39 34
6 38 33
15 35 33
0 42 33
0 40 33
16 37 33
24 35 34
20 36 34
22 35 32
15 37 32
14 39 35
0 45 34
1 43 40
13 39 40
21 37 37
20 35 38
21 37 38
15 39 36
9 36 34
0 40 34
0 40 33
5 37 32
20 34 32
23 33 32
23 33 32
15 36 32
13 37 33
0 44 36
1 45 40
14 41 41
20 39 38
21 35 37
21 37 37
15 38 38
6 38 31
0 38 31
1 39 29
13 38 33
21 37 33
19 38 33
20 36 32
17 40 33
14 38 34
7 42 38
0 48 37
2 51 43
7 50 40
19 46 37
23 43 37
26 45 40
28 45 41
34 44 43
37 44 44
39 45 44
38 37 47
39 40 51
39 40 52
38 36 51
43 37 51
41 37 51
40 39 51
40 36 50
40 38 54
41 36 52
40 35 51
