39 41 40
39 42 40
37 37 39
32 40 39
27 41 39
8 55 41
1 41 43
4 47 41
11 43 42
12 39 39
15 37 38
14 41 38
14 38 40
15 40 40
15 38 39
18 39 38
16 39 38
19 39 37
20 38 36
17 39 37
10 40 36
5 44 41
0 45 29
14 36 31
13 39 34
14 39 31
16 37 32
18 37 35
20 37 33
16 36 32
12 38 33
7 41 34
0 43 34
10 44 43
17 41 38
17 36 38
22 36 39
20 38 35
15 39 34
9 38 33
1 40 35
1 40 34
9 36 30
10 35 33
14 39 33
17 37 32
17 36 33
19 36 35
11 37 33
12 39 36
9 43 37
8 44 35
9 43 38
15 40 37
19 37 36
20 33 38
19 36 40
12 40 37
10 36 35
8 31 35
4 38 34
0 39 31
14 36 33
16 38 34
19 37 33
22 37 33
20 36 34
13 40 36
6 41 36
6 48 35
9 50 39
16 38 36
22 35 34
19 41 35
21 37 35
19 40 35
13 36 33
0 39 33
0 41 30
16 38 35
19 37 33
22 36 32
25 34 32
18 39 34
4 40 35
0 38 34
3 38 39
12 39 36
18 35 37
23 36 38
20 36 36
16 36 36
12 36 36
0 36 34
0 38 33
7 39 33
17 39 34
20 37 34
19 37 32
21 38 34
16 37 33
12 39 34
4 42 36
0 42 40
12 36 41
19 36 38
22 37 38
20 39 37
16 38 38
13 38 35
9 42 38
0 43 35
2 45 42
14 37 39
24 30 34
26 38 38
15 40 37
14 44 40
21 40 40
20 43 44
11 37 42
11 37 44
14 48 46
18 40 38
22 40 36
22 37 35
15 38 35
10 37 34
0 42 37
1 40 36
12 39 36
19 34 32
20 37 34
23 36 34
20 40 35
13 43 37
2 53 37
3 51 43
14 46 46
17 44 39
13 49 37
20 44 37
25 58 37
31 48 39
34 47 41
38 39 43
40 52 48
37 59 49
32 37 44
37 40 50
37 36 49
39 37 49
38 38 49
39 40 50
42 46 52
