33 40 52
33 40 52
33 41 48
34 44 48
30 46 49
31 44 48
32 40 44
30 38 41
24 38 43
16 40 46
14 41 48
10 38 42
11 36 40
15 35 40
17 36 38
17 33 37
13 32 36
5 35 36
0 34 32
6 36 34
15 34 34
17 34 35
15 36 33
19 35 33
14 37 35
10 36 35
12 35 33
7 34 35
3 35 36
8 35 37
16 33 38
16 34 36
19 34 36
19 34 37
12 35 35
11 35 36
7 36 35
6 36 32
3 35 31
13 36 32
16 35 32
14 35 31
18 35 32
16 36 32
13 36 33
9 36 32
9 36 35
2 35 33
7 36 38
9 34 37
16 34 36
17 35 36
17 35 35
19 35 35
13 34 37
9 31 32
4 36 34
3 32 30
4 38 30
15 32 35
18 36 34
19 35 31
20 35 32
14 36 32
7 36 31
7 38 35
5 37 36
2 39 36
14 37 38
19 36 37
19 37 35
21 36 37
13 36 35
7 34 34
7 34 35
4 38 33
4 38 31
9 35 30
16 35 31
18 35 31
19 35 33
20 34 34
14 36 34
8 37 34
8 37 36
1 38 39
6 35 37
13 34 37
20 34 37
21 34 36
16 33 36
9 35 34
11 34 32
5 35 33
4 37 32
7 36 33
14 35 34
20 35 35
20 34 33
17 36 34
11 36 34
5 38 35
1 38 38
2 37 36
14 35 37
20 35 35
17 35 34
16 36 33
10 38 34
9 35 34
9 36 34
13 35 34
3 38 31
6 36 29
13 36 32
19 37 31
20 35 33
17 36 32
11 38 32
10 38 35
3 37 33
1 36 37
10 35 35
15 35 36
18 35 36
16 35 36
15 34 35
7 35 34
10 35 34
4 35 33
2 35 32
8 34 31
18 34 33
16 36 32
18 34 31
18 33 32
11 34 33
9 35 33
6 36 35
3 33 36
5 34 36
12 32 37
15 32 37
18 31 36
20 33 36
14 33 34
10 33 34
5 33 33
5 33 32
5 34 31
9 32 33
18 31 33
19 34 32
17 35 32
14 35 31
12 36 32
12 34 35
0 36 34
0 33 38
16 33 40
16 34 37
16 34 37
16 35 36
18 34 35
18 34 34
13 34 34
9 35 35
3 36 32
5 35 32
13 33 34
18 34 34
20 35 34
19 35 34
14 36 34
1 38 37
0 34 37
0 36 39
9 34 39
12 38 38
15 33 39
11 44 44
14 46 45
18 43 42
23 42 46
28 41 46
33 36 47
35 40 49
36 36 47
36 37 48
35 37 50
35 35 53
35 35 53
38 34 53
37 35 52
39 36 53
38 33 52
39 34 52
38 34 51
39 34 52
38 34 52
39 34 52
38 35 52
39 34 53
38 34 51
39 34 52
