38 35 49
40 37 46
40 37 44
38 40 42
37 41 40
28 55 49
26 48 45
22 43 42
18 48 48
17 45 42
16 43 40
17 41 39
15 41 38
13 39 36
14 40 37
5 43 38
3 41 35
6 42 35
12 39 33
19 37 31
24 38 32
21 36 32
14 40 33
9 40 33
1 48 39
10 44 41
16 40 40
20 38 39
22 37 36
20 38 35
12 39 35
4 41 36
0 43 33
7 40 34
19 38 33
22 36 33
21 37 34
17 39 32
13 39 32
1 43 37
0 42 39
12 35 40
21 36 38
23 37 35
23 38 34
14 37 34
3 40 31
0 40 32
6 41 33
16 37 33
17 36 35
20 36 34
19 38 33
13 39 34
9 42 33
2 43 35
1 44 36
16 40 37
20 39 37
19 38 34
21 38 35
14 40 36
8 37 32
3 41 34
6 40 31
11 40 32
22 38 35
20 37 35
14 36 33
10 40 34
11 38 34
10 42 40
1 42 37
13 38 40
19 39 38
18 38 37
22 39 37
21 39 37
13 41 34
3 44 32
1 44 30
8 42 31
16 40 34
19 38 35
23 38 32
17 40 32
13 41 32
11 41 34
2 41 32
0 44 35
15 38 34
18 38 34
21 38 35
21 37 34
18 39 34
7 41 33
5 45 37
2 43 32
8 36 29
17 37 33
20 38 32
23 36 34
22 36 33
11 39 34
4 39 33
2 44 38
7 40 38
15 36 36
19 36 36
20 36 37
18 36 36
15 37 37
11 39 38
5 40 34
2 43 32
8 39 30
19 36 32
18 37 31
20 36 32
18 38 32
12 40 31
13 38 32
2 46 34
5 41 35
12 42 38
16 41 37
20 38 37
23 38 36
16 39 36
10 38 33
3 40 33
4 41 33
8 38 32
15 38 34
21 37 34
25 35 34
16 35 31
13 39 28
7 48 35
1 49 39
10 47 44
18 42 39
22 42 37
22 40 37
18 40 35
12 35 33
4 42 35
2 42 32
5 43 35
16 38 35
21 38 35
22 39 33
21 39 35
19 41 35
15 40 35
0 42 34
0 47 46
5 43 44
18 46 43
21 47 39
21 46 39
24 48 40
30 45 44
33 42 42
38 37 46
39 34 46
36 37 52
38 36 51
38 36 52
39 34 52
41 35 52
39 34 51
40 34 53
40 37 52
40 34 53
41 33 51
40 34 50
40 33 52
