36 44 43
36 38 41
36 40 42
32 41 43
29 49 48
25 53 45
22 46 40
18 48 39
16 43 36
16 44 37
16 43 36
12 42 37
4 45 36
0 46 32
10 40 31
15 37 32
14 38 32
18 36 32
19 37 32
19 38 34
13 39 32
10 41 34
1 43 34
8 43 39
16 39 37
19 36 35
22 37 37
20 36 36
13 39 38
5 40 33
3 40 32
6 39 31
13 38 33
19 37 32
23 34 32
21 35 31
14 38 31
11 38 31
2 43 35
0 41 36
13 37 41
20 41 38
21 35 37
18 37 38
14 38 36
5 39 32
5 39 33
7 37 31
10 38 32
20 34 34
23 33 32
21 35 31
13 39 32
4 42 35
1 43 37
6 42 42
17 37 38
23 37 38
23 37 37
20 38 36
14 38 35
3 40 32
1 41 31
8 39 34
15 36 32
19 39 35
23 38 33
21 39 33
9 38 31
4 42 34
1 40 37
6 39 38
20 38 37
24 38 36
24 37 35
13 40 36
4 40 31
1 42 33
1 40 32
14 39 32
23 38 34
23 37 33
20 37 32
12 38 33
3 41 33
3 41 37
5 40 36
16 37 37
19 37 35
22 37 36
20 39 37
12 38 34
11 37 33
2 42 35
1 40 32
14 37 31
21 37 33
22 38 32
18 39 32
8 42 34
8 41 35
2 43 37
9 41 38
14 41 37
19 37 35
24 37 36
20 38 35
9 39 34
4 41 33
2 40 30
5 38 31
15 36 32
18 35 32
22 33 30
21 36 31
13 38 29
8 40 32
0 42 34
5 43 38
12 39 39
14 39 36
18 36 36
21 36 36
21 36 36
11 38 33
7 37 31
3 40 32
6 39 32
11 37 30
18 36 32
18 37 33
21 38 32
15 39 31
14 38 33
0 42 33
8 41 41
12 40 38
15 37 36
20 36 36
20 37 37
17 38 35
13 37 35
10 38 34
2 40 34
4 39 32
12 39 34
21 38 36
20 37 35
22 37 33
15 39 34
10 37 34
0 42 37
0 42 41
8 39 40
16 38 40
16 41 38
13 45 38
14 49 39
18 50 41
23 47 38
28 45 43
32 43 45
34 43 43
36 41 46
38 43 47
42 41 48
41 37 47
40 40 50
36 38 52
38 33 50
40 38 52
41 36 51
41 35 51
40 36 51
41 34 51
40 35 52
39 35 51
40 33 54
39 34 51
40 33 50
