37 38 47
57 37 38
37 39 44
35 42 46
32 40 45
28 39 47
24 40 49
21 44 48
17 44 48
15 42 44
17 39 40
15 40 42
17 39 39
14 38 38
10 38 39
8 38 40
0 39 34
9 35 31
13 34 32
15 37 31
17 38 32
23 36 35
21 35 35
11 38 34
7 38 32
7 38 37
0 40 38
14 37 39
15 33 37
17 34 36
22 38 36
18 37 34
14 42 38
11 36 34
2 40 36
1 39 29
13 36 34
16 37 36
20 36 35
23 37 34
20 40 35
11 37 33
0 29 32
0 41 40
10 36 40
19 38 37
20 37 34
23 36 34
20 36 35
11 35 37
1 37 34
0 44 37
3 30 32
20 33 33
24 33 34
22 33 32
14 35 34
16 33 38
0 38 38
0 39 42
14 36 40
17 33 38
21 32 37
22 35 36
15 36 38
8 34 37
0 34 33
0 38 33
10 35 32
23 35 35
23 38 35
20 35 31
18 41 30
13 37 34
3 46 39
1 42 40
13 36 39
16 32 40
20 37 36
21 37 35
13 37 36
6 37 30
0 40 31
4 36 31
13 36 34
21 37 34
24 37 34
21 37 33
12 40 34
0 40 32
1 42 42
5 41 36
18 35 35
22 37 35
23 37 36
17 37 37
10 39 35
5 38 32
0 40 31
3 38 35
15 37 32
21 36 34
22 36 33
21 36 33
13 36 32
10 39 32
0 48 32
0 40 33
8 16 48
14 39 36
17 38 30
20 37 33
17 35 33
10 38 33
13 37 31
0 41 33
5 38 32
18 32 32
23 33 32
26 36 32
19 37 32
15 36 32
0 39 36
0 43 42
10 42 42
17 42 38
23 35 35
25 36 35
16 39 36
2 39 34
0 37 34
3 41 34
20 35 34
24 34 29
24 35 30
16 38 31
3 44 35
0 49 47
9 42 44
19 38 38
25 36 35
25 36 35
16 36 36
0 43 33
0 43 35
8 38 34
22 37 36
21 38 33
19 38 33
16 41 35
12 43 39
13 37 41
0 49 43
3 45 41
9 45 44
14 47 42
21 46 42
27 46 42
33 44 42
34 44 42
35 38 45
33 36 47
35 41 54
38 39 51
40 36 52
41 36 53
40 36 52
41 36 51
40 34 51
41 35 53
40 33 50
41 34 54
41 35 52
39 36 52
