37 48 42
39 45 40
39 43 41
40 44 40
37 52 43
32 49 40
27 44 39
20 47 42
17 47 42
14 42 40
9 41 37
9 44 39
11 43 38
15 39 37
15 39 35
15 40 37
16 39 36
16 38 35
18 39 36
14 39 35
9 42 33
11 36 35
5 40 33
6 41 34
10 39 32
15 36 33
16 38 32
21 36 31
17 36 31
10 39 31
5 40 33
5 44 37
7 47 40
17 42 38
20 41 36
24 39 36
19 43 38
11 40 37
3 42 34
3 36 31
2 37 30
12 37 31
21 36 30
21 36 32
20 36 32
15 37 31
10 37 33
7 40 35
2 41 38
5 40 38
14 38 38
19 38 36
22 37 36
18 40 37
14 38 37
7 38 34
4 35 33
7 35 30
14 33 32
17 36 31
22 34 33
20 35 33
11 38 33
9 38 34
0 40 37
0 45 41
15 39 39
17 39 37
17 37 39
17 37 38
17 36 37
16 35 37
14 37 36
11 37 35
2 41 36
4 37 31
10 35 34
19 35 34
20 37 36
20 36 34
16 38 34
12 38 35
7 40 38
8 41 38
4 40 39
11 37 38
15 37 37
19 35 37
18 38 36
15 38 35
12 36 35
13 36 34
8 38 33
6 38 34
9 36 32
10 37 33
15 38 36
21 38 34
17 37 34
13 34 32
14 38 34
3 41 37
0 43 38
13 39 39
15 39 37
18 38 36
18 38 36
21 37 34
18 36 34
12 34 32
4 38 32
1 41 35
3 38 31
15 34 33
17 37 33
17 38 32
18 37 34
18 37 34
15 38 33
9 37 33
7 37 34
6 37 36
1 38 36
16 35 37
19 37 35
18 36 35
20 36 35
11 35 36
8 37 34
11 36 31
2 36 29
8 34 29
11 34 31
16 34 30
17 32 30
21 33 30
20 34 31
12 37 29
5 37 30
6 36 31
4 36 33
6 34 35
16 35 36
12 35 34
13 35 36
17 34 36
16 33 33
17 36 33
13 35 32
12 36 33
4 38 33
3 36 32
6 36 33
17 34 33
16 35 34
15 35 33
19 35 32
19 35 33
9 39 34
11 36 33
3 35 33
3 35 38
8 36 37
17 37 37
19 35 36
16 37 36
19 35 35
13 36 35
12 36 34
9 36 34
2 39 34
4 35 31
10 35 33
20 36 35
21 36 33
18 36 33
17 38 34
11 37 33
12 37 34
0 39 34
2 36 36
9 33 37
17 31 37
13 32 35
11 32 34
13 33 35
11 32 33
12 34 33
13 33 33
11 35 32
10 37 33
10 38 34
9 39 34
9 41 34
8 45 35
9 50 38
16 50 40
23 51 39
31 46 39
35 42 37
37 44 40
37 45 43
33 40 43
37 41 50
36 39 53
38 40 54
39 40 52
40 40 50
40 39 50
40 38 51
40 39 51
39 38 50
40 38 53
40 38 52
40 38 50
