38 40 51
37 42 50
37 39 49
39 38 47
38 38 45
34 42 48
33 39 43
27 40 43
15 48 54
17 48 47
19 36 44
18 42 46
15 39 40
11 37 38
7 39 37
9 38 34
8 36 37
12 38 35
14 36 36
15 36 38
15 37 37
16 36 39
18 34 37
20 36 37
18 36 36
14 37 37
4 36 36
0 38 36
3 37 34
16 37 36
19 38 35
16 37 35
19 36 34
19 37 35
13 33 36
11 40 38
1 42 39
7 39 39
12 40 40
19 37 37
17 35 38
17 37 38
22 37 38
17 37 38
8 37 37
7 37 37
4 37 36
0 39 36
11 36 34
17 38 37
17 36 35
20 35 34
19 36 34
15 37 33
11 38 37
6 38 36
1 35 39
5 36 44
17 35 39
20 35 37
21 36 36
20 35 36
16 36 36
13 37 36
7 37 37
4 34 36
1 38 36
9 37 34
18 36 35
15 37 36
17 36 33
17 37 33
17 37 36
14 36 41
9 40 39
7 35 37
2 41 40
12 38 40
19 38 39
21 37 38
18 36 36
18 37 37
13 37 36
11 38 37
1 38 35
2 37 33
11 36 34
17 37 35
21 37 36
22 36 35
14 37 34
10 35 35
7 39 37
1 41 39
5 36 37
15 38 37
17 33 35
20 39 35
18 36 34
13 36 34
13 37 34
7 38 35
0 40 36
5 37 34
14 36 34
18 36 35
20 36 34
20 36 34
15 37 37
11 38 39
5 39 40
0 39 36
8 36 36
17 38 36
21 37 35
20 36 36
17 37 34
11 36 34
13 37 35
8 40 36
5 38 35
2 35 34
13 36 36
15 40 37
18 37 35
19 37 37
17 38 34
11 37 36
8 39 37
3 37 37
5 36 37
9 37 38
20 37 38
20 34 36
19 35 36
17 36 35
11 36 34
11 37 34
7 39 35
3 38 34
9 37 33
17 37 34
17 38 35
21 37 34
18 38 33
12 40 31
14 39 37
3 38 34
1 38 37
8 35 40
19 37 39
20 34 36
19 39 38
16 38 34
13 37 35
8 38 36
1 38 33
1 38 32
13 37 33
18 37 35
20 36 33
19 36 32
14 36 33
13 38 34
9 40 37
2 38 35
3 44 37
11 39 38
15 29 38
19 31 38
19 35 37
15 38 34
12 36 33
10 38 35
4 38 35
2 37 35
11 37 35
17 37 35
20 36 35
20 36 34
12 37 37
11 41 38
1 50 40
0 50 45
17 43 43
20 39 38
18 41 42
15 52 44
22 46 47
31 46 46
35 42 44
39 42 47
38 33 45
35 39 50
35 35 51
37 34 54
39 34 53
39 33 51
40 36 52
39 34 52
40 35 53
38 35 51
40 35 53
39 35 52
39 34 52
41 35 52
39 33 52
40 34 51
