38 37 43
36 40 44
34 42 44
30 44 41
20 49 46
14 50 42
11 40 39
8 44 39
8 42 40
13 40 40
16 40 40
19 37 40
18 37 38
18 35 39
12 35 39
16 33 34
21 32 33
6 34 28
8 37 32
7 39 33
12 37 31
21 38 35
9 39 36
1 40 38
9 39 41
16 37 37
16 38 37
14 38 37
19 33 34
22 30 32
6 37 29
7 41 33
11 39 33
12 39 33
19 36 33
12 36 35
1 41 40
8 38 39
10 38 36
21 33 38
27 29 33
6 30 32
0 41 29
8 37 31
16 39 32
21 36 33
17 36 36
2 40 37
6 38 39
7 37 38
12 34 35
25 30 35
22 35 31
1 42 31
9 37 29
5 40 32
15 36 32
22 35 32
16 38 36
0 39 35
10 40 41
11 40 37
13 38 36
23 33 32
23 32 31
7 38 30
4 41 33
8 41 32
17 38 33
25 38 36
5 43 34
6 42 37
12 45 40
11 37 33
22 34 35
27 32 30
0 40 28
3 39 32
8 40 30
12 41 31
27 36 30
16 39 35
2 43 34
8 40 36
10 40 36
18 38 35
26 34 33
23 32 31
0 38 25
0 38 29
12 38 29
22 33 28
33 33 33
3 42 31
0 37 38
5 39 37
14 35 35
29 32 34
17 34 32
1 40 27
1 38 29
11 35 31
17 38 30
29 35 30
16 36 37
1 38 35
2 38 40
16 37 40
24 37 37
28 35 32
5 34 32
0 37 25
7 39 32
16 37 36
18 36 32
15 35 32
17 36 33
0 41 39
1 36 37
10 37 45
17 38 39
14 37 34
14 37 36
12 38 38
9 40 37
4 45 39
7 47 41
13 45 42
22 39 43
29 41 46
33 38 45
38 37 45
40 37 48
38 33 47
39 35 52
39 35 53
38 36 54
40 32 51
42 34 52
41 34 50
42 34 51
41 35 51
40 35 52
40 34 52
42 33 51
41 34 52
42 35 50
41 35 54
42 34 51
41 34 52
