30 39 51
28 39 51
27 40 51
27 37 49
28 40 47
29 42 46
26 42 43
25 48 35
22 52 36
20 40 36
10 32 40
12 50 40
16 42 35
20 38 35
16 39 32
0 39 30
0 40 29
9 38 35
14 34 34
20 34 31
21 34 32
23 37 33
23 39 35
7 41 35
0 42 38
10 40 40
6 43 39
18 35 37
22 38 37
21 37 35
23 36 33
11 38 31
0 40 30
3 42 34
13 35 35
20 35 34
20 37 33
21 37 33
20 40 34
14 44 36
0 42 38
4 42 44
11 40 41
21 35 36
23 35 36
21 38 36
20 38 34
11 40 33
0 42 32
4 40 35
14 36 36
21 34 35
20 37 34
22 36 33
19 40 32
0 46 30
0 43 41
13 40 43
14 36 39
25 35 37
25 37 37
21 40 33
16 38 32
0 40 31
0 40 32
15 38 35
21 36 34
23 38 34
21 39 32
22 41 35
4 44 34
0 50 39
13 42 41
14 42 36
22 38 35
22 38 34
21 38 31
24 40 32
0 47 30
0 54 32
9 43 34
18 38 34
23 38 35
23 39 35
21 42 35
14 46 36
6 48 41
4 50 43
18 44 40
22 40 38
22 42 37
21 43 37
23 44 37
20 44 36
13 52 37
6 59 37
14 46 36
20 43 36
23 43 35
23 44 35
23 46 37
23 47 38
21 51 42
9 63 47
15 48 42
24 46 39
25 45 37
26 42 37
26 43 36
25 42 34
19 49 35
5 59 35
7 59 35
18 49 36
22 45 36
25 43 34
25 41 33
27 44 35
17 53 36
10 60 42
13 51 45
20 45 40
24 40 37
25 39 36
24 41 36
21 44 36
20 44 37
6 53 40
0 54 37
12 47 37
21 43 40
25 40 36
23 43 35
29 41 37
21 46 36
13 56 44
12 61 50
22 52 47
27 48 40
31 41 38
32 43 38
31 43 40
30 42 43
32 47 51
31 51 61
28 39 52
32 40 51
34 37 47
34 35 46
34 34 47
32 36 51
31 38 60
29 42 62
27 42 60
30 35 52
30 36 52
31 37 49
29 37 51
30 38 53
28 41 56
32 41 52
32 38 51
31 40 51
30 38 50
32 41 51
30 40 51
