37 44 45
36 49 43
33 45 38
30 49 36
26 53 35
23 53 33
20 51 34
16 48 36
16 42 38
9 41 38
7 42 37
10 39 37
10 38 37
12 37 35
12 39 33
12 37 33
12 37 33
13 38 34
12 38 33
12 36 34
11 38 34
13 37 35
12 38 35
11 38 34
12 38 35
13 38 34
12 38 34
11 38 34
11 37 35
12 38 34
13 38 34
11 39 34
12 37 33
12 37 34
13 37 35
10 38 35
14 36 36
12 39 36
14 39 37
16 37 36
16 40 36
20 39 36
17 39 36
14 39 35
13 40 35
13 35 37
9 40 36
3 40 34
4 39 29
9 39 32
15 38 32
18 37 33
19 37 33
16 37 32
14 38 32
9 38 33
6 39 34
5 39 34
9 48 35
18 41 35
21 42 34
22 38 34
20 39 33
13 39 35
10 38 35
0 38 33
2 37 33
12 37 34
17 37 33
20 36 34
19 36 33
18 37 32
12 38 32
2 39 32
1 41 37
8 49 39
15 44 37
18 41 34
19 40 33
19 40 34
18 40 34
13 38 35
11 38 35
2 27 41
0 39 34
6 38 29
13 38 33
16 39 34
16 36 32
15 38 32
16 36 33
16 37 32
15 39 33
16 39 34
8 43 34
1 46 35
9 46 37
14 42 36
17 39 34
19 40 34
20 39 34
17 38 34
13 37 32
9 39 36
5 41 35
0 41 32
11 39 33
16 39 35
17 37 34
16 36 32
18 36 33
16 38 33
14 39 34
15 39 37
4 38 34
1 38 35
4 38 36
16 35 37
15 34 33
14 37 35
19 38 34
18 36 34
12 39 33
14 37 34
3 36 35
4 38 32
3 38 31
12 38 31
17 39 35
18 36 34
18 38 33
18 36 33
13 39 34
11 38 34
3 39 34
0 39 35
12 37 34
18 33 32
18 35 32
20 36 37
17 39 35
11 37 33
11 38 33
6 38 32
0 37 28
7 38 29
13 36 31
15 38 32
19 37 31
22 37 34
19 37 32
15 38 32
7 39 33
2 39 35
1 39 36
11 37 36
15 38 34
17 37 34
16 39 34
17 37 33
13 38 34
12 38 32
12 39 34
3 42 31
2 42 30
9 42 32
17 39 31
18 39 30
15 38 29
17 40 33
15 38 34
17 38 34
13 38 33
13 41 32
6 42 33
3 48 33
9 44 34
16 39 35
15 37 36
17 40 36
20 39 37
20 37 34
15 39 34
10 36 35
2 39 33
1 40 31
2 37 32
14 36 33
18 36 33
15 37 32
17 35 31
18 39 32
16 40 33
11 41 34
7 40 31
2 40 33
3 42 37
13 38 36
15 38 35
17 39 36
20 35 37
19 37 35
13 37 34
9 41 33
8 41 35
3 47 38
4 49 38
11 43 39
19 44 40
20 46 39
24 46 38
30 48 38
36 45 37
38 42 39
41 51 51
41 47 55
38 48 60
39 42 54
37 39 50
39 37 49
37 37 48
38 38 48
39 39 50
39 40 52
39 39 51
38 40 49
40 39 51
39 41 52
38 39 50
39 39 50
39 40 51
39 38 51
39 39 50
39 39 50
39 40 51
39 40 50
40 39 50
39 39 50
39 39 51
39 40 51
39 41 51
37 40 53
35 36 52
36 39 51
39 41 45
39 46 43
37 42 41
36 46 39
33 45 37
29 47 37
24 48 36
12 56 34
10 50 36
10 45 36
8 43 34
9 40 34
10 39 33
11 38 34
13 38 34
11 38 34
11 38 32
12 40 33
13 37 33
12 36 34
13 37 34
12 39 34
12 38 34
12 38 35
12 38 34
12 38 34
12 38 34
12 38 35
12 38 34
13 37 35
12 38 34
11 37 34
11 39 34
10 39 36
11 42 36
8 49 35
9 52 39
18 54 40
24 51 40
31 48 39
36 43 40
40 39 41
37 40 45
35 39 48
35 38 51
37 39 52
39 37 50
40 38 51
41 37 51
38 36 51
37 37 53
38 37 52
37 36 50
