39 47 47
39 47 47
41 49 46
39 42 40
36 41 39
29 50 45
24 47 44
21 44 49
17 43 39
9 47 42
11 42 37
12 42 39
13 39 36
17 41 37
20 40 36
21 40 37
14 41 37
14 41 36
3 44 35
0 40 30
11 38 33
18 37 31
17 39 32
19 38 32
19 37 31
16 40 34
12 37 34
9 42 36
5 41 35
3 47 39
18 42 39
19 41 36
23 41 35
22 40 37
14 41 33
9 39 33
9 41 37
1 43 34
2 41 32
15 39 30
17 38 33
19 37 32
23 34 30
17 36 30
10 35 27
3 43 31
2 50 35
10 48 35
20 44 36
19 41 32
21 40 34
18 38 36
9 39 33
9 35 32
1 43 32
5 38 31
18 34 33
23 34 32
21 36 31
19 37 31
10 39 32
5 43 36
4 40 34
3 42 39
12 38 38
20 38 39
20 36 35
21 35 38
20 38 37
10 43 26
0 40 25
7 38 33
5 37 26
15 36 34
20 38 33
20 37 33
17 36 31
12 39 34
5 41 34
1 40 34
7 36 34
19 35 35
19 37 35
17 36 34
20 38 34
13 38 33
5 38 29
1 40 30
5 40 29
8 37 30
18 36 31
19 37 32
19 37 32
16 39 35
12 40 34
13 41 34
6 44 33
3 43 35
14 41 37
17 40 36
16 36 33
20 37 36
15 38 34
9 36 31
2 41 31
3 42 26
11 39 29
20 39 31
19 40 31
23 35 31
21 37 27
10 42 31
2 40 32
0 42 35
12 38 35
15 39 32
18 39 30
19 38 31
18 38 31
15 38 29
12 38 26
0 39 27
2 31 30
15 46 34
18 35 30
19 36 28
19 36 27
19 37 31
12 39 31
5 42 35
4 40 33
0 44 38
19 37 38
16 38 37
18 36 35
22 36 34
16 36 33
7 39 32
0 37 32
3 38 30
9 39 32
17 36 33
19 34 32
18 33 28
19 41 30
15 41 31
14 42 33
1 43 22
4 56 30
20 46 34
21 45 32
21 43 33
17 41 35
14 40 36
11 37 33
6 39 32
2 43 33
7 39 32
17 39 33
18 39 33
21 37 32
21 38 32
14 39 31
8 39 35
0 45 34
5 40 43
12 40 35
19 38 35
18 43 37
10 46 36
12 46 37
13 48 36
18 47 36
22 44 40
22 49 49
22 53 51
27 40 47
33 35 47
39 37 44
40 36 46
38 33 46
36 41 52
35 36 53
39 36 52
40 36 52
40 34 52
39 33 52
40 35 51
40 36 52
40 35 50
41 35 51
39 35 50
40 39 51
