36 34 47
36 34 50
34 35 52
34 31 44
28 36 49
25 34 49
21 33 48
14 34 48
14 33 46
13 33 41
15 34 41
14 33 42
16 32 42
15 35 40
14 33 39
6 36 39
1 33 37
9 37 39
14 34 37
13 32 37
14 32 35
17 31 34
14 34 35
13 33 37
12 30 37
1 30 37
4 32 40
13 32 37
16 33 37
21 34 36
18 33 37
12 34 37
10 33 36
4 34 36
3 34 35
9 34 35
12 32 34
19 33 34
20 34 34
16 35 34
10 34 34
13 35 37
6 34 39
2 32 38
11 33 38
18 29 37
16 29 34
16 31 37
10 32 38
12 31 35
2 31 35
0 33 31
12 33 33
15 31 36
17 34 33
17 36 33
16 36 36
14 33 35
12 34 36
4 33 36
3 35 40
9 31 40
17 33 38
17 34 37
20 33 38
18 36 37
12 33 37
7 34 37
4 36 37
5 34 34
10 34 36
17 32 34
18 34 36
20 33 35
15 32 35
11 33 37
4 34 38
2 32 40
6 34 40
14 32 39
18 32 39
21 33 37
21 35 38
13 34 36
9 34 37
6 32 36
2 34 35
5 33 35
16 35 36
20 34 35
20 36 35
16 35 35
13 33 37
10 35 40
1 36 41
2 33 41
12 33 40
15 34 38
19 35 37
20 35 37
13 33 36
15 33 34
1 37 37
2 35 32
9 33 34
17 35 36
20 34 35
22 35 34
19 37 34
12 35 34
9 34 35
2 34 37
0 34 39
12 32 38
20 33 38
15 35 34
16 35 35
14 37 35
7 36 35
11 35 35
7 37 35
1 36 32
9 35 32
19 33 31
19 34 33
20 33 34
16 36 36
11 36 35
8 35 37
2 37 36
3 36 37
15 36 38
18 34 37
22 34 37
19 34 36
11 35 36
9 34 33
2 36 34
0 34 33
9 34 34
19 31 35
18 31 32
19 33 33
17 35 35
10 38 35
6 39 38
6 39 39
4 35 40
18 31 40
21 32 38
15 34 39
15 35 38
11 34 36
8 32 33
4 35 34
4 33 33
11 33 36
17 32 35
19 33 35
22 35 35
14 35 35
8 34 35
6 36 38
0 32 36
1 36 42
7 35 40
12 37 40
20 35 38
11 41 41
8 43 43
13 42 41
21 41 44
27 36 44
30 39 45
34 41 49
36 40 49
37 35 48
35 38 50
34 37 52
34 40 50
37 39 52
37 38 52
38 37 51
37 37 51
37 37 51
38 36 50
37 38 53
37 37 51
38 36 52
37 35 51
