37 39 45
37 39 45
35 42 43
34 41 40
28 49 44
25 46 45
19 43 44
16 45 45
15 42 42
16 38 41
17 42 40
18 42 38
16 41 37
9 39 34
3 41 39
1 42 32
11 34 31
20 33 30
20 32 30
16 34 28
17 38 30
29 37 32
3 46 38
1 43 41
13 42 45
22 39 39
22 37 34
3 41 30
0 40 29
10 38 32
22 34 37
22 36 34
22 35 32
14 38 33
2 42 36
0 47 39
13 41 42
17 37 39
19 37 37
21 38 37
19 39 36
11 37 33
1 38 34
0 42 34
6 40 33
20 39 34
21 40 36
18 42 35
13 48 39
11 51 43
11 58 50
18 50 49
26 45 46
35 39 42
35 41 45
36 39 46
33 39 50
33 35 52
37 38 57
37 35 52
39 33 51
40 35 53
39 35 52
39 36 52
39 34 52
39 35 51
41 36 52
41 36 51
40 35 53
41 36 51
41 35 50
40 34 51
40 35 51
39 34 52
40 35 52
41 36 54
40 34 51
40 35 50
