11 39 37
11 39 37
12 39 37
12 39 37
12 38 37
13 39 36
12 38 35
14 39 36
13 38 36
13 37 36
12 38 36
12 39 38
13 39 39
13 40 40
14 40 39
16 41 40
16 41 38
16 41 39
15 41 39
16 42 39
14 42 40
16 41 39
16 41 39
16 41 39
17 42 37
15 42 38
15 41 37
16 41 37
17 41 38
17 41 37
20 41 37
17 42 38
12 43 40
7 43 41
5 47 41
13 42 41
16 40 38
17 41 39
17 39 40
19 40 39
17 41 39
21 41 39
19 42 39
19 42 39
16 42 39
13 44 39
11 45 37
6 45 38
9 44 38
14 42 39
17 41 38
16 42 37
17 45 37
22 39 37
19 43 36
17 44 38
14 43 38
14 44 41
12 44 41
10 44 41
12 46 41
15 45 41
17 43 39
18 41 39
19 42 38
20 41 40
18 41 38
17 41 39
15 41 39
12 42 41
9 44 40
9 45 40
10 46 41
12 44 39
16 40 38
17 40 37
19 40 36
20 39 39
17 40 36
18 41 38
16 42 40
7 44 37
7 45 42
11 42 42
15 40 42
15 42 39
16 42 42
18 42 39
20 39 40
21 40 39
19 40 39
19 42 41
14 44 41
13 44 41
10 45 43
11 45 41
10 45 39
16 44 40
18 42 39
18 42 40
19 41 38
24 42 37
22 43 39
15 45 41
13 42 40
10 43 41
7 44 43
9 45 42
14 44 42
17 40 39
21 40 40
22 40 40
20 39 39
18 41 39
18 41 40
13 43 40
10 44 42
9 43 39
11 43 38
15 45 39
18 44 39
19 42 39
17 43 40
18 43 40
21 40 40
22 41 39
19 41 39
15 43 42
10 45 43
6 45 44
14 43 42
15 43 42
19 42 40
23 41 40
24 39 38
21 40 39
18 41 39
15 43 40
11 45 41
9 45 42
12 47 41
9 46 40
15 43 40
19 41 38
18 43 38
20 43 38
22 42 39
21 42 38
17 44 41
12 46 41
9 46 44
10 46 42
16 46 42
16 43 41
20 43 40
21 41 40
21 41 39
22 41 38
21 43 39
17 43 40
12 47 40
9 47 42
10 47 43
11 45 39
17 43 39
18 42 39
19 42 36
19 43 39
20 43 38
20 42 39
17 44 40
16 43 41
13 47 42
10 46 42
4 45 42
15 44 41
18 40 40
19 42 39
22 40 39
23 40 39
22 41 38
17 43 40
17 44 41
14 45 41
9 45 42
7 47 40
14 45 38
14 43 38
20 40 36
23 40 37
24 38 35
20 40 34
14 40 37
0 45 38
4 44 40
12 42 41
11 40 40
17 41 38
17 39 36
19 38 36
20 38 37
18 40 36
14 40 37
16 42 38
10 46 39
8 48 39
8 45 39
14 43 39
17 41 37
18 40 37
20 40 35
25 39 36
21 44 39
15 45 39
4 46 39
7 47 41
16 44 42
18 44 41
18 44 40
20 44 41
21 42 40
21 41 39
22 42 41
22 43 41
21 44 42
15 51 45
12 52 44
12 53 43
18 48 43
21 41 42
22 44 44
22 44 44
23 45 44
20 46 44
22 41 43
20 41 43
19 44 42
20 43 43
17 43 43
16 44 44
18 43 42
16 44 42
14 42 40
14 43 40
14 42 38
14 42 36
13 41 36
15 40 35
14 42 35
13 41 35
12 41 35
10 41 35
14 39 36
11 39 36
