39 45 45
40 45 45
39 43 42
37 44 43
35 44 44
31 40 44
25 49 50
24 44 43
24 45 43
20 45 40
20 44 38
16 47 37
10 45 35
2 46 35
1 46 28
13 40 31
15 41 31
17 41 30
19 39 31
22 40 33
20 42 33
12 44 32
11 44 33
7 48 36
4 51 35
18 44 39
18 42 37
17 42 37
19 42 36
19 41 34
18 39 33
13 41 32
12 42 32
7 43 33
0 44 29
11 42 30
18 40 32
19 40 32
19 39 31
22 40 30
19 40 32
11 43 32
11 45 35
4 48 33
8 48 37
16 43 35
22 40 36
22 40 35
21 39 34
17 41 33
6 42 31
3 38 26
0 45 25
16 36 39
14 38 25
17 36 28
19 39 31
18 42 31
17 41 30
11 45 29
15 42 29
3 47 27
0 46 27
20 42 32
22 43 33
21 40 30
24 40 31
24 40 32
10 43 31
0 43 28
4 47 35
8 43 29
20 38 32
24 40 34
24 38 32
23 39 31
13 43 30
12 51 31
13 48 36
8 51 35
8 48 37
20 46 38
23 39 32
22 40 32
22 41 28
17 43 28
9 43 25
0 45 27
3 45 27
16 42 33
19 41 31
20 39 29
22 37 29
20 40 34
15 43 32
11 41 33
1 47 33
3 44 35
19 38 34
21 40 34
20 39 34
20 43 31
14 43 32
9 42 31
4 45 29
4 46 30
13 41 30
19 38 32
22 40 33
22 40 32
20 39 30
13 43 30
9 47 31
5 49 32
10 45 34
21 42 37
19 43 35
21 37 37
20 42 36
10 46 33
11 41 32
1 44 33
2 42 30
14 41 32
21 40 32
22 39 31
19 39 32
16 40 29
17 39 33
8 48 36
5 50 37
12 44 39
20 40 36
21 39 37
21 37 40
21 44 37
14 45 33
8 39 33
0 45 32
1 45 31
18 41 33
26 37 33
24 39 32
22 38 31
17 41 30
14 45 34
8 48 37
3 48 35
12 44 39
17 42 40
19 43 36
22 39 34
23 42 34
18 42 33
7 36 30
1 49 30
5 47 32
18 40 34
20 41 34
20 41 34
20 43 34
20 46 33
18 48 34
11 49 38
3 59 37
7 62 38
19 59 42
28 47 40
32 40 40
37 40 40
41 42 43
40 41 43
38 36 45
39 40 51
39 38 50
42 35 51
43 35 52
43 36 53
43 34 50
43 37 50
42 35 50
43 35 51
43 34 51
