39 44 43
39 44 42
38 42 42
37 40 37
33 48 42
29 57 42
24 50 38
23 52 37
15 55 29
17 54 30
18 48 33
17 45 32
20 43 32
21 42 34
17 41 33
15 41 34
14 43 35
12 47 37
0 49 32
13 40 32
16 42 34
19 41 32
20 38 32
20 38 31
13 40 31
8 39 31
9 46 33
7 50 39
12 43 35
17 42 33
16 41 35
22 41 36
23 41 36
17 39 35
11 43 35
10 41 34
4 42 31
4 39 31
14 41 33
19 42 33
21 40 33
22 38 33
21 38 31
13 39 33
9 43 33
8 42 35
6 44 34
12 42 36
17 40 36
20 38 35
21 40 35
18 39 36
12 41 35
12 40 32
1 41 26
6 37 31
13 39 33
16 40 31
21 40 31
22 38 31
16 40 32
9 43 32
10 43 33
6 42 34
7 46 34
15 41 36
18 40 35
21 41 35
23 38 35
17 40 35
8 42 34
4 42 31
3 42 32
7 39 29
14 39 32
19 39 33
21 40 33
21 38 32
16 42 33
9 43 33
9 45 34
4 44 36
8 46 37
14 43 37
20 41 35
20 38 35
20 40 35
16 42 34
13 40 33
10 41 31
6 43 35
8 43 32
7 42 32
17 41 32
20 41 33
20 39 33
17 40 32
14 42 33
10 43 35
2 42 36
7 43 38
19 42 37
20 38 36
22 41 36
22 39 35
15 41 33
12 40 31
6 42 32
1 41 29
12 40 30
16 40 31
18 40 33
19 39 32
19 40 33
15 42 33
12 40 34
7 43 34
5 41 34
8 44 35
18 40 36
19 39 34
20 38 33
18 40 34
15 40 34
8 41 33
6 40 32
7 42 32
8 41 34
13 42 33
15 40 31
16 40 31
17 38 29
19 40 32
14 41 33
12 42 31
11 43 31
3 44 31
10 46 34
11 43 32
17 37 36
20 41 34
18 38 34
20 37 32
13 41 34
10 40 32
7 42 33
7 42 32
8 41 31
14 40 33
18 40 33
21 38 32
19 39 31
14 41 30
13 40 33
6 44 33
2 43 35
11 43 39
21 40 36
20 39 35
21 41 36
20 39 34
15 41 34
6 42 30
1 44 32
5 39 32
15 38 34
20 38 31
20 39 32
19 39 33
13 41 31
12 44 35
0 50 34
6 47 41
8 51 43
15 44 37
22 47 36
25 44 42
29 45 46
30 44 45
35 44 46
39 46 43
41 42 44
40 35 47
41 44 52
39 38 50
40 37 50
41 37 50
42 37 50
42 37 52
41 37 50
41 38 51
41 38 51
39 38 50
40 38 55
40 35 50
