38 40 49
38 40 47
39 45 46
39 42 37
35 41 34
27 53 35
20 56 44
19 58 45
19 43 42
18 48 44
15 48 37
13 48 38
15 44 36
18 42 36
19 40 38
17 38 36
15 43 34
12 43 35
5 45 33
6 45 31
13 39 30
18 37 30
14 38 31
21 36 32
22 37 33
13 41 32
10 43 34
6 46 32
11 43 35
9 44 36
14 40 35
17 42 36
19 39 35
21 40 36
18 39 35
12 41 34
7 42 33
3 44 32
4 43 30
16 40 32
17 41 30
21 37 31
20 38 32
13 43 34
9 42 34
6 44 33
13 44 36
9 45 36
16 39 36
21 38 36
18 38 35
18 39 37
11 43 32
7 45 33
4 32 35
11 41 32
17 39 30
17 40 32
21 39 33
19 38 33
13 43 33
9 40 31
8 46 34
5 43 33
13 44 36
16 40 35
17 38 37
19 37 35
20 40 34
13 43 33
11 42 33
8 43 33
7 41 35
8 41 31
15 41 32
20 38 32
22 39 33
18 40 33
10 41 31
5 43 33
3 45 35
10 41 37
17 40 36
21 40 35
22 38 36
21 38 37
16 43 35
8 42 31
7 44 32
6 47 32
9 41 29
14 41 32
19 41 32
22 40 30
18 41 31
8 44 31
13 42 33
12 44 36
6 42 32
10 44 34
19 41 34
20 40 35
21 38 34
20 38 32
14 38 33
3 44 29
3 40 26
8 40 33
19 39 32
19 40 30
20 40 30
17 38 29
10 42 32
6 43 31
8 42 34
7 47 34
16 41 35
22 40 33
18 40 33
18 39 34
13 41 32
13 40 31
7 41 29
7 42 28
5 38 28
15 39 29
13 43 30
21 36 29
20 38 31
17 37 31
10 41 32
3 41 32
7 40 32
8 40 33
13 37 34
19 36 35
22 37 34
17 37 34
12 38 32
7 39 30
3 40 30
5 38 29
18 37 31
20 34 31
16 36 29
22 35 32
14 38 29
9 40 30
4 41 31
8 40 34
9 43 36
16 39 36
19 38 35
20 38 34
19 37 33
14 39 31
11 37 31
1 43 29
2 41 29
18 37 30
18 40 33
18 39 33
17 38 30
15 41 30
9 43 33
4 49 36
0 50 35
7 61 38
16 41 39
23 47 42
27 45 43
30 47 44
36 38 46
37 40 45
41 38 47
39 36 48
39 38 51
37 36 48
39 36 53
40 34 52
42 34 50
43 35 51
43 36 51
43 35 51
41 35 50
42 36 51
42 37 50
42 35 51
42 36 50
42 37 50
42 38 51
