52 14 40
37 38 51
35 40 53
38 40 48
38 42 43
36 38 39
31 43 37
27 49 39
21 58 34
20 53 47
10 50 46
16 42 45
19 44 44
21 43 42
12 40 41
5 41 38
6 36 33
13 41 31
15 39 34
19 38 34
24 37 33
24 37 31
17 39 34
6 43 35
0 43 35
7 50 40
15 45 38
17 40 35
23 42 38
25 40 36
20 40 36
8 41 31
0 43 30
0 41 33
17 28 31
21 33 31
23 35 29
17 37 30
10 42 34
4 42 33
3 43 40
12 39 39
17 39 36
21 40 36
26 41 37
17 42 35
0 40 31
0 42 30
8 39 33
20 32 35
21 35 31
18 35 32
20 34 30
6 35 33
0 42 31
2 45 39
15 42 40
18 39 34
22 40 36
22 40 36
16 42 34
2 45 33
0 40 30
6 40 33
20 38 34
24 35 31
23 33 29
22 36 30
13 39 34
0 41 33
0 44 38
18 36 41
23 38 41
24 41 38
26 42 37
17 40 35
0 39 25
0 41 28
9 42 33
17 40 33
22 38 33
23 35 31
20 37 32
13 40 35
2 41 33
0 42 36
13 39 38
17 40 35
21 38 35
25 40 37
22 42 35
6 45 27
0 35 21
3 36 31
9 40 31
20 39 32
23 35 31
23 40 30
21 32 28
16 36 34
2 38 32
0 43 35
12 41 39
15 40 33
23 39 38
25 40 40
19 41 33
1 43 29
0 44 24
4 36 30
13 40 31
21 34 29
22 34 30
22 33 29
20 36 31
5 39 34
0 41 33
0 42 37
20 39 37
18 41 35
21 43 36
26 39 36
18 40 34
4 42 29
0 40 24
3 34 32
22 30 34
23 30 30
20 30 29
22 35 30
11 38 31
0 36 27
0 45 39
15 43 38
21 41 35
24 40 37
25 39 36
19 40 34
0 37 29
0 39 26
10 33 36
19 35 31
21 33 30
21 34 30
18 38 31
12 41 33
0 44 32
6 44 38
14 40 36
21 39 35
24 39 36
18 42 35
4 37 31
0 41 26
3 41 34
13 38 35
18 39 31
20 38 31
17 41 32
8 47 33
5 53 34
20 47 39
19 54 37
17 53 39
24 50 43
30 45 44
34 41 46
37 38 46
37 41 48
38 38 48
35 38 49
35 37 51
35 39 51
37 38 52
36 38 54
37 39 51
38 38 50
36 38 53
38 36 51
37 35 52
37 36 52
