32 42 48
34 46 46
32 42 40
30 42 42
26 44 42
18 50 45
18 46 48
12 42 43
14 41 45
15 40 43
15 39 42
16 39 41
18 39 40
17 39 40
16 39 38
12 38 40
14 40 39
9 40 37
5 42 37
9 41 34
14 39 34
15 39 35
18 38 34
17 38 36
17 38 37
14 41 38
7 42 39
7 45 42
12 39 40
14 39 39
14 40 38
19 39 38
16 38 37
22 36 39
20 38 38
12 39 39
10 41 40
5 39 35
5 42 37
10 39 34
15 39 34
16 39 33
19 39 36
17 40 35
18 41 37
17 41 37
18 42 35
11 43 34
8 42 36
4 43 37
12 41 38
13 43 39
14 40 45
15 39 43
17 36 40
20 36 41
15 35 39
15 36 40
15 36 38
13 38 40
8 39 43
6 42 46
16 38 41
17 39 41
18 38 38
19 39 37
19 36 39
18 37 38
16 39 38
10 44 40
7 44 42
9 42 41
10 39 42
17 38 39
17 38 37
19 38 38
20 38 37
18 39 38
14 41 39
13 41 40
8 44 40
7 41 38
14 40 39
12 42 37
15 40 38
17 40 38
18 40 38
17 40 37
17 41 37
17 40 39
16 42 39
10 41 40
8 43 41
9 40 40
13 39 39
15 39 39
19 40 39
19 39 38
21 38 39
15 38 37
12 38 37
9 39 37
5 39 37
9 38 36
7 38 36
10 36 36
14 36 35
14 38 36
17 36 35
17 37 36
14 40 40
13 41 38
14 40 38
9 38 38
4 38 39
11 38 38
13 37 36
15 38 37
14 45 40
16 43 37
20 41 38
20 39 35
18 39 37
14 37 39
9 38 38
5 41 40
6 42 37
10 40 37
14 40 36
15 38 36
15 39 35
13 40 35
16 39 36
14 40 38
13 41 36
16 40 37
14 39 38
6 44 36
12 46 42
15 41 36
15 38 34
14 40 36
16 44 36
17 40 37
17 39 38
19 40 39
20 42 38
17 43 39
14 43 40
12 41 37
8 43 37
8 42 36
6 42 34
11 40 35
14 39 36
16 39 34
20 39 34
16 40 35
15 41 35
16 41 36
15 42 37
11 42 38
8 44 37
9 42 38
12 39 38
13 41 39
14 40 38
18 41 37
20 41 37
20 40 39
17 41 38
14 42 39
10 44 39
4 43 35
10 40 34
10 40 35
12 40 35
15 37 36
16 40 36
18 39 37
18 40 35
15 40 35
15 40 37
15 42 36
6 41 38
7 42 38
10 41 39
11 41 39
15 41 36
16 41 37
16 41 36
17 41 36
18 40 38
17 42 38
16 44 37
12 45 38
12 45 38
10 46 37
14 44 37
15 44 37
18 44 36
20 43 36
20 42 34
20 43 36
18 47 37
16 49 39
12 53 40
9 52 40
11 53 43
20 49 43
24 52 44
29 48 45
32 44 44
35 42 46
37 43 46
36 42 47
36 41 49
33 41 51
31 35 52
30 36 53
32 37 53
32 36 51
35 34 54
34 35 53
33 33 53
32 34 54
31 34 53
33 34 53
32 33 53
32 34 52
31 34 51
32 34 53
32 35 52
33 35 52
