34 39 45
34 42 44
39 36 39
31 57 46
27 40 44
18 42 50
12 42 44
12 42 42
14 51 41
18 42 41
20 42 40
20 39 40
16 39 38
11 39 38
9 38 35
6 40 37
2 39 32
10 40 35
14 40 35
13 35 33
14 36 35
18 36 37
20 37 35
18 37 35
15 38 34
8 37 37
2 38 35
6 37 41
7 37 36
17 34 36
20 37 34
21 39 35
19 34 34
18 37 38
9 35 39
0 39 35
2 38 29
9 39 30
15 39 31
15 39 33
14 40 37
14 38 33
16 35 32
22 36 33
17 36 31
11 37 35
6 37 33
0 39 36
13 37 38
17 39 35
21 38 37
20 37 34
17 36 36
14 39 36
4 36 32
1 40 35
8 37 33
16 37 33
17 37 33
20 36 33
20 36 32
18 42 34
9 43 42
3 39 37
6 40 42
10 36 37
15 37 37
17 37 38
18 34 36
19 34 36
19 37 37
13 38 36
3 39 37
0 39 35
4 38 33
12 37 35
19 38 35
19 36 35
20 37 33
19 37 33
16 38 36
11 39 36
4 39 34
2 39 38
6 39 38
15 33 34
16 37 34
17 39 35
17 37 35
17 36 34
12 37 35
4 38 35
2 39 34
1 39 34
13 37 34
18 37 34
19 35 33
22 36 34
19 39 34
13 38 35
10 41 37
2 43 37
1 44 40
11 43 39
15 37 36
20 36 38
19 34 35
17 37 34
15 38 34
6 37 34
1 40 37
0 37 32
14 37 34
18 36 32
19 39 34
20 36 31
16 39 32
12 38 33
5 43 38
3 41 37
3 44 40
14 40 41
16 38 37
17 40 39
14 45 40
16 44 44
20 46 43
24 48 41
29 57 40
34 58 40
39 41 45
37 38 43
36 41 42
36 42 41
37 37 47
39 35 52
41 36 55
42 41 59
41 41 58
41 37 58
41 35 52
37 36 46
39 34 49
37 35 50
