36 39 49
36 39 49
34 40 44
32 39 45
27 44 47
21 50 47
20 44 46
16 42 43
14 43 41
14 40 42
13 41 40
14 39 38
15 37 38
17 40 38
18 36 38
15 38 37
16 38 38
14 39 37
0 39 35
6 38 38
9 38 33
14 36 34
18 35 32
17 37 33
16 36 32
18 37 34
15 38 35
13 40 37
16 39 38
11 39 37
1 38 38
6 38 37
10 36 36
19 35 34
22 37 36
17 38 36
14 36 34
11 38 36
6 37 37
0 41 38
8 32 35
14 37 32
13 34 34
19 33 32
17 38 35
18 36 34
15 36 35
15 38 38
0 52 41
2 39 40
12 39 38
16 38 37
18 36 35
21 36 35
21 35 35
16 35 34
18 36 39
0 48 42
0 41 31
11 36 30
17 38 35
21 36 33
21 36 32
14 39 32
14 38 33
11 33 36
0 33 31
0 35 36
13 35 39
16 33 39
20 34 35
22 35 34
17 34 34
13 34 33
1 37 32
0 35 27
8 31 31
13 38 30
19 33 29
20 35 30
20 36 32
14 37 33
12 37 32
15 35 31
4 38 31
0 37 30
9 38 37
10 29 37
19 32 34
19 35 34
22 38 33
18 38 35
8 36 32
13 37 35
0 40 36
0 40 33
9 34 33
16 33 34
21 38 35
23 36 33
18 37 34
12 38 32
19 36 36
0 40 34
0 38 37
9 38 41
15 37 37
19 33 39
20 33 38
16 36 37
11 35 35
13 36 34
5 38 39
0 38 31
4 36 33
13 39 33
17 38 32
17 41 32
15 39 32
14 36 33
10 39 34
7 37 33
7 37 35
12 38 41
8 35 35
12 32 37
14 37 36
14 38 37
14 40 38
12 41 39
15 42 38
13 45 39
13 46 37
15 44 44
17 50 35
22 45 42
22 45 49
23 41 49
24 50 52
30 42 47
38 38 44
39 37 45
37 38 45
37 37 55
35 37 54
38 38 52
39 37 51
38 38 51
38 37 50
40 38 52
39 37 50
39 37 52
41 37 51
40 37 51
40 39 51
40 36 51
39 37 51
39 38 52
39 36 51
40 37 52
40 37 50
39 37 51
39 37 51
40 38 52
39 38 51
40 35 53
39 37 52
