37 41 43
38 41 44
35 41 45
33 45 45
28 42 44
24 46 46
21 57 50
22 55 42
22 47 39
26 45 37
22 45 36
19 44 36
14 45 32
12 47 33
4 48 35
4 44 33
9 41 30
16 41 31
19 41 31
19 39 30
22 39 31
21 39 32
12 43 31
9 44 32
3 47 35
8 49 36
14 44 37
16 42 36
20 44 35
21 41 35
18 40 35
13 43 35
12 42 33
8 43 32
9 42 30
10 44 29
15 40 30
18 41 32
22 40 32
19 42 33
15 42 32
13 43 32
6 44 34
6 46 34
14 44 37
20 42 34
22 40 33
23 41 34
17 43 33
11 42 32
12 42 33
5 46 31
5 46 30
10 42 30
18 42 33
21 40 33
23 39 31
21 40 32
11 43 30
12 46 30
5 49 33
9 45 34
17 42 34
20 43 32
23 40 34
23 38 35
13 41 36
2 43 32
3 45 31
8 40 28
17 41 32
23 41 33
23 40 34
19 40 31
12 43 30
12 42 31
7 46 34
4 46 34
11 43 36
18 43 36
20 41 34
20 41 33
20 41 32
13 43 33
13 42 30
4 47 30
7 44 30
16 41 31
23 42 33
21 40 31
18 41 30
11 42 29
12 45 31
8 47 33
8 47 33
9 44 32
18 40 33
21 41 32
21 39 31
19 42 32
13 43 30
13 41 32
8 45 32
7 46 29
11 41 31
19 39 33
22 40 34
21 39 32
15 44 31
15 44 33
10 46 33
6 47 34
13 44 34
13 44 35
18 40 35
22 41 35
19 42 34
16 42 33
13 44 33
8 45 34
9 46 32
10 43 29
19 39 30
22 40 31
21 39 30
19 42 31
7 47 35
12 47 33
15 44 33
13 46 34
11 46 34
15 44 34
23 39 36
24 39 36
15 38 36
12 41 32
2 44 29
2 47 30
10 43 33
17 40 31
19 39 31
22 39 31
19 41 31
15 42 30
14 44 33
3 48 32
2 45 33
14 43 36
16 41 40
18 40 35
21 39 33
17 41 34
12 42 32
11 41 32
8 45 32
7 44 32
9 42 31
16 41 33
19 39 32
21 40 33
20 44 33
13 44 32
14 45 31
4 49 34
6 44 34
6 51 35
12 40 40
17 47 36
19 53 33
19 53 34
23 57 38
26 50 38
32 44 39
37 43 38
38 45 39
42 47 43
41 41 47
40 40 50
40 34 50
40 37 50
43 36 51
43 34 50
43 35 50
42 34 51
41 34 51
42 34 52
43 34 50
42 35 50
43 35 51
42 36 51
