38 40 45
38 39 43
38 40 41
36 41 39
32 51 39
27 56 38
24 52 36
20 51 37
15 48 37
13 48 37
9 45 36
9 42 35
12 42 35
15 41 34
16 40 34
20 39 33
19 40 33
15 40 32
14 41 33
4 43 33
0 45 34
10 43 37
12 39 35
18 39 33
19 40 36
18 39 35
20 39 36
16 40 36
11 39 34
12 40 35
8 41 34
3 41 33
3 41 30
11 39 33
15 39 33
19 37 32
18 38 33
19 39 33
15 40 32
11 41 33
5 42 34
3 40 35
5 42 37
14 39 38
15 38 37
18 40 37
21 39 36
19 40 35
14 40 36
11 39 34
7 42 33
4 40 30
1 41 29
14 39 30
15 38 32
14 36 30
13 38 31
18 38 32
16 40 33
15 43 31
14 45 29
14 43 29
11 43 30
7 43 33
8 42 35
11 41 35
15 40 33
16 41 34
20 40 35
21 38 34
17 39 34
9 42 34
8 40 34
6 41 35
5 39 34
9 39 31
10 39 30
17 35 24
17 42 32
20 36 33
17 36 33
14 40 34
10 40 34
13 41 34
8 42 34
7 41 35
4 41 35
12 40 36
13 38 34
17 38 35
17 38 35
20 37 34
21 39 35
13 40 34
8 39 33
7 42 35
5 39 36
4 38 34
8 39 32
14 39 32
15 37 31
17 37 31
18 37 32
17 38 32
15 39 34
12 41 36
5 40 34
4 39 37
7 38 39
12 37 36
13 37 36
14 38 35
17 38 34
20 36 34
18 40 36
15 41 38
10 42 36
12 40 36
8 42 37
3 42 34
7 41 32
15 38 33
14 38 34
16 36 33
20 38 33
19 38 34
13 43 35
12 42 35
8 45 37
7 42 37
6 40 37
12 37 39
13 37 35
15 38 35
17 39 35
15 39 34
16 39 35
18 38 36
15 40 36
13 41 37
11 43 37
3 42 35
5 39 30
8 40 32
14 37 32
19 38 31
21 38 32
19 39 33
15 40 33
10 42 34
10 41 34
1 39 32
0 42 36
14 37 37
14 35 34
16 38 36
15 37 34
16 37 34
19 39 34
16 38 34
13 39 34
8 41 34
6 40 32
7 39 32
10 38 32
12 38 32
14 38 32
15 38 32
17 37 32
17 38 32
14 39 32
11 41 33
12 40 33
5 39 33
6 41 35
8 38 35
13 38 35
15 39 36
15 39 35
18 38 34
18 37 35
14 40 34
11 37 34
12 38 34
5 39 33
6 37 30
10 39 32
12 39 31
15 37 33
15 38 32
17 37 31
17 37 31
13 39 31
11 38 32
11 39 33
7 39 33
2 43 36
10 38 36
13 39 38
12 43 36
16 41 36
19 31 34
20 36 35
17 42 35
12 42 36
4 46 37
1 42 32
5 40 34
9 41 33
10 43 32
10 50 33
12 56 32
21 54 38
34 39 39
41 37 39
41 36 42
37 36 47
36 39 51
35 39 52
37 36 52
36 41 53
39 36 52
39 35 49
39 36 51
