35 42 46
41 45 37
35 41 45
35 41 43
30 39 41
24 53 48
19 49 44
16 44 39
15 46 42
15 42 40
13 39 39
13 41 38
16 41 37
17 37 36
17 38 35
13 36 36
10 38 35
8 41 37
2 38 34
7 36 33
12 37 34
16 39 34
20 35 34
21 34 31
15 37 32
10 39 33
5 39 35
2 38 36
6 36 38
18 37 38
18 36 36
19 38 36
19 38 36
12 38 35
8 36 34
7 36 33
6 35 32
2 36 31
13 35 33
17 35 33
18 36 34
19 36 33
15 37 34
7 38 33
10 37 35
5 37 36
3 36 35
13 35 37
20 35 36
21 34 35
17 35 33
10 33 32
5 32 30
2 34 29
6 31 29
12 34 32
13 37 31
20 34 32
21 34 32
14 36 32
4 34 32
7 34 34
5 33 34
4 37 36
14 36 36
17 37 37
19 35 37
19 34 37
14 35 34
8 35 34
4 35 34
1 36 32
8 33 29
15 34 31
19 36 32
20 36 32
17 36 33
12 38 33
10 36 33
6 38 36
0 36 34
13 33 36
20 36 36
17 34 34
20 35 35
14 37 35
10 33 30
1 37 33
5 35 30
9 35 30
14 37 33
18 36 34
20 36 33
16 38 34
11 38 35
8 38 35
7 40 36
0 40 36
12 35 37
19 36 37
15 35 35
18 36 34
19 37 34
12 35 33
10 36 32
1 39 33
1 38 32
11 34 31
18 35 33
18 37 33
20 35 33
18 36 32
10 36 33
5 38 34
2 40 34
3 38 36
18 37 36
20 37 36
20 36 36
18 37 35
11 36 34
9 36 32
4 37 32
7 36 29
7 35 31
16 35 32
18 36 32
21 35 31
17 36 30
9 38 31
7 37 32
6 38 33
7 38 37
8 34 35
18 36 37
18 35 37
22 35 35
15 36 35
8 35 31
4 36 31
3 37 32
3 35 32
11 34 32
20 34 34
20 33 31
20 34 31
13 36 31
9 36 33
4 38 34
2 38 36
9 36 38
18 38 36
20 34 36
23 36 36
14 35 35
7 33 31
2 36 33
4 35 30
7 33 32
14 34 34
19 35 34
20 35 32
16 37 31
11 37 32
6 38 36
0 40 38
1 44 42
8 43 42
14 36 40
16 45 41
19 44 43
22 41 42
26 40 42
31 47 47
34 44 45
36 46 46
39 44 46
38 42 48
39 42 48
38 36 51
39 37 51
40 36 52
42 37 51
41 37 51
41 37 50
41 37 51
41 37 51
41 37 51
41 37 51
40 37 49
41 38 53
42 37 51
40 36 50
