35 33 47
36 36 47
34 37 46
34 36 41
30 40 47
22 47 57
19 39 45
17 35 48
17 38 47
15 33 43
13 34 43
13 28 44
17 33 42
14 33 38
15 33 38
13 33 39
11 27 39
0 38 37
8 34 34
13 34 36
16 35 34
18 36 35
17 35 34
17 34 35
11 36 36
13 32 36
7 37 41
2 37 40
4 35 39
14 34 41
18 33 38
19 35 36
21 35 36
19 36 36
14 36 36
12 35 37
1 35 37
0 37 31
5 38 37
12 35 35
17 36 37
16 35 34
18 35 36
18 36 35
19 35 33
15 39 34
15 37 34
0 39 36
0 38 39
11 40 40
14 37 34
16 41 36
19 38 34
18 38 35
17 37 35
18 36 36
14 32 37
15 37 35
0 38 30
1 39 34
12 38 33
19 37 35
20 38 33
20 36 34
15 37 33
11 39 34
17 37 34
2 39 34
3 37 35
8 37 37
12 34 38
16 31 37
18 35 36
19 37 35
16 37 34
14 36 35
7 37 35
0 37 32
1 38 35
14 38 34
23 34 36
20 36 32
18 37 33
19 37 33
15 39 36
13 36 34
0 36 33
0 37 35
10 36 39
17 35 42
17 37 36
15 37 34
17 38 35
15 37 34
12 37 32
15 37 33
3 37 33
0 38 33
3 37 34
14 35 33
19 37 36
18 36 32
20 35 32
21 36 32
17 37 33
17 37 34
0 38 35
0 36 35
10 39 41
16 32 37
16 34 36
18 35 36
19 34 34
16 36 34
15 36 36
20 37 37
0 41 37
0 34 31
8 36 35
16 37 33
18 38 32
16 39 34
12 39 34
9 42 37
10 42 40
13 42 43
11 44 43
15 43 42
23 40 39
25 44 44
24 51 49
25 49 47
28 43 43
32 42 44
38 42 46
38 41 49
35 39 53
34 36 50
35 37 53
36 39 50
38 36 52
38 37 53
38 38 52
37 37 53
37 36 53
37 36 52
37 36 52
37 37 53
37 37 51
36 36 54
36 34 53
38 38 50
