36 36 50
36 36 50
35 34 51
35 34 49
34 39 52
36 41 49
36 35 45
33 41 46
31 47 50
26 53 57
29 41 48
30 45 50
29 40 45
30 43 43
31 43 44
32 40 43
31 33 41
26 42 47
17 44 45
1 57 49
11 40 38
17 45 40
19 39 38
18 39 37
21 35 35
15 40 35
15 43 34
11 40 33
0 39 32
3 43 36
11 42 35
19 40 33
22 36 37
20 32 34
16 34 33
12 36 32
7 37 35
5 33 39
4 37 35
5 38 32
16 38 36
19 39 34
20 36 34
21 35 32
19 36 32
12 37 34
12 39 35
3 38 36
1 39 38
8 37 37
17 35 36
18 35 35
21 32 33
21 36 36
15 38 36
10 38 32
0 42 36
1 36 29
13 34 32
16 39 29
26 40 36
11 33 36
18 31 33
12 33 33
13 38 35
10 36 38
0 39 36
14 35 40
11 35 35
22 35 40
21 37 36
20 37 35
12 35 35
0 38 33
0 41 34
8 39 34
11 37 35
17 36 32
19 38 35
18 37 34
20 35 34
14 37 34
8 37 34
5 39 33
2 44 36
13 38 37
16 38 35
19 37 34
20 35 35
18 35 35
10 36 35
0 40 37
1 39 37
6 38 35
16 37 35
20 36 35
21 35 35
22 41 31
17 42 33
14 40 34
4 41 33
0 44 35
4 34 35
13 39 39
21 34 44
22 35 39
17 37 34
17 40 33
11 37 34
2 39 35
0 41 35
11 37 32
17 36 33
21 38 32
21 37 34
20 38 32
14 38 34
3 43 35
2 40 36
2 43 39
14 35 40
17 37 39
21 36 38
20 36 34
16 38 36
13 39 35
0 37 30
2 40 38
2 48 37
11 49 39
18 45 39
22 39 37
28 43 36
33 52 36
36 51 38
38 52 46
41 49 50
31 50 58
33 39 53
36 34 46
35 38 49
36 40 51
37 38 51
38 40 50
38 40 50
36 39 50
37 39 54
37 38 53
37 39 52
