35 37 49
36 39 46
37 38 41
32 43 44
28 40 42
21 46 45
12 48 53
14 41 44
15 39 42
13 39 40
12 38 39
15 40 38
19 37 38
19 36 37
15 37 36
12 38 35
13 32 42
0 42 35
2 38 31
8 37 33
18 36 35
17 36 35
21 34 33
19 36 33
15 37 34
12 37 33
13 37 36
0 37 36
1 37 41
13 34 42
19 32 37
22 38 37
21 37 35
20 36 36
13 37 37
14 34 37
1 39 38
1 37 32
6 39 38
16 35 35
19 37 36
19 36 34
19 38 34
15 37 33
14 38 33
17 37 37
0 40 32
0 34 36
19 35 37
16 17 41
20 30 35
23 38 34
16 38 36
17 36 31
0 39 32
0 39 28
8 40 34
20 35 34
22 36 33
23 36 32
19 37 33
13 37 34
0 42 36
0 41 39
12 35 38
18 35 37
20 37 36
21 36 34
19 38 34
13 37 34
2 38 31
0 39 28
5 38 33
14 35 32
19 34 32
21 35 31
19 35 31
16 39 32
17 37 34
0 41 34
0 41 36
11 38 41
20 37 38
19 35 36
21 35 34
20 35 35
12 38 33
16 35 33
0 38 32
0 38 30
15 38 33
19 37 35
22 33 31
22 37 32
16 38 32
17 38 32
10 40 37
0 42 35
3 43 41
15 38 38
22 36 37
24 37 36
16 38 38
0 44 39
0 45 30
3 47 37
14 42 33
18 45 35
20 47 37
23 51 44
28 45 45
29 55 43
33 45 43
35 42 41
38 36 47
37 37 49
35 36 50
39 36 51
40 36 55
39 34 53
41 35 51
39 35 53
39 35 52
40 33 53
40 35 51
40 34 53
41 33 52
40 35 51
