18 37 36
18 37 35
19 37 36
11 39 34
10 39 35
4 37 35
0 41 38
10 38 39
15 37 36
17 37 37
18 39 38
18 35 36
18 36 35
17 37 35
11 37 37
0 38 37
0 37 30
11 35 32
18 38 34
21 38 33
20 39 35
18 37 33
18 38 34
13 41 36
0 43 33
2 37 39
9 30 37
14 31 36
18 35 38
20 37 36
19 38 35
14 37 35
7 39 36
9 37 36
0 33 40
0 42 34
11 36 34
20 35 34
22 34 31
22 36 31
19 37 33
11 38 34
0 38 33
0 41 37
15 37 39
16 29 38
21 35 37
20 36 35
19 37 35
12 36 34
0 40 33
0 40 33
11 39 35
17 37 33
19 37 33
18 37 33
18 35 31
15 37 35
7 39 35
0 40 36
8 43 39
10 40 38
16 39 38
20 38 37
18 35 36
19 38 36
15 37 35
2 41 37
0 38 31
2 43 34
19 38 35
20 36 32
20 35 33
20 37 33
15 38 34
11 41 35
1 43 35
4 43 39
12 40 38
16 38 37
20 38 38
20 38 36
17 39 37
11 38 34
4 38 32
5 40 36
2 41 34
11 36 32
17 35 33
18 37 34
14 35 33
18 38 33
19 37 34
16 41 36
12 41 34
6 44 36
7 42 39
3 42 38
15 36 38
20 37 38
16 36 38
18 36 36
18 38 37
15 41 38
14 41 38
6 48 37
6 46 35
10 42 35
14 44 35
13 42 35
14 46 36
18 43 36
20 49 39
25 56 44
33 53 44
39 46 44
39 46 50
31 46 49
30 42 49
34 41 48
35 38 52
37 39 52
36 37 50
39 39 51
37 36 50
38 37 52
38 38 54
38 38 53
