37 40 43
35 42 43
33 43 43
29 45 42
23 50 48
21 46 43
15 39 40
10 49 40
11 45 39
11 39 37
14 39 38
16 39 37
16 39 37
17 38 38
14 39 39
12 38 38
3 40 36
5 37 31
7 37 31
14 36 30
16 37 33
14 40 34
16 37 33
19 37 33
20 38 35
8 38 33
13 36 36
5 38 38
1 40 35
14 38 37
18 36 39
21 36 37
17 37 36
14 38 36
11 37 35
8 38 35
3 37 34
5 37 32
10 34 32
15 36 34
17 36 34
20 35 32
17 36 34
12 38 35
8 37 35
8 37 37
6 37 36
9 39 38
15 36 38
21 36 38
20 36 36
17 36 34
9 38 35
2 41 31
7 42 36
5 36 36
13 37 31
20 37 32
19 38 32
18 35 30
12 40 32
12 42 35
9 43 37
8 42 38
10 41 39
14 34 39
18 36 38
17 36 35
17 35 35
14 37 36
8 35 32
3 36 32
6 37 33
10 38 34
20 36 35
22 37 35
20 37 34
13 36 32
10 36 31
4 39 38
1 39 39
10 35 36
17 36 36
21 35 35
23 35 35
17 36 34
11 36 34
4 37 34
3 40 33
3 38 34
16 36 34
20 36 34
21 37 35
20 38 32
16 37 32
12 40 36
5 43 36
3 43 34
5 40 35
16 39 35
19 37 34
20 38 35
18 38 35
13 40 34
9 38 33
3 42 35
4 41 32
9 37 31
18 37 34
18 37 35
21 35 34
19 40 33
11 42 33
11 42 33
9 41 36
2 43 36
9 39 37
19 41 37
18 38 34
18 39 35
17 37 34
12 34 35
12 36 31
0 41 33
6 38 35
11 38 34
19 38 36
17 36 33
19 35 32
16 36 32
12 36 33
5 39 36
1 38 36
9 39 38
16 38 39
19 37 36
17 37 36
18 36 36
13 35 36
7 37 33
2 32 33
7 35 32
9 39 31
15 40 34
18 39 33
18 36 32
18 35 31
12 37 31
12 37 34
2 39 36
2 37 31
5 40 38
12 35 36
17 33 36
21 33 35
20 37 34
14 37 34
9 37 33
1 39 33
2 38 32
12 37 33
19 36 35
19 35 36
18 36 32
11 41 34
11 41 36
0 45 39
4 45 43
10 44 43
23 36 43
16 44 42
13 47 44
16 47 42
23 42 44
30 42 44
31 41 43
35 40 51
34 35 48
33 38 49
34 34 52
36 37 54
38 35 51
38 37 52
39 39 51
39 38 53
38 37 53
