29 41 50
27 41 51
27 39 49
27 40 48
28 43 45
27 47 39
28 51 35
24 57 37
22 50 38
18 48 36
14 45 36
11 37 38
11 38 38
10 41 42
11 38 39
14 36 39
16 36 42
18 37 41
19 35 40
23 34 39
26 30 39
23 36 39
0 44 37
0 47 39
4 36 37
13 40 37
18 36 37
21 36 37
19 38 35
21 36 35
18 37 39
1 40 41
7 38 50
15 37 41
20 31 42
26 32 39
25 37 32
20 41 34
4 40 31
0 41 33
8 42 34
14 39 30
23 41 35
20 40 33
20 37 34
14 41 34
2 45 38
0 51 40
17 46 40
19 42 37
24 37 35
22 40 35
18 41 35
16 40 36
0 44 35
1 44 33
16 40 34
22 40 36
19 42 34
20 38 35
18 40 34
8 43 33
1 44 33
12 49 45
18 45 38
23 39 37
22 39 35
20 40 34
20 40 34
5 43 32
0 46 32
8 41 33
20 39 35
21 40 35
21 40 34
19 41 34
18 44 36
8 46 36
0 49 38
14 42 44
19 43 36
22 37 35
24 38 34
20 39 34
20 39 34
6 44 33
0 52 34
2 44 34
17 44 36
22 44 35
26 42 34
24 39 32
23 42 34
15 46 35
0 56 36
8 46 41
17 49 39
24 37 35
24 39 36
18 41 35
18 40 36
18 41 35
0 52 34
0 50 34
9 44 34
16 42 36
21 41 35
23 39 34
22 44 34
22 42 36
14 45 39
1 42 39
7 36 51
12 43 40
18 38 36
22 38 35
24 38 36
23 39 37
18 39 37
0 41 37
0 46 38
10 40 35
18 38 35
21 37 34
21 38 32
22 40 33
14 43 35
6 56 42
5 50 42
20 44 40
19 41 36
22 43 32
26 39 36
22 46 33
16 51 33
1 62 31
13 52 37
19 46 36
24 45 34
25 46 35
27 46 35
25 55 39
24 60 43
21 60 47
27 50 46
28 39 44
33 37 40
31 38 42
30 38 44
31 44 57
29 46 63
31 40 56
33 35 51
34 38 46
32 36 42
33 35 43
32 37 52
27 39 62
24 41 63
27 36 55
29 37 48
30 36 45
29 36 48
27 37 52
28 42 57
27 43 56
28 39 51
28 38 49
30 38 48
29 39 50
29 40 51
30 39 52
31 37 52
30 39 52
31 39 53
29 39 54
29 37 52
30 40 51
28 38 51
28 38 52
