37 40 48
37 41 50
35 38 45
34 38 46
31 36 46
27 38 47
22 44 48
11 48 43
10 45 43
13 45 38
16 42 38
18 39 37
19 40 37
17 40 38
10 42 38
1 46 37
2 44 37
14 40 34
19 37 32
17 39 33
22 36 32
22 38 34
16 39 35
12 40 36
8 45 41
0 42 37
11 40 41
21 43 38
18 39 35
20 37 36
19 40 36
12 38 36
10 38 35
7 40 34
3 42 33
8 39 33
18 37 33
24 35 35
20 37 33
11 39 33
12 41 36
6 43 36
5 43 40
5 44 41
20 38 40
21 37 38
22 38 37
19 39 37
12 39 36
6 37 34
4 39 35
4 40 34
10 37 33
20 37 34
23 36 35
24 37 35
14 38 33
12 39 37
0 42 37
3 43 40
15 40 40
19 38 37
23 36 37
22 37 37
12 38 38
8 39 35
0 42 36
5 39 33
17 36 33
19 38 34
22 38 34
16 38 35
11 38 36
2 43 37
4 42 41
13 39 40
17 38 36
20 38 36
22 37 36
17 40 35
12 38 35
4 39 34
2 42 35
7 42 35
17 38 34
21 38 35
22 37 34
23 39 33
13 41 36
7 42 35
3 43 37
3 41 37
16 39 37
19 37 35
19 39 35
20 37 34
14 39 34
13 37 33
2 41 34
2 42 31
11 38 32
19 37 34
20 37 34
21 37 33
16 39 34
12 39 34
7 41 35
4 39 36
1 41 37
20 38 38
21 38 36
20 38 35
20 37 36
16 38 36
8 38 35
0 42 35
2 41 33
9 39 34
19 36 34
21 37 33
18 37 33
17 39 33
12 39 35
0 43 36
6 40 40
10 38 40
18 38 37
18 38 37
20 37 35
20 38 36
12 38 36
11 36 34
2 42 35
2 39 34
8 37 33
19 37 35
20 36 35
20 36 34
18 38 34
12 39 34
12 40 36
1 41 36
3 39 39
13 39 38
16 38 38
20 37 37
20 37 37
19 37 36
11 37 34
1 40 33
3 41 32
7 39 34
18 37 35
23 37 35
21 37 34
17 38 35
11 39 34
8 40 37
0 40 37
0 39 40
13 35 41
19 34 39
18 35 36
13 37 37
9 37 37
11 37 35
10 38 35
11 41 35
11 46 37
13 47 40
17 51 42
22 49 43
27 49 44
33 44 40
37 41 42
37 39 46
37 39 46
36 36 50
37 34 53
37 35 52
39 35 51
40 37 52
40 38 52
40 36 52
40 36 52
41 37 51
40 37 50
40 37 53
41 36 52
40 36 50
