35 35 51
36 36 48
36 38 48
35 36 45
33 39 43
28 43 44
21 53 49
19 45 42
14 47 43
18 42 43
20 40 39
19 39 40
17 38 38
13 38 38
10 39 38
6 35 39
1 39 33
4 38 33
17 34 33
22 37 33
20 35 31
20 36 32
12 41 34
2 42 35
4 41 39
14 39 45
16 37 38
16 38 37
17 39 36
18 37 36
18 37 34
13 37 35
13 37 36
1 31 38
1 39 34
11 36 32
20 35 34
18 37 33
21 35 33
18 37 34
10 39 32
5 39 36
1 41 36
7 39 41
15 32 43
20 39 40
21 39 36
19 38 34
17 37 35
15 37 36
13 36 34
4 38 36
1 41 34
5 38 35
17 36 34
21 37 34
22 36 34
19 35 33
12 38 33
5 44 38
2 43 37
3 43 41
18 40 42
19 38 38
20 38 37
20 38 38
17 38 37
12 35 37
2 36 34
6 39 34
5 38 34
10 35 32
19 37 35
22 37 36
23 36 34
14 38 35
8 38 35
2 41 37
3 43 40
9 40 41
17 35 41
23 39 38
23 39 34
19 37 36
12 39 35
8 38 33
0 41 33
2 39 31
12 37 33
18 38 35
21 37 35
21 36 34
17 39 33
5 41 33
0 40 34
2 40 35
14 27 47
21 35 39
21 41 32
20 37 32
14 41 33
6 38 31
3 40 31
4 40 32
14 35 31
20 34 33
22 36 32
18 39 31
12 40 32
18 38 34
6 44 36
1 41 37
12 40 37
16 37 35
22 31 33
25 36 32
0 40 30
7 39 29
10 39 31
15 36 31
20 35 33
24 37 35
8 44 38
2 38 43
13 38 40
13 39 38
20 36 35
18 36 33
3 38 28
1 39 31
18 38 34
20 38 37
20 38 34
17 37 34
13 38 35
0 39 37
2 39 40
12 36 43
16 38 37
20 37 35
22 36 36
19 36 36
13 37 38
0 42 37
2 42 34
10 41 33
17 38 36
19 39 36
20 37 34
20 39 35
14 42 36
9 45 40
0 56 48
7 50 44
19 45 45
26 39 42
24 45 46
24 50 51
25 46 50
30 42 45
36 39 46
39 40 46
39 33 45
38 35 49
38 39 54
40 37 52
40 36 52
40 37 52
42 36 51
41 35 51
41 34 51
40 36 51
40 35 53
42 35 49
