50 37 33
28 43 49
27 43 50
27 44 48
28 42 47
28 44 46
29 46 45
29 48 43
27 51 42
26 52 40
25 51 40
23 52 39
21 49 39
19 52 39
17 49 39
14 50 38
17 47 38
18 45 37
18 47 38
20 48 38
21 46 37
20 44 38
20 47 38
18 47 37
16 49 37
16 49 35
19 45 35
16 44 34
15 44 35
12 43 36
11 44 43
16 42 40
18 40 38
16 40 36
16 39 36
18 38 36
20 38 37
22 38 35
17 41 37
0 44 35
1 48 34
11 43 35
14 42 35
19 40 36
20 41 34
18 38 33
20 37 34
20 38 34
10 44 35
0 47 38
9 44 45
14 40 37
20 36 38
20 37 34
17 37 34
18 38 34
19 36 33
11 39 33
0 40 34
2 41 34
11 41 37
20 38 35
22 39 34
20 38 32
20 38 32
12 41 33
0 42 33
7 43 44
10 41 39
19 33 39
19 37 37
19 39 35
20 39 35
20 38 33
9 40 32
0 43 32
5 41 34
11 39 35
20 40 31
21 40 36
19 39 35
19 39 34
14 41 33
0 43 35
7 41 45
13 43 37
19 39 36
23 38 33
21 38 34
19 38 33
11 40 33
0 40 33
0 43 32
10 38 36
18 38 36
20 39 35
18 40 35
18 40 34
18 40 33
10 41 33
1 43 35
10 47 45
16 43 41
22 40 38
24 40 36
19 39 34
17 39 34
19 40 34
1 46 32
3 48 33
9 48 35
16 43 36
18 39 36
21 40 34
20 42 35
19 41 34
12 44 36
4 46 37
6 41 38
19 44 37
19 38 37
20 41 36
20 40 35
19 40 34
18 41 34
7 47 33
0 51 33
6 44 32
12 43 34
18 41 34
19 41 33
19 41 33
20 40 34
20 41 35
13 48 37
2 55 36
12 48 39
18 42 37
25 42 36
24 41 34
21 41 34
20 41 34
8 47 33
1 50 32
3 49 31
15 45 32
17 45 34
21 39 34
21 40 33
18 40 33
17 43 31
7 45 31
2 52 30
10 50 37
19 48 37
24 43 36
23 40 34
21 43 34
21 41 35
18 42 34
3 47 33
2 48 30
7 46 32
17 43 35
21 41 34
19 39 32
18 40 32
17 44 33
8 49 33
7 55 37
12 51 42
20 45 39
25 42 37
23 42 37
23 44 36
21 44 36
14 54 38
9 55 39
15 53 42
22 50 40
27 45 38
29 43 37
29 44 35
24 49 36
20 61 44
15 62 55
23 51 52
28 43 44
31 40 42
29 39 44
25 45 50
21 48 53
27 48 51
29 45 48
30 42 46
31 41 45
31 43 46
31 44 49
32 43 52
30 40 53
29 38 51
30 38 51
29 37 54
29 38 52
30 36 53
32 36 51
30 36 53
30 38 52
29 38 52
30 40 51
30 39 52
32 40 51
31 39 52
33 40 52
32 40 52
