37 36 45
37 38 45
37 36 45
32 42 48
30 36 44
22 39 47
12 55 57
14 37 41
19 38 40
18 40 43
22 37 40
20 39 39
16 40 39
15 36 39
0 43 40
0 42 36
12 38 34
15 38 35
19 36 34
20 37 34
19 36 35
14 38 36
14 39 35
11 41 38
0 41 38
5 39 41
12 39 41
21 35 38
23 35 37
19 38 37
14 37 38
22 34 34
0 36 35
5 39 34
7 39 34
10 40 36
16 37 34
21 37 34
24 36 36
5 43 37
1 42 39
6 41 41
13 39 38
17 37 35
17 38 36
18 39 35
18 37 36
2 39 38
0 41 33
13 40 35
15 39 35
17 39 34
18 39 33
18 39 33
16 38 34
17 36 34
1 39 36
1 36 37
3 43 41
14 36 39
19 36 36
21 38 36
21 35 36
18 40 36
11 40 38
7 40 39
2 37 29
7 40 34
15 37 33
17 38 35
20 37 34
17 38 33
16 36 32
19 36 29
1 39 33
2 46 44
13 41 44
20 36 37
23 37 34
22 39 36
19 39 33
8 38 34
0 42 31
5 39 34
15 39 34
23 38 34
27 38 31
15 41 39
4 47 40
3 43 40
12 42 42
20 37 38
16 43 39
0 58 37
2 50 35
9 52 41
20 47 40
20 46 39
26 47 41
28 51 45
36 43 44
38 40 46
38 39 46
38 34 47
37 36 52
34 36 52
40 34 54
41 34 50
41 35 51
41 34 51
41 34 51
40 33 51
42 34 53
40 36 51
41 34 53
42 32 51
41 33 51
