37 43 45
35 42 44
33 40 43
30 38 41
25 41 44
15 60 49
15 47 46
18 43 44
18 40 40
18 39 40
20 39 39
16 40 38
13 38 39
4 40 38
0 40 30
8 38 33
13 37 33
20 37 35
22 36 34
18 38 32
12 38 33
14 37 37
0 42 38
10 41 43
14 41 40
15 32 36
22 35 37
24 37 38
27 34 34
6 39 36
0 39 25
7 39 35
12 40 35
27 33 32
27 34 35
1 39 35
0 41 39
13 39 40
23 36 36
23 38 36
16 39 37
2 42 37
2 41 31
6 39 30
17 36 32
16 36 30
20 36 31
14 39 30
19 40 34
18 44 36
18 43 38
0 47 38
0 45 42
10 43 39
20 39 40
21 39 35
20 38 35
17 38 36
14 38 36
3 42 40
9 44 37
10 45 36
9 47 36
12 47 39
22 45 43
24 43 42
27 43 44
29 46 47
32 46 49
36 42 47
37 44 48
38 41 45
39 38 46
38 40 46
38 40 52
40 35 51
40 36 52
40 36 52
40 38 52
40 34 51
40 35 52
39 35 53
39 35 52
39 36 52
40 35 52
40 35 52
38 35 52
38 35 52
40 35 54
39 35 52
38 36 52
39 34 51
39 35 53
39 36 52
39 34 50
