35 44 46
37 40 43
34 48 45
30 42 42
28 42 43
22 47 47
16 50 40
19 44 45
17 41 40
17 40 40
16 39 41
13 39 41
11 39 39
3 42 40
4 41 37
3 38 34
12 32 31
17 33 32
16 32 29
23 32 31
17 34 32
8 37 36
2 39 37
0 38 40
7 40 41
13 35 41
18 37 38
21 35 37
20 37 36
14 35 35
11 35 33
1 29 29
0 33 27
12 38 31
17 33 32
15 36 30
17 34 32
19 37 32
14 36 32
12 37 32
2 35 32
1 36 31
5 39 33
17 35 33
21 36 34
21 37 34
17 38 34
14 36 35
7 38 33
5 37 31
1 37 31
6 36 32
20 35 35
17 36 36
19 35 34
21 34 32
16 37 32
9 37 34
4 35 35
1 35 34
8 33 42
15 38 38
20 36 34
21 37 35
16 37 34
14 35 36
5 31 32
0 38 35
3 38 33
17 37 35
19 37 35
21 35 33
20 35 31
14 36 33
11 36 34
4 38 36
1 38 38
9 38 38
15 32 36
17 34 38
19 34 37
19 37 36
11 39 36
6 34 31
1 38 31
7 36 31
14 38 33
15 37 32
19 35 31
18 37 35
12 36 33
12 36 34
2 37 34
0 34 36
10 37 33
17 42 41
18 37 35
20 37 33
21 37 32
16 38 32
11 38 32
3 39 32
0 37 31
7 36 35
17 38 33
19 34 31
19 36 29
16 38 32
11 38 32
1 38 30
2 40 35
12 40 37
15 36 34
17 37 37
18 34 37
14 33 35
12 36 33
13 35 33
2 40 34
3 38 32
10 35 34
17 37 36
19 36 34
22 35 34
19 35 33
11 37 34
4 37 35
3 37 35
6 37 38
11 36 38
19 33 38
19 33 39
17 34 38
13 32 35
1 34 30
1 36 32
7 37 34
15 35 33
21 33 33
21 34 32
17 35 32
13 35 32
7 35 33
0 38 34
1 39 39
15 34 39
18 35 35
17 36 38
18 36 38
19 36 37
17 35 36
12 35 33
0 37 33
0 37 33
7 36 34
20 35 35
18 34 35
18 32 33
18 37 34
16 37 34
14 37 35
0 37 35
0 35 36
5 36 38
14 35 37
16 31 37
13 34 37
8 40 39
10 42 38
13 39 38
11 39 42
16 39 47
19 40 50
22 35 47
26 35 50
33 39 48
38 36 45
38 33 47
34 39 51
35 37 53
35 34 52
38 36 53
39 36 51
39 36 51
39 37 52
38 37 51
38 36 52
39 36 52
38 35 52
39 37 52
40 37 52
40 36 51
40 35 52
39 36 52
41 36 53
39 36 50
40 37 51
40 37 51
39 37 52
38 38 51
40 36 51
38 37 52
38 37 51
40 36 52
39 35 52
39 37 52
38 36 52
38 37 51
38 37 52
39 35 51
38 36 52
38 36 52
38 37 51
38 38 52
39 37 51
40 37 52
39 36 52
39 36 52
38 36 52
39 37 52
39 36 52
38 38 51
