38 40 47
39 45 44
41 45 41
38 40 41
35 46 47
34 54 48
24 56 48
28 49 46
27 42 44
27 44 37
24 46 41
21 45 40
14 47 38
11 47 37
2 52 35
6 45 30
14 41 32
18 42 32
19 40 32
20 39 32
18 41 33
14 43 33
13 45 32
10 49 36
2 51 35
16 45 37
21 41 38
19 39 36
22 41 36
21 42 35
13 44 33
8 43 31
8 44 33
8 45 31
12 41 31
18 38 31
22 38 32
21 38 32
15 43 31
13 45 32
7 48 33
9 49 37
15 47 39
20 38 36
23 38 37
24 40 35
17 43 34
9 45 33
7 46 35
6 48 33
8 41 31
17 38 31
23 38 33
22 38 33
15 43 32
10 44 32
10 48 35
5 49 35
13 47 37
17 43 36
22 37 35
24 40 34
16 42 35
11 46 36
7 45 33
7 44 34
10 43 31
16 41 32
23 40 32
25 39 33
18 44 33
11 47 33
9 46 35
7 47 37
8 47 38
20 42 37
22 40 35
24 38 35
19 42 35
11 44 32
11 48 33
6 50 34
7 48 30
17 42 31
20 42 32
23 41 32
22 42 31
15 46 33
11 45 32
3 49 35
0 49 35
14 42 34
21 37 35
22 37 33
22 41 31
20 39 33
12 43 33
5 46 33
4 46 31
7 43 29
18 40 31
22 39 32
21 40 30
20 40 31
12 45 31
12 44 34
7 48 33
8 46 35
14 42 34
19 40 36
20 39 35
20 40 35
14 45 36
10 43 32
6 46 32
7 44 30
12 43 32
20 37 31
21 39 32
20 38 32
18 39 30
10 43 32
10 46 34
7 47 34
9 47 38
15 44 36
21 41 38
24 39 37
21 42 35
16 43 34
10 45 32
6 40 30
3 42 30
12 40 31
20 39 30
21 38 30
21 37 30
19 42 31
12 46 33
10 46 33
4 47 35
6 46 36
15 44 36
18 40 40
20 38 34
19 41 34
16 42 33
15 42 34
13 43 35
7 46 33
6 44 31
12 42 33
21 40 33
20 43 33
20 43 33
20 46 33
16 48 35
12 52 38
5 57 40
9 57 45
21 54 45
27 46 43
31 43 42
36 41 41
39 38 45
39 41 46
37 38 44
39 40 50
39 39 52
43 37 51
42 37 51
42 34 52
43 34 52
42 36 51
43 35 51
42 34 51
42 33 51
43 34 51
42 33 50
