12 38 35
13 40 35
12 40 34
13 40 35
12 40 35
13 37 37
13 39 36
13 39 37
13 41 36
13 42 37
15 40 38
15 42 39
18 41 39
18 41 39
17 40 39
12 43 37
9 43 37
14 44 37
14 42 36
15 44 35
18 42 34
18 45 35
18 42 34
19 39 35
20 40 35
18 40 34
17 43 36
8 48 38
1 56 39
14 47 41
15 44 36
21 40 35
24 38 34
27 37 33
22 38 34
6 44 33
0 46 31
4 45 33
16 45 36
21 44 35
19 41 34
22 38 33
22 39 33
17 42 34
3 52 35
2 56 38
14 51 41
18 45 37
24 41 34
25 38 33
25 35 34
17 38 32
9 39 31
0 49 35
2 48 32
14 46 39
21 44 37
27 41 35
24 39 35
20 40 34
10 43 36
0 41 33
0 43 38
13 41 40
21 37 34
25 37 33
27 36 34
22 38 34
13 37 33
0 43 33
0 49 29
12 42 39
19 46 37
20 44 39
22 42 37
23 40 33
18 40 34
0 45 32
0 43 34
5 42 37
16 38 34
22 36 32
27 36 35
26 38 33
21 38 33
1 44 33
0 47 32
10 42 39
18 43 39
22 44 38
21 40 34
24 40 34
14 43 35
0 42 34
0 43 34
4 42 37
15 31 35
22 36 35
22 40 35
25 36 34
21 36 34
9 40 33
0 41 35
0 43 31
17 40 35
22 43 34
23 41 34
21 40 32
17 39 33
0 40 33
0 43 33
4 39 38
15 38 37
20 36 34
26 36 34
25 35 34
18 36 32
6 39 34
0 41 34
5 43 31
15 39 39
21 44 36
24 41 34
21 38 33
12 39 33
0 41 34
1 42 39
15 37 39
18 37 34
24 33 34
25 35 34
18 35 33
8 39 33
0 43 34
3 43 32
16 39 38
22 41 34
23 40 33
23 39 33
16 39 36
0 42 34
3 43 41
13 40 37
16 37 35
25 36 35
22 37 34
16 36 32
0 41 33
0 43 31
12 40 36
18 42 36
21 40 36
22 39 33
12 40 32
0 39 33
4 41 39
15 42 39
18 38 37
22 37 37
23 38 38
18 38 37
1 41 34
0 43 33
7 40 35
16 41 36
19 40 35
13 39 33
4 40 33
12 40 36
14 40 37
18 38 35
19 38 35
11 41 35
3 40 33
18 37 33
14 39 31
11 39 31
14 39 32
11 39 32
13 38 33
12 40 34
13 38 34
12 39 36
13 39 37
14 39 36
12 40 36
13 40 35
14 40 34
12 39 35
15 39 36
14 39 36
13 38 36
13 38 36
13 39 36
13 39 36
12 38 36
13 39 36
12 40 36
13 40 36
13 38 36
12 40 37
12 39 36
13 40 36
12 39 37
13 40 36
12 41 36
13 39 36
14 40 37
13 40 37
13 40 36
13 39 36
12 39 36
14 39 36
