33 33 44
31 37 45
20 44 50
16 35 43
9 45 44
11 43 41
13 41 37
14 39 37
15 37 37
16 38 37
18 37 36
13 38 38
10 38 36
0 41 36
1 36 31
11 34 32
13 36 31
15 37 32
17 35 31
21 35 34
19 37 34
11 37 34
10 36 37
4 39 37
2 38 37
10 37 37
18 37 36
16 37 35
19 37 37
20 37 36
11 37 35
10 36 35
5 38 34
1 36 31
8 35 31
16 35 32
20 35 33
17 35 32
16 36 33
11 37 33
10 37 36
1 36 36
2 38 39
15 38 39
17 37 36
22 35 36
20 36 37
13 37 37
9 38 36
5 36 35
5 36 33
6 35 31
13 36 33
18 35 34
19 35 34
19 37 34
16 35 33
10 37 34
9 38 34
5 37 36
3 38 38
13 36 38
18 37 38
19 37 37
20 38 37
15 37 36
9 35 33
2 34 32
1 38 33
8 36 33
18 36 34
21 35 34
22 36 33
17 36 34
9 36 33
5 38 36
0 37 36
7 37 40
18 35 38
22 34 37
21 37 36
19 39 34
11 37 34
4 37 32
0 38 32
8 36 32
16 36 31
22 36 29
22 35 33
13 39 35
10 37 34
7 39 32
2 37 34
6 37 34
14 37 36
19 37 34
21 37 34
19 37 34
11 36 33
11 36 31
4 40 35
1 37 32
11 35 32
16 34 31
20 36 34
21 35 33
17 37 33
15 36 34
0 42 38
0 44 36
13 38 37
23 38 34
22 37 35
19 38 34
12 38 34
5 36 33
0 40 33
3 33 31
13 34 33
19 35 34
20 33 32
19 35 31
11 36 32
11 38 33
5 39 35
4 38 38
17 40 38
17 37 36
20 36 36
18 39 38
11 37 37
5 34 32
3 34 30
0 35 32
16 34 34
19 35 33
21 35 32
20 35 31
11 37 32
8 37 33
2 36 33
7 37 38
9 35 37
17 35 37
22 37 37
19 34 35
17 36 36
11 36 33
2 37 33
0 36 30
9 37 32
18 36 34
18 38 34
18 35 32
19 37 34
12 40 34
9 44 35
0 50 39
0 53 44
6 50 43
20 46 45
25 41 44
30 41 40
34 38 43
34 40 44
36 38 45
36 38 51
35 41 52
39 36 52
40 36 51
39 38 51
42 38 51
41 38 52
40 38 47
42 38 53
41 37 50
39 36 49
