33 41 43
30 42 46
24 46 46
23 48 48
22 44 46
22 48 49
19 42 45
22 41 42
21 44 40
21 44 39
19 42 38
15 42 36
10 43 34
0 47 34
2 47 32
11 41 33
16 39 33
20 40 32
22 39 33
22 39 32
17 43 32
9 46 35
8 47 37
4 48 37
18 41 38
19 41 37
18 42 35
22 42 35
20 43 35
13 41 34
7 41 32
5 43 36
6 41 31
10 41 30
18 41 32
17 41 33
19 39 33
18 39 31
16 41 31
12 43 33
13 43 31
7 45 33
1 43 33
11 45 36
13 40 35
20 37 35
18 40 35
17 41 33
15 41 33
13 41 31
6 44 34
5 36 32
7 43 28
14 38 31
18 39 32
20 39 33
20 37 32
13 40 32
11 40 32
4 46 34
7 42 34
10 42 36
15 40 36
18 39 36
17 37 34
19 39 35
19 39 35
13 41 36
8 40 34
9 42 34
7 40 30
9 39 30
14 39 32
20 39 33
21 36 31
21 36 33
10 40 32
9 41 34
10 43 35
5 43 36
8 39 36
17 38 35
17 39 35
18 38 34
21 39 34
16 39 34
13 40 33
9 41 33
9 42 33
5 43 31
7 41 31
14 40 33
18 40 33
20 37 32
19 40 33
17 40 32
9 43 33
9 42 34
9 43 34
0 44 35
17 37 35
18 41 36
17 37 34
20 38 34
17 40 32
11 39 33
10 41 32
7 43 32
7 43 29
7 38 28
17 39 31
19 40 32
21 37 31
21 39 31
13 42 31
12 43 32
7 45 32
4 44 36
12 42 35
19 40 37
17 40 35
19 37 34
17 38 33
10 43 32
14 38 32
9 43 32
4 42 30
6 40 29
18 35 29
19 37 32
19 37 30
18 40 31
15 41 31
11 45 34
9 44 33
4 44 33
7 42 34
15 41 35
17 38 34
23 35 37
18 35 35
11 41 34
10 41 32
6 43 31
6 41 29
9 37 29
9 39 29
15 39 30
20 39 32
19 38 32
18 39 32
12 41 31
9 42 32
6 42 33
4 44 34
13 41 37
16 41 35
21 37 36
20 36 35
17 39 34
9 40 33
5 42 32
4 43 31
8 38 30
13 38 31
18 40 32
20 40 31
21 38 30
14 41 31
10 42 31
13 43 35
0 44 34
2 42 36
12 41 36
12 44 37
10 49 36
13 56 34
20 50 33
28 49 35
33 48 39
34 45 42
34 45 47
38 44 46
40 41 47
40 38 49
40 38 48
38 39 49
39 37 52
41 39 51
42 37 51
43 38 52
42 37 51
42 38 51
42 38 51
42 38 50
42 37 51
42 38 51
41 38 50
41 37 51
41 38 50
42 37 50
41 38 52
