13 39 33
13 33 39
13 38 33
11 39 33
13 39 33
11 39 33
14 38 33
13 38 33
13 38 33
13 38 34
12 40 33
11 38 33
13 38 33
12 41 33
12 40 34
13 41 33
14 41 33
14 40 33
15 42 32
14 41 34
16 44 33
16 43 34
17 41 32
19 41 33
17 40 31
16 41 29
13 41 31
8 49 27
11 45 36
15 46 39
16 44 27
9 45 25
9 43 30
14 42 32
16 43 28
14 41 28
13 42 29
14 43 29
13 42 30
15 42 28
15 40 28
15 41 28
14 41 28
13 43 26
14 40 29
13 38 29
12 40 32
10 34 30
10 37 28
10 35 28
17 35 30
13 32 31
10 32 29
11 33 31
10 34 31
12 30 27
10 31 31
10 32 34
13 31 32
13 33 34
14 33 34
11 30 31
10 32 35
12 32 32
11 35 33
9 32 37
8 34 36
12 34 37
12 30 42
8 38 37
17 32 34
28 31 35
31 49 55
26 31 53
17 51 61
25 37 48
25 35 45
18 35 44
11 34 45
14 36 44
14 35 43
13 36 41
13 47 40
13 41 45
15 46 44
16 45 46
17 34 38
9 35 46
13 33 43
16 31 37
16 32 37
12 33 40
12 36 41
15 37 41
14 31 44
15 28 34
9 31 39
13 26 33
19 29 43
21 28 49
19 32 55
15 29 47
17 28 41
22 24 41
20 24 48
20 27 51
20 26 46
17 27 45
18 31 50
18 31 44
21 33 45
19 35 53
16 33 48
19 35 46
20 33 46
19 32 49
19 31 50
19 31 47
18 30 48
19 31 47
20 31 49
19 31 47
20 31 48
19 30 48
19 32 48
20 31 48
19 31 48
19 31 48
18 31 47
20 31 48
19 30 48
19 31 48
19 31 48
19 32 48
19 31 47
20 31 49
20 31 48
19 31 47
17 32 48
17 29 47
18 31 47
20 31 48
19 32 48
19 30 48
19 31 48
19 30 47
19 31 48
19 31 48
19 30 48
19 31 49
19 31 48
