46 18 48
19 49 34
19 48 34
16 48 34
17 49 32
16 45 31
15 43 30
15 43 29
15 46 30
15 41 33
15 41 36
14 41 35
15 42 34
14 41 32
16 39 36
15 43 35
14 43 33
12 40 37
13 42 34
14 42 33
15 41 34
16 40 36
13 38 35
14 38 34
15 37 32
15 36 33
16 39 32
14 34 30
10 34 28
13 35 29
12 32 27
13 33 23
11 31 28
12 31 24
8 25 24
10 33 25
17 37 27
13 39 26
11 31 26
14 35 28
13 33 26
11 31 27
13 35 29
13 36 32
13 34 30
14 39 32
10 40 37
13 42 39
17 39 42
12 42 43
14 37 44
15 28 45
19 37 48
22 39 47
24 42 50
23 44 47
24 41 46
24 35 47
22 32 52
26 39 54
28 40 54
34 42 52
27 38 43
30 48 44
31 38 50
29 48 51
21 44 43
22 41 63
26 40 57
29 54 45
29 40 43
26 32 46
29 39 56
32 41 53
32 38 51
32 32 51
33 27 49
35 35 52
34 33 54
34 35 51
35 39 56
32 27 53
32 38 52
32 32 53
32 28 52
33 31 54
34 32 54
35 36 52
34 33 54
30 29 52
32 31 51
27 23 53
31 25 53
33 28 53
33 29 53
34 29 52
33 28 53
32 28 52
34 28 52
35 28 52
34 29 52
33 29 52
34 29 53
30 27 53
33 28 57
33 29 50
32 30 47
32 24 49
33 41 55
35 41 53
37 41 51
38 48 50
30 39 53
34 45 50
31 42 54
34 37 51
38 33 50
33 36 51
34 35 53
36 34 53
34 32 52
36 31 51
33 34 55
34 34 55
37 37 50
34 36 54
34 40 54
34 38 52
36 34 52
36 35 53
35 38 51
36 37 52
36 37 52
35 37 53
34 38 52
35 37 53
35 38 53
35 37 52
35 36 52
35 37 52
35 36 52
34 36 52
35 37 52
35 37 53
35 37 52
35 37 53
35 37 53
35 36 53
35 37 52
34 37 53
35 36 52
34 36 53
35 36 53
35 36 53
35 35 52
34 37 53
34 35 53
35 35 51
35 35 53
35 34 53
35 37 53
33 36 53
35 37 53
34 36 53
34 36 52
34 36 53
34 35 53
34 37 52
35 34 52
34 35 53
34 35 52
33 36 52
34 36 53
34 34 53
35 36 53
33 36 53
36 35 53
35 36 52
34 35 52
35 36 53
35 35 53
35 36 53
34 36 52
34 34 52
33 36 53
36 36 53
34 36 53
35 34 53
32 35 53
35 35 53
34 36 53
35 34 53
35 34 53
35 35 52
35 36 53
34 36 54
35 34 53
34 35 53
34 35 52
35 35 53
35 35 54
35 36 52
33 35 53
34 35 54
34 35 51
35 35 53
34 35 53
35 34 52
34 35 53
33 36 53
34 35 52
34 35 53
35 36 52
36 34 53
