38 41 50
38 41 49
37 40 50
38 41 49
38 43 53
35 42 50
37 40 50
35 40 48
34 37 46
31 42 48
30 43 48
29 49 48
26 44 45
24 49 45
21 46 43
20 47 42
17 41 41
12 42 40
6 42 39
8 39 37
11 38 38
14 39 37
14 40 37
14 38 35
12 35 37
11 34 40
13 37 36
13 39 35
11 38 37
12 38 36
12 37 37
13 37 37
12 37 37
13 37 37
11 38 37
12 38 37
14 38 39
12 37 39
13 38 37
13 37 37
12 36 37
11 36 38
11 37 37
12 34 38
10 39 39
10 39 37
15 42 36
18 38 38
18 38 37
17 40 36
17 38 36
15 40 35
13 38 36
12 39 34
7 36 35
9 33 36
9 38 38
14 34 36
14 37 37
13 36 37
12 38 41
12 38 44
15 36 41
15 38 46
16 35 47
19 37 50
20 36 51
22 37 51
21 34 48
22 36 48
21 38 50
22 34 52
19 35 55
19 38 53
21 34 50
20 34 50
24 35 51
25 34 52
27 34 56
28 32 54
31 31 55
32 32 52
32 32 51
35 30 48
34 27 47
34 25 46
37 25 48
37 26 49
38 27 50
40 25 50
41 25 50
41 24 49
43 24 51
41 26 52
40 26 50
41 26 49
42 26 50
44 23 50
42 24 49
42 25 51
40 24 50
36 26 47
36 25 47
34 23 47
37 21 47
43 22 48
36 22 49
30 26 53
28 32 56
29 28 53
31 28 53
28 26 53
28 31 54
24 29 51
24 34 52
20 33 49
18 35 49
19 33 47
20 32 44
14 28 46
15 29 45
18 31 47
19 37 40
18 41 40
22 45 41
21 49 43
21 51 43
19 50 44
23 56 42
23 55 43
25 45 43
26 44 39
23 46 47
22 43 48
23 51 43
20 46 46
17 47 40
17 46 37
19 46 39
16 49 36
17 42 41
18 46 36
18 47 38
20 47 38
19 44 37
17 47 43
18 46 42
19 47 40
16 48 43
17 47 40
19 46 41
24 51 35
23 47 35
15 43 45
17 49 38
18 43 43
16 48 39
18 40 43
21 39 47
23 43 43
26 30 53
17 23 49
21 28 50
24 30 50
20 27 50
23 31 48
22 32 49
22 27 53
21 32 51
23 31 50
23 30 49
21 30 50
22 31 50
21 31 50
22 30 50
21 30 50
22 30 49
22 30 50
22 30 48
22 29 50
22 31 50
22 29 50
22 30 50
23 32 49
22 30 50
21 30 50
22 30 50
22 29 50
22 29 50
21 30 50
22 31 50
21 32 50
21 31 50
21 29 50
22 30 49
22 30 50
22 30 49
22 31 50
21 30 50
23 30 50
21 30 50
22 31 50
22 29 50
22 30 50
22 30 50
22 32 50
21 32 50
21 30 49
22 29 50
21 29 50
23 31 50
22 30 50
21 31 49
22 31 50
22 31 49
23 30 50
21 31 50
22 31 49
21 31 49
22 30 50
23 30 50
