12 30 28
12 32 28
11 32 27
12 32 27
11 32 27
12 34 28
12 32 28
13 32 28
11 34 29
13 34 31
11 34 31
12 36 31
13 35 33
11 35 31
12 34 31
12 34 34
12 34 32
11 35 32
12 35 33
12 36 33
12 36 33
12 37 32
11 36 32
12 34 33
12 35 33
10 37 32
11 35 33
11 36 33
11 36 32
10 35 32
12 35 32
13 36 33
12 43 36
11 43 37
10 44 36
12 42 37
16 43 37
15 45 40
17 43 38
17 43 36
17 40 34
21 40 35
19 38 36
18 37 38
13 37 39
12 36 38
12 36 39
11 37 38
14 37 35
11 36 36
7 34 39
8 38 37
9 39 33
12 36 34
10 37 31
8 37 31
11 38 35
14 39 30
12 39 29
12 40 32
14 39 30
15 41 29
13 37 35
12 42 31
15 43 31
13 42 31
12 45 34
11 46 36
15 42 36
14 42 33
9 39 34
8 40 34
9 41 42
16 33 42
20 29 44
11 36 51
13 34 50
14 38 41
17 34 41
17 35 44
19 34 44
14 31 46
13 32 38
14 41 31
14 13 27
12 28 40
11 20 36
11 25 36
12 28 37
14 26 38
14 27 38
15 29 40
12 29 38
9 27 40
9 28 37
6 31 35
8 42 33
22 49 33
29 38 41
24 42 45
22 46 57
16 57 34
9 50 32
15 51 40
16 45 39
17 43 38
16 42 41
15 40 38
16 39 38
17 42 41
20 42 43
19 44 45
17 49 41
18 47 43
22 45 39
14 41 41
16 43 45
15 41 42
16 42 41
21 55 44
22 32 39
22 48 42
22 55 46
20 47 44
19 45 48
16 43 40
15 39 48
17 25 48
16 32 47
18 30 43
21 32 41
24 34 43
25 34 50
28 35 56
16 36 51
14 38 48
19 37 46
18 34 46
19 34 47
19 34 48
17 33 48
19 35 46
19 36 47
19 34 48
19 34 48
19 34 47
18 33 49
19 33 47
19 32 48
18 34 48
18 33 48
19 34 47
18 33 47
17 33 48
19 34 47
20 34 47
18 34 47
18 34 47
19 33 47
18 33 48
19 35 48
18 32 48
18 35 47
18 33 48
18 34 48
17 34 47
19 34 48
19 33 47
18 34 47
18 33 49
19 33 51
23 32 54
26 35 51
27 41 47
26 39 47
21 34 46
19 36 48
13 34 49
17 40 52
26 34 49
25 35 53
24 34 54
24 34 51
24 35 50
24 35 49
23 34 51
24 34 50
24 36 50
23 37 50
24 36 51
23 36 50
24 35 50
23 35 51
24 35 51
23 34 51
23 37 50
23 35 50
24 36 50
23 34 51
23 35 50
23 35 50
24 36 50
23 35 50
23 36 52
23 35 50
24 35 50
23 36 51
23 35 51
23 35 50
25 35 50
23 35 51
22 36 51
23 35 50
25 34 51
23 35 51
23 36 50
24 35 51
23 35 51
23 35 50
23 35 51
23 36 50
23 35 50
23 35 50
24 34 51
24 34 50
23 35 50
23 35 50
24 36 50
25 34 50
23 35 50
