12 30 31
12 30 31
11 29 29
12 29 31
10 30 30
12 32 31
12 33 30
11 32 30
12 31 30
11 31 31
12 33 30
13 34 30
11 34 31
11 32 32
10 34 33
11 35 33
12 35 30
12 34 32
10 33 32
11 33 31
12 33 32
11 35 31
11 34 33
11 34 32
11 34 33
11 35 33
11 36 31
11 33 32
12 34 31
13 34 33
11 34 31
11 33 33
12 34 32
14 34 32
11 33 33
10 35 31
12 34 32
10 33 32
13 35 33
12 36 33
11 36 32
12 37 30
12 36 33
13 38 32
13 38 31
13 36 28
12 36 29
13 36 29
13 43 29
12 43 31
10 43 30
11 44 31
11 44 30
13 43 29
16 41 27
20 44 27
24 39 32
22 41 37
19 37 39
12 34 43
9 37 40
9 35 34
12 36 34
12 36 34
15 37 28
14 34 25
13 35 20
8 34 26
14 37 33
11 33 28
12 35 27
12 35 28
10 32 30
8 34 30
10 37 31
11 36 34
10 34 33
14 38 33
13 34 35
6 32 36
11 35 36
11 33 40
14 36 42
16 34 42
19 30 39
19 36 43
22 37 48
20 41 50
21 41 48
24 42 49
22 40 48
21 40 48
21 43 47
23 42 49
23 41 49
24 42 49
24 42 49
25 44 47
23 44 46
23 44 46
23 45 47
26 44 47
32 41 53
34 48 53
31 42 48
30 38 50
32 45 44
36 52 46
34 46 47
28 40 49
29 42 46
35 55 45
41 51 46
36 51 44
39 52 45
40 50 40
42 47 42
43 50 41
43 48 41
45 47 39
46 44 42
46 48 42
46 41 43
45 41 43
43 41 39
40 51 45
39 49 52
31 43 55
35 41 48
36 40 52
33 40 51
36 43 52
35 38 51
35 40 51
36 42 51
34 42 49
35 43 50
36 42 50
35 43 51
35 44 51
36 38 52
33 38 54
32 37 51
32 39 51
33 39 52
34 40 51
33 39 53
34 41 52
35 38 53
33 38 52
34 39 51
33 38 53
34 39 52
34 39 53
34 39 51
34 38 53
35 37 52
33 38 52
34 39 52
35 38 54
35 38 51
34 40 51
35 39 52
35 37 52
34 38 52
34 38 52
35 38 53
34 37 53
35 38 52
35 37 52
34 38 52
35 38 53
34 38 52
35 38 52
35 38 52
34 38 53
35 38 52
34 37 52
35 36 52
33 38 52
34 38 52
35 37 52
34 38 52
