2 11 34
12 35 28
12 34 28
12 36 30
11 35 30
12 37 32
13 37 29
14 39 29
13 38 29
13 41 30
13 41 30
13 39 29
13 40 27
13 40 30
15 40 29
14 41 31
13 41 30
14 41 30
17 42 31
11 42 26
14 40 29
14 42 29
15 42 31
14 43 31
15 43 31
15 46 36
17 47 39
12 54 37
11 42 36
14 46 33
16 41 36
20 36 24
24 44 36
25 46 38
18 49 40
9 46 40
9 41 39
11 35 41
10 35 35
13 43 31
8 37 33
14 43 33
14 38 32
9 37 33
10 37 31
11 39 29
13 37 29
11 39 28
16 38 32
11 38 24
16 47 28
19 40 27
15 42 24
15 43 21
15 46 22
21 44 27
18 46 29
11 42 16
18 46 23
12 37 26
15 44 21
14 43 20
17 41 22
16 43 30
16 33 19
17 32 22
19 35 22
13 37 23
19 53 33
13 55 27
13 56 37
20 52 40
27 62 63
28 45 54
32 45 31
41 45 16
30 42 33
15 38 40
10 37 48
8 47 56
13 37 43
16 39 42
18 35 42
14 47 43
16 52 43
18 33 44
17 40 43
18 42 42
18 43 44
19 42 41
17 48 46
16 50 46
16 45 40
17 43 46
24 43 42
28 41 47
23 32 50
22 40 49
21 43 45
19 41 49
20 41 48
20 43 49
22 42 47
23 42 47
22 42 47
21 39 48
21 41 47
21 41 47
21 41 46
22 40 48
21 41 47
21 40 48
22 39 47
21 41 47
21 40 47
21 42 47
20 41 47
22 41 48
22 41 48
21 42 46
21 42 47
21 42 47
21 40 47
20 42 47
22 40 46
21 41 47
22 42 48
22 41 47
21 43 48
21 41 48
20 41 47
22 41 48
21 41 47
21 42 46
21 41 47
21 41 46
22 40 48
22 42 47
23 41 47
21 41 47
21 43 47
22 42 48
20 42 47
21 41 48
20 42 46
21 42 47
22 43 47
21 42 47
21 43 48
