12 36 29
12 35 29
11 34 29
14 34 29
12 36 30
13 36 30
12 37 29
14 38 30
12 36 31
12 38 31
13 39 29
12 39 31
13 39 31
13 40 31
12 42 33
12 39 30
13 41 33
13 40 34
13 39 33
13 39 33
13 40 34
12 39 34
14 38 34
14 37 33
13 37 33
12 38 34
13 39 33
13 39 33
12 40 32
11 41 33
13 40 32
13 41 32
13 42 32
13 44 33
13 43 32
13 42 32
14 42 32
14 41 32
14 43 31
14 42 32
13 42 33
13 41 33
14 42 31
14 41 35
14 42 33
18 41 31
15 40 32
13 41 31
14 38 32
12 36 33
11 37 30
10 35 30
10 36 32
11 38 37
9 43 42
13 49 49
14 47 38
18 46 38
19 45 35
22 43 33
22 42 26
13 40 31
11 36 32
9 36 39
9 33 44
12 40 51
9 36 53
9 42 51
12 37 52
13 47 45
19 33 36
24 43 38
23 41 26
19 35 37
13 33 45
12 42 50
9 30 53
13 37 48
16 38 44
17 36 44
18 40 44
17 38 46
16 38 46
17 38 46
19 39 46
16 38 44
17 38 44
16 38 40
16 38 42
15 39 42
18 41 41
15 39 38
13 44 35
13 42 37
13 39 34
13 42 35
14 40 31
15 39 32
14 40 30
12 36 32
14 38 30
11 40 33
12 40 31
12 37 30
14 41 33
12 40 32
14 41 31
14 38 31
13 45 32
15 40 33
17 39 28
15 49 27
16 52 30
19 49 33
21 47 29
18 48 31
17 48 30
17 48 32
18 46 30
21 43 35
17 50 41
14 50 42
24 47 43
19 48 40
18 44 43
20 44 43
19 44 39
18 45 41
17 39 42
16 45 43
9 47 44
14 40 44
11 38 38
12 27 39
17 28 39
24 33 55
20 28 47
21 27 45
20 31 43
21 39 46
15 42 46
11 49 49
22 42 49
28 37 53
27 47 50
24 43 49
25 43 48
26 40 49
25 42 49
25 41 50
24 41 49
24 41 49
25 40 49
26 40 50
24 42 49
25 41 50
25 40 49
25 41 50
24 41 49
25 41 50
24 40 50
25 41 49
25 40 49
25 41 50
25 41 50
24 42 48
25 42 49
24 41 50
25 41 49
24 41 49
25 42 50
23 42 49
24 41 49
25 41 49
25 40 50
23 41 50
22 40 50
24 40 48
25 41 49
25 41 48
24 41 49
26 44 51
24 43 48
22 43 50
20 45 47
20 41 44
17 38 49
16 37 35
20 35 39
20 55 25
3 28 48
16 42 42
15 38 42
21 34 43
18 34 48
17 37 48
21 37 46
23 40 47
24 39 50
23 42 51
24 42 50
24 41 49
25 42 49
24 40 50
25 41 50
25 41 49
26 43 49
24 41 49
25 41 50
25 40 50
25 41 50
24 42 49
24 41 50
25 40 50
25 41 50
25 41 49
24 41 50
24 41 51
23 41 49
24 41 49
24 41 50
24 41 49
24 41 49
24 40 49
25 41 49
24 41 49
26 42 50
24 39 49
25 41 49
24 40 49
24 41 49
24 41 50
24 41 49
25 40 49
25 39 49
25 42 50
25 42 49
24 41 50
24 41 49
24 41 51
24 41 49
25 40 49
25 42 49
24 39 49
25 42 49
25 41 52
25 41 50
25 41 50
25 41 50
24 41 50
25 41 50
24 40 50
25 41 50
25 41 50
25 40 50
26 39 49
24 41 50
25 40 49
25 41 49
25 41 50
25 41 50
25 40 50
25 39 50
26 41 50
26 41 51
25 42 51
24 40 50
25 40 51
25 41 51
25 42 51
25 40 50
26 41 51
27 41 50
25 41 49
25 40 50
24 40 51
26 41 50
26 40 50
25 41 50
25 40 50
25 42 50
25 40 49
25 40 51
25 40 49
25 42 49
25 40 50
26 40 50
25 42 51
25 41 50
25 42 50
27 40 50
25 41 50
25 40 50
25 40 50
25 40 50
26 41 50
25 40 49
24 40 50
25 42 50
25 41 50
24 42 50
27 41 50
25 40 50
26 41 51
