11 38 34
14 39 35
12 40 34
11 41 34
13 39 33
13 40 33
11 40 33
13 39 34
12 40 33
13 40 34
13 40 33
14 39 33
12 40 33
13 39 34
14 38 33
12 39 34
13 39 33
13 40 34
14 38 33
13 40 31
12 39 31
10 39 30
11 38 31
12 40 30
11 37 30
13 38 30
13 38 29
13 36 31
16 34 31
15 33 31
12 31 31
13 34 33
13 33 32
14 33 31
14 32 29
15 30 28
9 30 29
11 26 27
14 26 26
12 26 25
12 28 24
10 27 23
12 29 21
13 27 23
10 27 30
10 23 30
10 33 25
14 32 24
14 33 26
13 36 29
7 41 35
7 44 34
14 42 35
21 40 36
20 37 41
16 46 38
13 43 38
12 52 39
16 45 37
18 41 38
16 47 37
16 45 39
16 45 39
16 46 40
15 43 40
16 42 35
14 38 36
10 37 36
12 38 35
10 33 35
9 32 31
11 34 35
14 34 35
14 33 35
13 41 37
11 35 38
14 44 38
17 44 40
20 42 40
22 46 41
27 55 40
28 56 38
30 56 36
31 51 35
34 54 36
34 51 37
35 52 37
36 51 39
33 47 40
30 47 39
30 44 41
46 45 41
63 62 55
36 46 39
43 48 47
46 44 45
47 39 43
49 39 42
48 35 41
46 38 41
48 39 42
47 41 45
47 40 44
47 40 45
46 39 44
43 38 48
44 40 55
49 30 61
41 38 53
32 39 49
26 33 44
14 36 46
29 42 52
46 33 62
38 54 49
42 40 61
38 26 59
27 44 49
26 37 42
28 35 53
33 29 57
37 42 53
35 43 49
34 45 48
36 46 50
34 41 51
37 39 48
34 41 55
32 37 53
32 36 52
36 37 52
34 41 50
34 43 50
36 41 53
34 39 51
35 40 51
34 41 51
35 40 52
34 40 53
34 40 51
34 40 51
34 39 51
34 41 51
35 40 53
36 40 51
35 39 52
34 39 51
36 40 52
35 40 51
35 40 51
35 40 51
34 39 51
35 40 52
34 40 51
35 39 52
35 39 51
35 41 52
34 41 50
34 40 52
35 41 51
34 40 52
