21 12 36
12 34 34
14 36 34
12 36 34
11 37 36
11 37 36
12 38 34
12 38 34
13 39 36
12 38 35
12 38 35
13 39 34
12 39 34
13 39 35
13 38 35
12 38 35
12 39 34
13 39 35
13 39 35
13 38 35
13 37 35
12 38 34
12 37 35
12 38 35
13 38 35
12 38 36
13 38 35
12 38 35
12 38 34
11 38 36
12 40 35
12 40 36
14 40 35
12 39 35
13 38 35
14 38 35
13 39 34
12 38 35
12 38 34
13 38 35
12 38 34
12 38 34
12 37 34
11 37 35
13 35 32
12 35 34
13 35 29
12 35 31
13 34 30
12 35 31
11 35 30
13 33 30
13 33 29
13 32 27
10 32 26
12 32 25
11 30 30
9 33 25
13 39 27
11 35 31
10 38 29
13 37 28
13 37 30
13 38 30
13 37 28
12 37 31
11 42 37
16 37 36
13 38 44
16 43 40
16 40 42
17 44 40
16 41 41
19 42 44
18 45 46
20 46 45
20 42 44
19 41 45
19 45 48
18 48 42
20 45 47
26 49 47
25 49 44
25 50 43
28 50 44
28 50 44
30 46 43
31 44 46
29 42 46
29 40 47
27 40 46
23 37 51
18 33 44
15 33 51
10 33 52
21 35 48
20 37 47
18 34 48
19 31 48
18 32 46
19 32 50
17 32 45
17 30 47
16 30 45
15 30 44
16 30 46
17 29 44
17 30 45
17 29 46
18 29 45
17 29 46
19 29 48
18 28 48
17 28 47
19 27 45
20 27 47
15 26 47
17 29 47
20 27 46
19 28 46
18 29 48
17 30 48
16 28 48
15 29 45
20 29 43
16 28 44
16 32 44
19 30 44
17 28 45
13 30 44
13 29 43
16 30 44
19 32 48
21 32 48
20 34 49
20 32 49
21 30 51
22 32 50
22 31 50
22 33 51
22 30 52
21 29 51
21 27 47
19 27 48
18 21 49
25 25 42
22 26 46
18 24 46
17 26 46
20 27 46
21 26 48
23 29 49
19 29 48
20 31 52
19 30 51
19 28 48
19 26 46
20 27 46
19 27 48
19 27 49
20 28 47
21 28 47
21 26 48
21 27 48
21 26 49
20 27 48
20 26 50
18 26 50
18 28 46
19 28 45
19 28 45
17 29 44
20 30 40
17 29 47
19 31 51
23 32 50
21 31 50
21 29 50
21 29 49
22 31 49
19 30 49
20 31 50
21 30 50
21 30 48
19 31 49
21 31 51
22 31 49
21 30 48
20 30 50
20 30 49
20 29 48
21 30 49
20 30 49
22 29 50
20 29 50
21 30 49
21 31 48
21 30 49
20 29 49
21 30 48
21 30 48
21 29 49
21 30 50
21 30 49
21 30 48
21 30 49
19 30 48
21 31 50
21 30 49
20 30 49
