11 35 34
11 36 36
12 34 36
13 34 35
12 35 35
11 35 34
12 35 35
13 33 35
13 34 35
12 36 37
12 36 36
11 35 35
14 36 35
15 35 35
14 35 36
16 35 37
17 35 39
14 38 36
8 38 36
9 37 31
11 37 32
8 40 34
9 37 36
13 36 39
14 41 38
12 42 39
14 39 40
13 41 40
15 39 39
17 41 41
15 42 43
19 39 45
20 42 44
18 41 45
16 47 46
19 48 44
20 46 45
35 39 54
37 33 53
24 38 53
24 33 49
30 41 53
27 41 49
32 38 50
31 44 49
26 44 47
22 46 43
23 44 42
25 51 54
34 60 54
33 59 50
31 50 43
31 40 42
39 35 40
44 35 46
34 35 52
18 41 63
37 40 46
32 41 47
34 47 54
36 42 50
36 42 50
36 45 50
34 45 48
32 46 48
35 43 48
35 44 49
34 45 47
36 44 47
35 47 48
37 45 49
35 48 49
35 47 47
33 46 47
34 46 47
34 45 48
35 45 48
35 46 48
35 46 48
35 47 49
34 46 48
36 45 48
35 45 47
34 45 47
36 46 47
35 46 48
35 47 48
35 46 48
34 46 49
35 46 47
35 45 48
36 46 47
35 46 47
35 46 48
35 45 48
34 46 48
35 45 47
35 46 49
35 45 47
35 46 48
34 44 47
36 45 48
36 45 48
35 46 48
34 46 48
34 46 48
