11 34 34
12 35 34
11 35 34
11 35 33
12 36 34
11 35 33
12 35 33
11 35 33
12 34 34
12 35 33
11 36 33
11 36 32
12 35 33
11 37 33
10 37 31
9 37 31
8 36 31
9 36 32
12 36 32
12 35 32
11 35 32
13 35 33
13 34 32
12 35 32
14 33 31
14 33 32
14 33 32
15 31 31
13 30 30
11 30 31
13 26 30
13 30 29
12 30 25
9 27 20
7 27 17
4 27 27
13 36 25
15 36 28
12 31 27
8 32 27
10 32 29
12 34 29
12 34 30
13 32 31
12 33 30
14 35 34
14 36 34
12 37 41
14 34 42
19 31 44
18 35 57
20 34 48
17 35 51
16 37 44
21 40 46
23 38 47
26 43 48
24 45 51
21 49 48
25 38 48
23 42 48
29 45 50
29 46 47
26 46 48
25 43 44
27 43 47
28 43 50
28 42 52
27 46 49
28 43 51
24 45 46
27 43 47
28 39 55
36 43 56
37 44 45
39 46 43
41 45 48
41 42 44
39 41 43
40 44 48
38 39 50
36 45 55
40 47 51
36 41 52
40 43 47
35 44 47
38 49 42
38 51 44
35 51 44
33 46 51
33 42 50
28 43 46
32 40 56
25 47 54
35 36 49
39 38 52
37 40 52
35 38 51
35 37 51
34 37 55
34 37 54
35 39 51
33 38 51
34 40 51
34 38 53
35 37 52
34 38 52
34 38 52
34 39 51
34 38 52
35 38 51
33 38 51
34 38 52
34 38 52
34 38 52
34 38 53
34 38 53
34 38 53
34 37 52
34 37 51
34 38 52
35 39 52
35 38 52
35 36 51
34 39 52
34 38 51
35 38 52
34 39 52
35 39 52
34 38 51
33 39 53
35 38 52
34 39 52
33 39 53
35 39 52
35 39 52
34 38 52
34 37 52
36 40 52
34 39 52
34 38 53
34 38 52
35 38 52
34 39 52
34 39 52
34 38 53
35 39 51
34 38 51
35 38 51
35 38 52
