11 37 35
11 33 35
12 35 35
12 37 35
12 37 35
13 37 35
12 37 35
12 36 35
12 36 35
12 35 36
12 36 37
13 35 36
13 36 36
13 35 36
14 35 36
13 35 36
13 35 36
13 36 34
12 37 36
14 36 34
15 35 36
15 33 38
12 37 36
13 37 38
12 40 37
9 40 38
9 38 35
9 36 35
10 37 40
13 36 39
13 37 39
13 36 39
12 36 38
13 37 39
15 35 41
15 35 42
14 34 38
14 33 40
10 32 40
12 32 42
14 29 42
13 31 41
14 29 40
15 30 41
15 32 43
16 40 40
14 33 40
11 28 45
13 31 46
16 37 43
17 45 44
19 45 41
17 46 46
17 46 43
21 50 40
29 47 40
32 48 40
30 51 43
30 45 47
29 46 49
28 42 49
30 45 50
29 46 49
28 47 44
29 52 50
31 50 48
30 47 46
30 45 44
30 45 42
30 48 42
34 49 49
37 51 44
37 51 39
37 56 36
36 57 37
37 56 35
40 53 34
38 53 28
39 50 36
39 50 36
40 53 31
41 54 32
38 51 35
38 52 32
38 53 31
39 52 31
41 53 31
40 56 36
41 55 36
42 50 30
44 52 29
44 54 29
41 52 31
42 50 35
42 48 40
36 46 41
42 52 43
39 52 40
40 50 37
38 48 40
38 54 37
38 59 37
38 50 36
37 52 38
38 50 37
41 48 34
38 54 35
37 52 38
39 51 37
37 52 36
38 51 36
39 51 37
38 52 37
39 53 35
39 52 36
38 52 36
38 53 36
38 52 36
39 53 36
38 53 36
38 52 36
38 52 37
40 51 35
40 52 37
39 52 37
37 52 36
39 52 36
39 53 36
39 52 36
39 52 37
39 53 35
37 53 36
38 52 36
38 52 36
39 51 35
39 52 35
39 52 36
38 52 36
39 52 35
39 54 35
38 52 35
39 52 35
38 53 36
38 52 36
38 52 36
39 53 36
38 52 35
39 52 36
39 52 36
39 53 35
39 52 36
38 53 36
39 52 37
39 52 35
40 52 36
38 52 35
39 53 35
38 52 35
38 51 34
39 53 35
39 55 35
38 51 36
37 52 37
40 53 35
39 52 35
39 53 36
39 51 36
39 52 36
38 53 35
37 52 35
38 54 35
39 52 35
40 51 35
39 53 36
37 52 36
38 52 36
39 52 36
38 52 35
38 53 35
39 52 36
41 50 35
39 53 36
36 52 36
36 51 34
38 53 34
38 51 34
38 53 35
39 52 35
39 52 34
39 52 35
38 54 35
38 53 35
37 52 35
39 52 34
38 51 35
38 52 33
38 52 34
40 52 35
38 52 34
38 53 34
39 52 34
39 52 35
38 53 35
