12 39 34
11 38 34
12 38 34
12 40 35
12 38 35
13 38 35
12 39 34
12 38 34
12 38 34
13 39 34
13 39 34
12 39 33
13 38 34
14 38 34
12 39 34
13 38 34
13 41 35
14 40 37
14 41 37
15 39 37
14 42 38
15 43 37
13 43 34
15 42 33
13 38 31
15 41 32
16 38 30
11 36 29
8 36 38
10 42 32
10 41 30
11 42 29
9 39 31
13 40 29
14 44 31
15 41 33
14 42 31
13 42 33
12 45 31
13 41 34
17 40 40
12 48 38
18 54 42
22 55 47
19 45 39
24 43 39
23 43 38
22 48 42
17 49 45
19 48 45
23 46 43
26 44 44
22 43 45
20 44 44
20 43 44
20 42 46
18 43 49
15 43 49
16 52 44
24 46 39
35 39 39
33 39 43
21 40 51
11 31 60
18 37 49
16 36 46
21 32 51
23 33 51
31 38 51
25 33 49
25 38 51
22 43 49
28 37 52
30 35 55
26 40 49
27 38 51
27 40 51
30 42 54
32 42 54
30 41 53
29 37 54
37 33 52
38 30 50
34 32 53
36 32 52
35 38 52
40 40 51
48 39 56
25 43 43
32 35 57
22 36 56
27 42 46
38 51 59
36 33 51
33 37 53
35 43 49
35 43 46
35 46 50
35 41 52
38 39 49
36 39 48
36 44 52
34 42 55
34 40 50
36 43 51
35 41 48
35 41 49
36 43 52
35 41 50
35 42 51
37 41 50
37 43 50
36 43 50
36 44 50
37 43 48
38 45 50
36 43 50
37 46 49
37 46 47
35 45 47
37 44 48
37 45 47
37 45 49
37 45 47
36 44 47
37 46 48
37 46 48
36 45 48
36 45 48
36 46 48
37 46 47
36 45 48
37 46 48
37 46 48
37 46 47
36 46 47
36 45 48
38 45 48
38 45 48
37 45 47
38 46 48
