13 30 32
10 31 32
12 30 30
11 32 30
11 33 31
13 32 32
11 33 30
12 34 31
10 36 31
11 36 30
12 36 30
13 36 30
13 37 31
12 37 33
13 41 32
12 40 33
11 38 33
12 39 32
13 39 32
13 38 33
12 40 33
14 40 32
13 40 33
11 41 32
12 40 32
11 40 32
11 40 32
14 39 31
13 40 33
14 41 33
14 41 33
15 41 33
15 41 34
15 43 35
15 40 35
15 42 37
14 43 44
8 44 44
9 38 38
14 39 34
20 34 30
17 35 34
10 33 37
14 34 36
10 30 40
9 31 42
14 35 41
11 33 43
12 32 46
15 32 45
16 33 42
14 31 43
21 31 45
14 31 45
10 36 46
10 35 47
11 33 44
10 29 45
15 28 42
22 30 48
24 31 45
27 38 46
21 43 48
22 46 48
22 50 50
33 41 42
44 30 57
40 23 50
32 40 59
28 45 58
29 41 53
21 35 47
20 38 39
24 48 45
29 32 63
42 40 49
32 37 46
22 39 46
16 46 46
20 53 46
26 39 54
26 40 51
27 42 50
28 40 49
28 49 47
29 42 51
29 44 49
32 37 48
33 47 49
35 53 46
33 51 47
32 51 47
32 51 46
38 45 49
38 42 51
37 42 45
35 41 46
33 36 54
33 26 53
31 30 54
36 38 54
38 43 54
39 38 50
38 36 51
40 39 50
39 40 51
32 31 57
34 30 55
41 27 53
39 24 53
27 39 56
22 32 43
28 35 51
37 48 55
44 48 53
41 35 53
39 38 53
40 36 49
34 35 53
35 37 58
42 37 54
40 41 51
36 37 53
41 34 48
40 36 48
39 39 51
37 39 52
37 41 50
36 38 52
34 39 53
38 39 53
38 40 51
37 41 52
37 41 45
37 50 47
37 59 45
43 60 46
45 53 42
45 44 44
46 36 48
42 25 43
44 20 43
45 19 41
44 11 40
44 7 28
43 17 29
37 13 17
31 12 14
28 20 15
25 24 21
33 33 30
43 30 40
38 50 55
32 39 63
27 32 63
24 21 62
28 23 52
23 21 51
26 23 48
27 27 48
26 29 47
27 31 52
23 32 57
23 26 53
18 22 47
20 21 43
23 25 46
20 29 53
20 26 48
20 29 48
22 27 50
22 27 51
23 30 50
23 30 50
22 29 48
21 28 49
20 27 49
22 30 51
22 29 49
21 29 49
21 28 49
22 27 50
21 28 49
21 28 49
21 27 49
21 27 49
22 27 50
21 29 49
21 30 50
22 28 50
22 28 50
21 28 49
21 28 49
22 27 49
23 26 48
20 24 52
20 24 49
22 25 49
21 25 49
22 28 50
22 27 47
22 29 49
23 27 50
23 28 50
23 27 49
23 27 50
22 28 50
23 27 50
22 28 50
22 27 50
22 26 50
24 26 47
23 26 49
22 26 50
