11 38 33
12 36 34
13 37 33
12 36 33
12 37 35
12 37 34
12 36 35
13 36 34
13 37 35
12 38 35
12 37 35
12 38 34
13 38 35
12 39 34
12 39 35
12 39 35
12 38 35
13 39 35
12 38 34
11 38 34
13 36 34
13 35 34
12 34 35
9 36 32
9 35 33
12 36 35
13 37 35
15 35 35
14 39 35
12 38 33
12 39 36
15 40 36
16 40 36
12 38 34
17 36 34
1 41 31
10 38 29
17 40 34
10 40 31
11 36 32
14 41 35
16 42 34
12 39 33
11 38 30
15 38 31
10 38 29
10 37 31
11 39 31
20 41 33
21 40 32
18 40 32
14 34 33
10 28 30
17 34 33
13 36 34
8 43 34
8 44 30
0 50 29
6 50 31
11 43 36
15 45 41
16 44 46
16 38 42
22 39 43
33 31 58
35 40 56
34 31 62
22 30 52
25 27 44
22 27 48
23 30 51
25 28 54
26 24 48
26 25 41
28 25 36
21 29 48
18 25 56
24 23 57
22 20 52
20 17 48
22 24 47
24 24 48
22 27 46
22 28 52
17 26 53
27 16 56
25 23 45
22 27 43
18 28 57
25 29 52
29 34 30
31 25 35
20 19 55
17 5 62
19 18 61
22 20 51
20 19 48
24 18 46
26 22 45
30 21 45
31 27 46
36 27 48
33 32 43
35 24 45
36 20 45
36 19 45
36 15 48
40 14 49
42 17 46
39 19 47
38 16 46
39 15 43
39 19 43
37 16 43
38 18 44
39 18 42
39 18 44
39 16 47
40 18 49
38 19 48
35 15 47
38 13 39
44 17 40
40 19 43
37 20 45
38 18 48
36 17 46
39 13 45
36 17 44
37 17 40
38 14 42
37 12 40
35 12 40
37 8 40
35 20 44
37 24 49
38 21 47
37 18 46
36 14 42
37 17 43
36 23 42
38 16 43
35 18 46
32 22 48
31 23 53
32 23 52
35 20 51
32 21 52
31 19 54
25 32 61
28 35 58
29 39 55
34 33 56
36 36 52
36 29 52
36 33 44
34 38 51
43 25 39
44 22 41
44 18 46
43 16 45
40 18 45
41 21 45
40 27 49
42 30 49
38 33 52
41 19 51
33 20 48
30 20 47
35 18 55
39 28 52
38 31 52
39 32 52
40 31 52
39 31 50
41 27 50
41 25 52
42 25 48
38 26 51
39 30 50
45 35 48
49 31 49
46 28 49
43 23 49
42 21 48
42 25 45
43 27 45
45 21 47
42 25 47
44 23 49
41 19 47
38 22 47
39 20 52
44 22 51
44 25 46
46 21 47
40 19 47
41 17 45
44 19 47
45 19 45
41 20 47
40 34 49
47 25 37
53 22 29
49 24 37
48 20 35
45 15 42
41 8 46
39 12 46
42 19 42
45 16 41
42 17 40
41 15 42
43 14 41
41 16 41
44 17 40
44 17 38
45 20 40
50 19 35
52 19 34
48 17 34
45 16 34
45 21 35
47 17 37
49 13 37
50 19 30
45 16 34
42 18 36
49 19 31
49 19 28
47 16 29
47 13 37
44 14 39
45 13 38
44 17 35
46 18 32
46 17 28
48 16 34
46 16 36
47 21 35
50 18 31
49 17 34
48 16 34
48 18 31
45 19 30
45 19 34
52 18 39
44 17 41
39 20 44
43 21 44
43 21 47
43 19 51
37 14 53
37 15 50
41 18 49
40 24 49
44 16 47
47 26 35
51 23 45
55 20 49
54 24 40
34 30 22
51 20 44
50 22 45
45 28 40
41 21 35
50 16 42
43 35 51
42 22 46
52 26 50
55 20 54
51 33 47
48 42 36
53 23 43
51 30 49
46 37 38
49 38 37
45 30 28
48 32 35
53 28 34
54 26 25
50 22 25
52 31 22
51 28 25
49 31 30
46 24 32
51 20 32
52 19 32
56 18 32
61 18 32
56 18 36
51 18 39
44 22 38
42 22 42
38 22 42
36 24 46
31 24 44
30 18 48
29 17 48
28 16 46
25 14 43
19 24 44
17 14 35
18 20 30
17 20 26
15 32 28
13 28 39
15 25 46
25 26 61
31 48 63
33 49 57
34 31 53
31 34 46
35 37 54
28 41 52
27 33 52
21 29 45
18 21 58
20 22 47
24 23 48
26 26 43
32 23 39
33 29 43
35 29 45
33 33 53
30 41 61
28 29 63
36 30 50
35 38 48
31 34 56
31 30 53
30 30 52
32 32 54
31 34 53
30 36 52
28 36 53
31 34 52
30 34 54
31 33 52
31 33 54
30 33 52
31 34 52
31 33 52
30 35 54
30 34 52
31 33 52
31 33 53
30 33 53
30 34 52
31 34 54
29 32 52
31 34 54
30 33 53
30 34 53
30 33 53
31 34 53
30 32 52
31 35 53
31 33 53
31 34 52
31 34 53
31 34 52
30 34 53
31 33 54
30 34 52
31 34 52
30 33 53
31 33 53
