12 38 35
14 38 35
11 37 35
11 38 35
11 40 35
12 38 35
13 38 35
14 39 35
14 39 34
13 38 34
16 40 34
11 40 35
12 39 35
14 41 35
13 40 35
12 42 34
13 39 33
14 39 33
18 39 33
20 40 34
20 43 35
17 47 35
18 50 32
12 51 37
12 48 36
15 46 39
17 47 41
20 43 37
22 49 37
28 60 51
27 52 50
32 47 47
33 49 47
34 48 50
31 46 47
29 45 47
29 43 46
29 45 47
31 44 46
32 45 47
30 47 48
30 46 50
30 46 51
31 45 50
31 46 50
30 44 50
27 44 51
25 44 52
25 41 51
21 42 45
21 42 44
28 41 53
26 41 52
20 36 58
29 34 54
33 34 53
31 34 53
28 35 55
21 35 52
30 27 52
36 26 52
33 28 51
35 28 51
34 30 51
34 28 50
32 22 48
29 24 49
30 21 49
29 24 52
28 25 53
27 23 49
29 26 50
29 25 48
28 25 46
27 23 47
30 21 48
31 20 50
31 20 51
35 21 53
35 19 53
36 21 50
33 21 50
30 20 52
31 21 52
34 23 51
33 27 48
33 28 49
32 28 48
32 29 51
33 28 51
34 27 51
32 31 52
28 30 52
26 30 54
27 32 51
24 32 53
21 32 55
21 29 52
26 27 52
27 28 53
26 29 51
25 27 51
25 27 48
28 24 48
29 23 51
31 26 51
32 24 50
28 26 49
27 25 50
26 24 53
27 25 51
28 23 55
25 38 56
26 34 53
24 32 52
26 30 50
27 28 49
27 26 54
33 31 50
34 28 46
31 21 50
26 27 52
25 27 54
25 31 56
25 29 55
26 34 54
25 29 52
26 28 47
27 21 50
27 23 50
26 22 47
24 23 48
24 25 50
25 26 51
28 25 52
28 24 52
28 24 52
27 25 50
26 27 51
27 26 50
25 32 49
23 27 50
23 31 55
21 33 54
25 31 53
22 31 52
25 29 50
25 29 50
26 35 53
26 34 54
24 33 55
21 30 50
27 20 47
33 17 41
31 20 43
28 20 43
28 17 42
29 12 43
26 13 42
25 19 44
26 17 46
25 21 49
24 18 46
24 17 45
25 28 52
24 32 50
19 19 48
22 19 48
20 21 48
21 17 50
24 32 50
27 26 53
26 28 48
31 33 50
37 27 53
34 28 53
32 31 52
32 27 51
33 26 49
31 26 53
32 28 53
34 27 54
37 29 51
40 26 46
45 18 45
52 26 49
48 22 47
48 21 44
42 21 38
44 18 34
48 21 32
47 14 34
48 13 35
49 16 37
47 11 41
37 16 43
40 25 41
46 23 39
45 24 40
48 16 41
47 27 42
47 17 39
48 17 35
46 16 35
46 7 29
48 12 34
49 13 32
46 16 35
47 20 37
42 22 37
51 26 45
58 22 51
56 25 40
48 21 33
46 18 29
46 17 25
38 14 28
25 20 25
18 4 24
11 16 33
20 22 41
33 5 55
39 23 60
41 11 57
35 20 42
26 30 42
26 36 46
31 27 51
26 19 62
23 33 62
27 37 60
23 51 49
29 33 45
34 48 41
26 37 43
17 45 48
12 36 46
20 32 54
31 40 45
24 48 47
26 39 44
30 43 57
28 50 58
34 57 63
33 39 62
36 34 40
31 29 39
26 21 49
22 24 43
26 18 52
25 17 43
29 16 46
23 21 49
26 30 40
26 21 42
28 25 41
25 16 41
25 15 46
24 19 53
17 27 58
31 13 38
28 26 29
44 41 55
47 50 56
42 47 62
19 44 63
30 36 48
39 41 46
34 43 59
48 29 56
42 43 57
32 37 50
38 36 53
38 39 45
46 40 51
35 41 62
39 31 58
33 38 46
35 38 46
34 36 49
38 35 56
39 38 58
38 39 54
35 38 49
38 39 52
33 39 53
37 36 54
34 35 52
34 33 54
35 30 53
33 31 55
37 39 56
34 19 54
33 34 50
34 33 54
35 34 52
34 39 53
36 38 54
35 36 53
36 38 54
36 36 52
33 32 50
33 31 53
34 33 54
34 34 50
35 36 49
34 32 53
38 40 55
40 36 53
37 37 51
38 36 52
35 31 57
38 33 54
37 38 48
36 37 51
35 37 52
36 35 51
37 38 54
37 36 51
35 38 50
37 36 53
36 38 54
36 38 52
37 40 51
36 37 52
38 36 51
36 39 51
36 39 51
36 38 52
37 38 52
37 39 53
37 39 52
35 39 51
36 40 51
38 38 51
36 38 52
36 38 51
37 37 51
36 39 53
38 38 52
37 39 52
36 40 50
35 40 52
36 39 52
36 39 51
36 40 51
36 39 51
36 39 52
38 40 51
37 38 51
38 38 52
37 38 52
37 38 52
37 39 51
37 37 51
36 40 52
37 39 51
37 40 50
36 39 52
