12 33 26
13 29 27
11 33 32
30 10 29
12 28 27
12 29 28
14 29 28
12 31 29
13 33 28
11 33 28
12 32 29
11 33 29
12 34 28
12 36 30
12 35 29
12 36 30
12 38 30
13 35 32
13 35 31
10 37 31
12 38 31
12 37 32
12 38 30
12 37 30
12 39 31
11 38 32
13 38 32
12 39 32
10 36 35
10 38 37
12 38 37
9 36 38
11 36 44
11 37 45
12 36 46
11 35 45
12 38 41
15 38 38
18 38 39
21 36 40
22 34 44
22 38 45
22 38 44
20 39 44
17 38 43
17 37 44
17 37 47
15 35 46
16 35 47
20 38 50
19 38 49
18 35 43
17 34 43
17 34 44
12 31 41
11 33 40
12 33 35
9 26 32
2 33 38
8 38 40
13 34 35
14 32 34
14 33 33
11 30 31
10 31 32
11 31 31
11 31 30
10 31 31
12 31 31
12 32 31
12 31 32
12 33 31
12 34 32
13 34 33
16 37 33
10 38 28
8 42 34
10 46 36
17 38 44
10 46 45
6 32 48
9 36 43
9 45 40
19 31 44
27 37 36
27 35 30
24 33 39
23 31 36
18 38 37
21 39 57
22 37 59
16 39 59
13 43 58
21 37 57
23 42 48
18 41 46
19 35 45
19 35 42
16 36 41
13 31 46
11 33 43
16 38 48
19 34 49
27 19 57
23 21 45
22 25 44
24 28 41
20 31 44
14 32 52
14 30 52
19 32 50
25 33 48
21 33 49
19 33 47
17 32 47
19 33 49
21 34 50
19 31 49
20 33 48
19 32 49
21 33 48
19 32 47
20 31 48
19 31 48
20 32 48
21 31 49
20 32 48
19 33 49
19 31 49
19 32 49
20 32 49
20 32 48
19 32 48
20 32 49
21 31 49
20 31 49
20 32 49
20 32 48
19 32 49
20 31 48
19 32 48
19 31 49
19 32 48
21 31 48
21 31 48
20 31 49
20 31 48
20 31 49
21 31 49
19 32 48
21 32 49
19 33 49
19 31 49
20 30 48
20 31 48
19 31 49
20 32 49
20 31 48
19 30 48
21 32 48
19 32 49
20 31 48
20 32 49
21 33 50
20 31 49
17 31 49
18 32 49
