14 39 35
12 38 36
13 38 35
14 39 36
13 39 34
13 39 34
15 37 34
15 42 35
13 37 33
10 40 30
11 36 30
10 38 32
13 38 29
13 38 25
17 41 33
14 42 34
8 39 32
12 41 32
15 43 34
15 45 32
14 43 32
15 42 35
17 42 38
15 49 33
16 46 32
18 47 36
18 47 34
20 46 38
20 47 38
18 48 39
21 50 41
23 49 43
22 47 45
22 48 49
23 47 45
26 50 44
29 55 46
30 52 44
30 50 42
32 42 49
34 42 47
30 44 45
23 39 42
13 42 46
14 35 44
15 36 50
16 37 54
22 41 45
21 41 46
17 39 44
16 40 47
17 44 44
18 42 42
17 41 42
13 41 45
14 38 43
15 37 42
15 38 43
13 36 43
16 35 43
15 35 43
14 34 42
15 34 42
15 32 44
15 31 43
15 31 43
14 32 43
14 32 43
16 30 44
16 31 45
18 32 46
20 29 49
18 29 47
18 30 47
20 27 46
16 28 45
17 29 47
18 28 46
20 30 48
18 30 46
16 32 46
15 32 47
19 31 43
17 30 39
10 28 38
10 36 40
13 30 42
18 34 40
14 36 41
13 39 41
12 42 41
14 40 38
14 41 39
15 41 39
14 43 40
17 41 43
18 41 42
17 39 43
19 38 45
19 36 49
18 40 45
18 40 48
21 38 47
16 39 48
21 31 47
22 37 44
19 41 48
11 31 49
20 37 43
15 32 44
15 35 46
17 32 48
16 28 46
15 29 42
15 28 43
15 32 44
17 31 43
20 33 49
22 37 47
20 35 51
19 39 51
20 37 47
20 37 46
18 37 49
20 37 47
21 37 47
19 37 47
20 37 49
21 39 48
20 38 48
18 38 46
17 41 50
15 39 50
16 36 48
17 37 47
19 34 46
20 37 46
23 37 48
27 35 45
33 33 41
32 40 60
17 31 48
15 28 49
17 32 51
20 31 47
19 33 49
19 32 48
18 31 48
21 31 48
20 32 49
21 31 48
20 31 50
20 31 48
20 31 49
20 31 49
20 31 49
19 31 48
19 31 48
20 32 49
18 32 49
20 32 49
20 32 48
20 32 49
19 32 48
20 31 49
20 31 48
19 31 48
20 32 48
19 31 49
20 31 48
20 32 50
19 31 48
20 31 49
20 32 48
21 31 49
20 30 48
20 32 49
21 32 49
19 31 48
20 31 48
20 31 48
20 31 49
19 32 49
20 32 48
19 32 48
19 30 49
20 29 49
19 32 48
21 32 49
21 31 48
21 32 48
20 30 49
21 32 49
20 31 48
20 31 48
19 32 49
19 31 49
20 32 49
20 30 48
20 32 48
20 31 48
20 31 48
20 31 49
21 32 49
21 31 49
20 31 49
20 31 48
21 31 49
21 31 48
21 31 49
19 32 49
21 32 48
20 30 49
20 31 48
20 31 49
21 31 48
19 31 48
19 31 49
18 31 49
19 30 48
21 31 48
20 31 48
20 31 49
21 31 48
21 31 49
20 30 49
20 32 49
20 31 48
18 31 48
18 31 49
21 32 48
