11 34 33
10 36 33
9 34 32
13 34 33
12 35 34
12 37 36
13 38 38
13 39 36
11 38 35
15 38 37
9 39 37
11 39 33
14 38 32
12 41 30
13 38 29
14 38 27
14 40 29
14 41 27
14 43 31
12 41 32
13 44 29
13 40 28
12 40 29
14 40 29
15 41 29
12 40 30
14 42 31
13 45 30
12 38 32
14 35 32
14 40 31
11 39 31
14 43 36
12 41 40
11 40 40
12 42 37
13 44 36
12 49 36
14 43 33
20 50 26
24 52 31
29 44 27
31 49 31
28 45 35
26 47 40
25 41 38
20 37 40
12 40 38
11 42 41
7 39 38
6 42 35
9 33 39
12 39 30
10 41 27
7 37 30
8 37 27
4 41 26
13 47 25
20 44 35
24 52 41
25 40 33
26 38 34
16 41 30
6 47 22
3 43 19
16 43 35
13 43 34
12 43 29
15 43 30
17 44 34
15 44 33
12 44 34
15 44 32
16 48 32
12 49 34
15 44 36
16 43 33
15 42 36
12 42 32
14 44 36
20 47 38
19 41 36
16 44 34
13 42 38
13 45 42
17 41 41
20 46 49
18 45 42
14 42 41
17 42 44
17 45 37
18 48 42
13 34 43
19 44 40
12 45 37
13 41 38
18 45 34
9 36 45
11 35 46
22 29 51
26 36 45
29 38 41
26 42 36
14 45 42
8 49 62
23 40 50
27 41 49
22 45 47
21 44 45
21 45 47
22 41 49
21 41 48
22 40 46
21 41 47
22 41 47
20 41 47
20 41 46
21 42 48
21 42 47
22 41 46
22 41 47
21 41 48
21 41 47
21 41 46
21 41 46
21 42 47
20 41 47
21 41 47
21 41 46
21 42 47
20 42 46
21 43 47
21 42 46
21 41 47
21 41 47
21 41 48
20 41 47
21 42 47
21 40 47
21 40 48
22 42 47
21 41 47
21 41 47
21 41 47
20 42 47
21 41 48
22 42 47
20 42 47
21 43 47
21 41 47
21 42 47
21 42 47
20 42 45
21 42 46
21 41 47
20 43 46
21 40 47
21 41 46
21 40 48
21 41 47
22 42 46
21 42 47
21 41 47
22 43 46
21 42 48
22 41 47
20 41 47
19 41 47
22 41 48
22 41 48
21 41 47
23 44 47
21 41 46
21 42 47
20 41 47
21 41 46
22 42 48
21 42 47
21 42 47
22 41 46
21 41 47
20 41 47
21 41 46
20 42 48
21 42 47
22 41 48
21 42 47
22 41 48
21 42 47
23 42 47
23 40 46
21 42 47
21 42 46
22 41 47
22 40 47
20 42 47
21 41 47
21 41 47
21 42 47
21 43 47
23 42 47
22 43 47
21 42 47
22 41 47
21 42 47
21 41 47
22 41 47
22 41 47
21 41 47
21 42 47
20 41 48
22 41 46
22 42 47
21 42 46
21 42 47
21 42 48
20 41 47
22 42 47
22 41 47
21 41 47
