13 39 35
12 38 35
13 38 35
12 38 35
12 38 36
13 38 33
12 39 36
12 38 34
13 39 35
12 37 35
12 38 34
12 39 35
12 39 35
14 39 35
12 39 35
13 38 35
12 39 34
12 39 35
12 38 34
14 39 34
11 38 34
11 38 34
13 36 35
13 36 36
12 34 34
11 37 33
12 36 34
12 36 33
13 35 34
12 35 34
11 36 34
11 37 34
12 37 34
14 38 35
15 38 32
14 39 33
13 40 33
14 39 32
14 37 32
14 37 31
14 36 31
15 36 31
13 37 31
13 36 32
10 37 33
8 39 36
9 39 34
13 39 38
14 42 37
14 41 38
11 43 39
11 42 43
13 41 44
16 43 47
16 42 46
19 41 46
20 38 45
24 40 45
24 43 45
25 42 48
24 41 49
26 43 50
26 43 50
26 44 49
27 44 49
24 43 49
21 42 50
21 40 50
22 38 49
22 39 48
22 40 47
20 40 48
21 37 47
23 38 48
23 39 48
24 39 48
23 38 49
21 36 48
19 33 50
19 35 51
17 37 48
18 34 44
19 33 47
18 32 48
20 35 49
18 36 49
18 35 44
18 33 47
20 33 46
20 35 48
21 34 49
21 34 50
21 35 51
21 35 51
20 35 49
18 34 47
17 34 49
16 33 46
17 30 46
16 26 44
13 25 44
11 27 43
8 23 43
20 26 39
18 23 37
15 27 37
18 28 36
16 25 37
16 25 41
15 26 41
17 26 40
19 28 40
18 29 39
17 30 43
13 29 42
12 29 42
11 30 43
10 30 40
12 34 42
11 31 40
11 32 39
13 33 41
14 33 42
12 34 46
15 34 46
16 33 46
15 34 45
18 36 45
16 33 45
13 33 50
16 26 49
17 25 48
20 23 50
20 23 49
23 22 51
24 24 48
26 24 48
35 21 42
41 20 43
47 20 45
47 19 42
36 24 43
33 19 42
36 20 43
39 14 43
36 14 40
29 8 44
26 12 46
28 7 48
32 15 52
33 19 47
35 23 44
36 22 41
37 22 38
38 22 39
35 21 40
34 21 40
35 22 43
27 19 46
24 20 49
16 20 52
15 20 51
8 24 46
12 21 39
16 22 42
22 26 53
20 29 49
20 33 48
16 29 48
17 28 47
18 30 45
17 29 46
15 30 45
15 30 44
14 30 43
16 29 45
17 30 45
18 29 45
17 28 45
17 28 45
16 29 45
16 28 45
16 29 45
17 28 45
17 29 45
16 30 45
17 29 45
16 30 45
16 30 46
17 30 45
16 29 46
16 29 45
16 29 45
17 30 45
16 30 45
16 29 45
17 30 45
18 29 46
17 30 45
16 28 45
17 30 45
17 29 45
16 29 45
17 29 46
17 29 45
17 28 45
17 29 44
17 30 45
16 28 45
