12 28 33
11 28 32
12 27 31
10 28 31
12 29 31
11 29 31
11 30 30
13 32 33
13 37 31
13 36 31
12 36 31
11 36 31
10 32 30
13 34 33
12 38 32
13 38 32
12 38 33
12 38 33
11 36 33
12 36 33
13 37 32
13 36 33
11 37 34
11 38 34
13 38 34
12 38 34
13 38 34
12 38 34
13 38 32
11 39 32
12 37 32
12 38 32
12 39 32
11 39 32
11 42 32
12 44 32
12 48 32
12 48 37
9 49 47
10 49 45
18 40 37
25 36 29
23 37 28
25 43 34
22 47 35
15 44 42
12 40 40
7 39 35
11 32 33
9 31 34
13 28 30
8 38 31
8 34 31
9 37 39
7 36 31
8 34 30
13 36 35
12 32 34
10 31 35
12 37 34
14 36 41
10 38 45
9 35 45
14 38 46
19 37 43
22 34 42
22 34 47
22 39 49
22 38 48
23 39 49
23 33 51
21 34 51
22 33 50
25 40 51
25 40 49
22 35 50
20 40 48
22 36 47
24 46 52
27 38 53
18 36 53
17 35 44
19 44 43
26 50 45
41 50 52
34 24 55
26 40 53
30 42 51
31 40 52
35 44 50
34 38 55
34 38 51
37 42 51
36 41 50
37 41 51
40 41 47
36 43 48
35 43 48
32 53 51
37 45 49
36 45 46
36 46 49
34 46 49
34 44 46
36 42 48
37 43 50
35 46 46
39 43 49
36 51 48
37 47 48
37 48 48
36 47 49
39 44 48
37 47 48
40 45 48
36 47 54
35 45 49
31 45 52
20 21 53
16 35 48
30 35 45
44 36 50
51 35 50
45 44 44
31 48 42
33 52 59
38 44 51
40 48 47
39 46 48
37 48 48
36 43 47
37 42 49
38 41 47
39 49 50
39 48 48
44 49 48
43 53 49
47 42 47
38 41 53
6 27 42
15 28 49
24 38 50
34 36 54
29 36 56
23 37 45
26 34 37
21 29 61
34 45 63
27 31 52
33 36 47
37 25 48
34 22 51
31 28 55
32 33 53
31 25 53
33 27 52
32 29 52
32 25 52
34 28 51
34 27 52
34 27 53
34 25 52
33 24 50
34 27 53
32 28 52
33 27 53
32 27 53
32 26 53
31 26 52
32 23 51
34 26 53
35 29 52
35 27 52
35 28 53
37 26 52
36 28 51
36 26 51
36 27 52
35 28 53
35 29 53
35 29 53
36 29 52
38 27 52
36 28 51
37 28 53
37 27 52
36 29 52
37 29 53
36 27 52
37 29 53
38 28 52
35 29 52
36 29 53
36 29 51
36 29 52
36 30 53
36 29 52
37 29 53
