13 33 34
13 38 34
12 38 34
12 39 34
13 38 34
11 37 35
13 39 34
13 38 34
12 39 35
12 39 34
12 38 34
13 39 34
12 38 34
12 38 34
12 38 32
13 39 35
13 37 34
12 37 33
11 38 34
12 38 35
12 37 34
12 36 35
12 38 33
11 36 33
13 37 32
15 36 30
16 38 31
14 39 31
13 38 30
10 38 28
12 36 26
13 40 28
15 38 31
16 41 32
14 39 33
13 42 33
15 43 32
11 47 37
13 45 34
15 48 33
17 50 35
17 51 34
22 48 41
27 50 43
30 48 47
33 48 49
33 50 50
31 46 54
33 40 53
32 44 52
34 39 50
32 33 51
31 33 51
28 31 51
30 31 52
30 29 52
30 30 51
28 30 52
29 30 52
28 28 53
27 29 54
28 30 52
29 32 53
31 33 52
30 32 53
29 33 56
30 32 54
28 30 55
27 28 55
28 27 54
28 28 53
30 29 51
31 29 51
32 27 51
33 28 51
34 29 52
37 31 51
41 31 50
45 30 47
43 30 46
45 30 47
44 29 49
43 29 52
41 30 51
40 30 51
43 31 51
43 30 50
40 33 49
40 32 51
40 33 51
42 32 52
41 35 52
43 35 52
42 34 52
41 34 50
43 33 50
45 32 48
48 33 47
47 32 46
45 32 46
44 33 48
42 34 50
41 34 52
39 33 53
37 30 49
37 29 49
36 28 51
33 27 52
32 25 55
28 26 55
27 28 55
23 27 57
24 25 57
25 24 54
28 20 50
28 19 46
30 21 44
31 25 45
34 26 47
36 29 50
35 31 55
29 32 56
30 29 54
29 26 50
29 28 50
24 28 52
25 23 56
28 33 51
30 32 52
30 33 53
30 32 52
29 31 54
27 28 52
29 28 53
28 30 53
29 30 52
28 29 53
28 30 52
29 29 53
28 30 52
30 29 51
29 30 52
28 29 53
29 29 53
29 29 52
29 30 52
28 29 52
28 29 52
28 31 52
29 30 52
29 30 52
29 28 52
28 28 52
28 29 53
29 28 53
28 28 51
29 28 52
27 30 52
28 29 53
28 29 52
27 28 52
28 29 52
28 29 52
28 28 52
29 30 53
29 28 52
