12 39 35
12 39 35
12 38 35
13 39 35
13 39 35
13 39 35
12 39 35
12 38 34
13 39 35
14 37 34
13 39 35
13 39 34
12 39 35
13 40 34
14 39 34
14 41 35
13 43 35
14 39 33
15 41 32
15 39 31
16 40 30
14 39 32
11 40 32
14 42 30
15 43 31
13 45 34
14 47 35
16 43 33
15 45 35
16 46 34
16 46 36
18 46 35
17 46 36
18 47 35
17 47 38
19 47 38
19 47 39
22 48 38
23 49 39
25 52 39
23 50 40
25 49 42
26 49 42
29 49 44
33 49 48
34 44 50
42 42 54
43 39 53
41 38 51
35 40 52
35 43 50
34 43 47
34 41 50
36 39 50
38 37 51
39 40 49
36 41 52
34 42 53
32 42 53
30 40 51
30 39 50
32 41 51
33 45 50
34 43 51
35 40 52
33 41 51
31 46 51
30 39 54
30 39 53
30 37 49
32 36 49
30 34 50
26 33 52
21 28 53
17 26 53
18 24 52
19 23 49
20 24 50
19 21 49
21 27 50
22 26 51
26 33 51
30 35 51
30 36 49
34 41 50
34 40 51
34 42 53
37 42 52
43 38 48
42 37 46
42 37 46
45 36 46
48 35 47
47 34 46
45 33 46
48 36 46
50 33 46
49 36 46
46 37 44
45 36 44
41 36 45
44 35 49
40 31 51
37 30 51
36 29 53
35 29 56
34 31 57
28 27 58
25 20 52
27 13 45
33 17 42
33 20 42
31 24 46
35 25 41
38 34 46
37 37 55
28 30 57
23 25 53
21 29 56
20 28 54
20 25 48
16 25 48
16 22 46
18 24 45
19 25 43
18 25 45
18 27 46
18 29 47
19 27 46
18 27 45
18 25 44
15 24 43
16 25 47
20 27 49
20 26 46
20 25 48
20 27 47
22 28 46
20 26 46
17 26 49
19 26 50
22 27 49
23 27 48
20 29 47
19 27 48
17 25 48
19 26 45
18 28 45
19 25 47
18 26 47
19 27 47
18 26 45
