21 46 42
21 46 42
22 47 42
19 44 41
25 37 41
23 35 39
18 42 36
14 46 38
13 43 38
13 42 35
11 42 35
12 43 37
9 41 39
13 38 34
15 35 33
8 35 31
7 36 28
8 33 28
7 32 27
11 33 28
13 34 28
13 34 27
13 33 27
12 33 28
13 33 29
11 34 34
11 32 33
11 30 33
13 29 32
13 28 32
11 28 31
9 30 30
9 31 30
11 28 30
10 31 31
13 31 31
13 33 31
11 34 33
11 34 34
12 34 33
13 34 34
12 35 34
11 36 33
12 36 34
14 37 33
14 38 35
14 38 34
11 32 35
11 38 32
14 35 29
13 37 26
13 36 27
14 38 27
11 38 29
15 36 29
13 37 28
14 35 30
16 36 29
14 38 30
15 38 32
16 34 33
14 33 30
2 38 37
8 38 35
13 39 36
15 40 31
11 42 25
11 35 24
13 35 25
13 40 28
16 42 33
13 47 36
13 51 46
24 55 61
30 31 40
25 42 46
17 41 50
15 46 46
21 43 47
20 41 44
22 43 44
22 43 45
19 43 47
21 44 47
23 44 46
21 42 46
23 44 45
20 45 44
21 45 44
22 45 44
21 46 44
23 48 45
21 47 44
21 47 42
22 46 41
21 47 43
21 46 43
23 47 43
22 48 40
24 50 38
23 49 39
23 50 40
25 51 40
27 49 39
27 49 42
26 52 43
31 49 50
30 44 50
32 43 48
31 42 49
33 46 49
34 45 51
36 42 51
35 41 50
35 45 53
34 41 52
38 47 53
56 45 58
42 45 50
32 41 48
25 40 50
28 42 48
32 44 40
29 41 36
27 35 39
25 38 48
15 19 63
29 39 51
41 34 39
39 37 51
36 40 56
38 42 46
39 39 52
37 41 60
40 43 50
36 40 50
41 44 50
38 38 47
38 39 44
37 43 47
34 43 59
28 30 59
34 39 48
41 42 44
39 46 46
35 44 57
34 37 54
34 38 49
36 40 51
36 42 52
37 41 49
37 40 52
35 45 52
35 38 45
33 43 56
35 44 51
37 42 52
35 40 49
35 40 51
35 42 53
36 43 50
35 42 50
34 40 51
35 41 52
34 40 51
35 41 51
36 41 51
35 40 50
34 41 51
34 41 51
35 41 52
35 42 51
35 41 51
36 40 51
34 41 51
36 42 51
34 42 51
36 41 51
35 41 50
35 41 51
34 40 51
35 41 52
35 41 51
35 42 51
35 41 51
35 41 51
35 41 52
35 41 51
35 40 51
34 41 51
35 41 51
35 40 51
35 41 51
36 42 51
36 42 50
34 41 50
34 40 52
35 41 51
34 40 50
34 41 51
36 40 51
35 41 51
35 40 51
34 41 50
