14 40 36
14 42 34
14 40 34
13 40 34
13 40 34
12 41 33
13 39 32
12 40 33
13 39 33
11 41 34
11 41 34
11 40 35
12 39 34
17 41 35
15 40 37
13 42 37
16 40 36
17 39 35
21 41 34
19 40 35
19 38 33
12 41 35
8 44 36
10 45 28
15 42 28
19 47 30
17 40 47
15 46 46
28 45 48
34 50 57
36 55 53
30 47 53
32 34 55
30 38 52
33 40 43
29 45 50
22 46 51
29 42 50
31 41 51
30 44 49
28 45 48
26 47 44
28 54 47
32 42 54
27 27 49
20 24 57
16 26 56
18 26 55
20 24 49
25 20 51
31 17 51
33 20 44
33 22 43
37 27 40
34 32 39
36 30 50
29 16 55
22 26 55
25 11 47
26 22 40
33 13 43
39 14 44
39 16 44
32 15 45
29 13 45
30 14 43
30 17 43
27 14 44
34 8 45
35 20 42
36 19 42
39 16 41
42 16 37
41 15 37
40 9 37
37 17 46
30 24 47
31 22 47
34 19 49
32 21 49
28 20 46
24 20 50
25 17 47
23 14 50
25 17 53
25 19 57
24 19 52
25 17 46
24 15 43
26 16 38
24 18 35
24 16 37
26 18 39
26 17 42
31 15 42
32 17 47
30 22 46
26 23 46
23 25 48
21 29 49
19 25 51
22 14 55
25 30 55
20 38 53
21 34 52
22 37 46
19 34 51
19 26 52
20 28 54
25 33 56
24 32 58
24 35 54
29 35 55
32 36 51
32 29 53
34 35 52
32 28 51
36 26 47
33 21 51
36 23 52
43 22 42
37 20 47
38 27 38
41 20 36
40 18 33
34 14 34
35 14 36
34 16 42
28 10 44
11 13 44
18 3 37
20 15 40
26 18 45
37 21 48
31 25 50
13 26 56
14 45 59
17 42 49
27 49 44
33 45 36
37 34 43
31 36 61
28 27 51
28 30 52
28 31 61
28 32 51
30 29 48
19 27 63
21 35 60
37 33 57
42 28 45
47 15 38
53 22 20
42 21 28
40 27 49
35 28 58
35 25 57
36 30 52
32 33 48
35 17 44
36 17 57
36 23 63
28 22 63
24 32 50
39 27 45
42 29 43
45 27 36
50 18 33
45 18 38
40 29 58
44 29 59
48 27 54
52 31 50
54 29 47
62 25 46
46 27 43
41 18 57
31 27 52
22 31 48
16 28 45
18 32 33
4 21 52
4 12 54
21 13 61
34 9 63
31 25 51
61 42 38
61 39 37
46 5 44
47 31 59
57 27 50
54 33 50
55 29 41
52 31 31
48 27 29
49 22 31
46 16 34
33 14 38
32 14 42
27 15 42
25 17 33
26 17 29
25 16 30
24 18 32
24 24 36
23 18 50
30 7 57
40 10 52
42 8 47
35 17 44
31 27 39
25 31 35
25 31 32
27 13 33
14 1 63
5 7 61
17 18 60
24 26 57
32 26 42
22 28 46
10 27 45
9 31 50
13 31 51
18 31 47
23 28 51
23 28 52
23 35 48
22 33 44
29 33 46
43 48 40
8 31 54
5 29 59
9 31 55
25 37 49
27 31 47
20 38 48
23 28 44
24 21 51
16 22 49
19 24 43
33 27 9
4 63 63
59 3 62
40 40 62
43 48 63
38 34 48
25 38 45
29 37 47
32 36 35
36 38 37
33 41 61
32 39 60
34 37 52
35 47 55
41 51 52
38 48 53
35 36 49
31 41 50
29 46 38
37 49 61
50 33 53
35 29 54
36 41 38
39 50 32
34 58 36
38 47 31
45 56 35
46 60 36
42 62 56
44 57 62
39 27 9
22 20 18
26 45 46
48 62 63
32 39 29
40 49 47
40 50 46
37 47 45
37 44 46
37 46 44
39 43 51
35 49 48
38 46 48
35 44 50
35 39 50
36 39 53
37 41 49
38 43 50
39 45 50
37 46 49
36 45 47
34 41 50
35 37 57
38 40 57
33 35 45
35 29 50
33 30 58
33 36 51
35 35 54
34 34 53
33 34 53
33 34 54
35 36 52
34 34 52
33 36 52
35 35 54
35 36 52
34 36 52
36 37 52
35 36 52
35 34 52
33 36 52
33 36 53
34 37 53
34 38 53
34 36 53
35 37 52
34 36 52
35 37 52
34 36 52
34 35 52
35 35 53
35 37 53
34 37 52
35 36 53
35 37 53
35 38 53
35 37 52
35 37 53
35 36 52
34 37 52
35 37 52
34 37 53
35 37 53
35 36 53
34 37 53
35 38 52
35 39 52
34 39 52
36 36 54
