10 32 28
11 31 29
11 32 30
11 32 27
11 31 28
10 29 28
11 32 28
11 32 30
13 33 28
13 34 30
13 35 30
12 34 31
11 34 33
12 37 31
13 37 32
11 36 32
13 37 31
12 36 31
13 36 32
12 36 32
13 37 33
12 36 32
12 38 32
13 39 32
13 39 33
12 40 32
13 44 31
15 45 35
12 46 34
11 42 36
17 44 41
12 36 42
12 37 45
15 41 36
23 41 28
21 36 29
17 34 33
12 33 38
10 31 38
8 28 39
2 34 42
6 43 38
8 36 35
11 37 37
12 39 36
11 37 34
13 37 35
13 37 36
12 38 34
14 38 33
13 38 33
12 39 34
13 40 35
14 39 36
14 41 34
16 42 35
16 41 38
14 42 35
14 42 37
13 42 37
15 41 35
13 41 35
11 39 33
14 41 35
12 37 30
13 45 37
6 45 33
0 44 31
24 46 50
36 36 54
30 45 45
21 49 36
15 36 20
11 38 29
12 43 33
11 38 38
10 38 38
13 38 38
13 39 36
12 39 37
13 40 39
14 41 38
15 41 38
13 41 38
15 41 37
16 44 39
17 46 46
16 44 43
20 43 42
17 45 43
15 51 43
16 42 41
8 34 48
9 42 32
23 43 29
35 45 42
37 39 50
28 42 52
12 37 55
8 46 46
16 45 49
15 38 43
21 41 42
19 42 45
14 43 47
20 44 44
18 42 42
15 33 41
13 38 40
14 45 40
16 42 44
22 35 40
18 43 44
13 32 48
15 31 49
15 30 48
22 29 42
23 31 44
23 32 46
20 37 51
16 37 53
18 32 49
19 33 46
20 34 45
20 43 52
24 39 50
23 37 48
20 34 46
22 35 45
20 38 51
16 34 51
19 35 49
21 36 47
19 34 48
17 32 50
18 33 48
19 33 47
17 32 48
19 33 47
18 33 48
19 34 48
19 35 47
19 35 48
20 35 48
19 36 47
20 34 47
20 35 47
20 35 48
20 35 48
19 35 47
18 35 47
19 34 48
18 36 49
19 34 48
