12 38 33
11 37 34
12 38 34
13 40 35
11 38 33
12 39 34
13 38 34
12 41 33
13 40 33
14 42 32
14 35 29
12 39 29
11 37 32
6 41 31
9 38 31
18 39 30
26 37 30
23 41 33
22 37 32
19 44 29
13 41 28
7 43 26
5 37 21
9 37 23
12 35 22
13 36 26
6 37 35
10 32 31
12 40 33
12 39 33
14 39 32
14 41 32
11 41 36
6 45 44
8 44 47
14 34 40
21 34 38
21 36 37
16 36 44
13 37 48
14 34 46
17 34 43
19 34 39
15 35 41
11 34 45
14 35 43
14 33 40
12 33 38
11 30 35
14 29 38
12 31 35
8 29 39
12 29 37
12 32 35
10 28 33
12 34 34
14 37 37
14 36 39
13 41 40
17 42 42
19 40 49
22 46 42
21 43 40
19 45 37
20 45 37
21 43 37
18 32 58
27 39 39
25 50 56
28 47 48
31 49 48
34 47 49
36 46 50
33 46 50
33 44 49
37 43 49
39 46 50
39 42 50
38 39 49
42 36 50
42 41 53
43 44 50
49 49 54
55 44 52
46 39 47
37 36 45
29 38 45
23 41 45
28 39 41
23 41 41
22 44 44
27 48 63
33 48 54
33 43 48
41 40 43
44 46 51
43 41 52
31 41 53
32 41 48
32 38 47
38 40 45
41 46 45
36 47 49
31 37 62
32 35 55
34 46 49
36 40 45
37 47 46
35 44 49
35 42 52
36 42 50
35 43 50
35 44 49
36 42 50
35 44 51
34 43 50
37 45 49
35 43 50
34 43 52
36 45 50
36 44 49
36 43 48
35 45 49
36 44 50
33 43 50
35 43 51
35 43 50
35 43 51
35 40 51
35 42 50
35 43 50
35 43 49
35 41 51
34 43 51
39 42 49
38 48 49
33 44 52
35 40 54
35 41 49
37 44 48
35 43 50
36 42 50
36 42 51
37 42 51
36 43 50
35 43 50
35 42 50
35 42 50
35 41 50
36 42 50
34 42 50
36 42 51
35 42 51
35 42 50
35 42 51
36 43 52
35 42 49
36 43 50
36 43 50
36 43 50
35 43 50
36 41 51
35 41 49
35 43 49
36 43 51
34 44 52
35 42 51
36 43 50
36 42 50
35 44 50
35 42 51
35 44 51
37 42 49
36 43 50
36 43 51
