13 39 36
13 39 36
12 39 35
14 39 36
14 38 35
12 39 36
13 38 35
13 39 35
12 39 35
13 38 35
12 38 35
13 38 35
12 37 36
13 39 35
13 38 36
13 39 35
13 38 36
13 39 35
13 38 34
13 38 34
14 39 35
14 39 35
14 36 34
15 38 32
17 37 29
13 38 28
14 39 29
11 39 33
11 38 34
13 41 31
13 38 29
13 39 29
14 40 30
14 38 28
12 38 26
13 37 28
13 39 28
12 39 29
12 38 30
12 39 29
7 39 27
6 39 26
3 38 25
12 38 27
19 39 32
20 42 36
16 45 39
12 42 35
12 42 36
14 44 36
17 42 37
14 43 40
15 42 41
17 43 40
17 43 42
17 41 42
16 41 42
17 42 43
19 43 42
18 43 43
18 43 42
17 43 46
18 42 42
19 40 43
18 45 40
19 46 39
20 46 41
18 43 42
22 47 41
23 52 44
20 49 46
21 44 44
26 47 45
23 45 46
22 47 47
23 41 46
26 40 48
24 35 50
25 34 51
26 35 50
23 39 50
25 38 50
24 41 51
25 43 50
25 49 51
28 43 48
27 40 50
30 33 51
28 32 52
27 38 51
27 36 50
27 37 52
27 38 53
29 36 54
30 36 53
29 36 53
29 36 52
28 36 50
25 34 51
29 34 53
33 28 49
34 32 51
30 33 52
29 35 53
27 34 55
29 30 55
29 32 53
31 30 52
29 30 52
29 30 50
27 30 53
26 30 53
29 31 53
29 30 53
29 31 52
29 29 53
28 30 52
30 31 52
27 30 52
28 32 53
28 31 53
28 30 52
28 31 53
28 31 53
27 30 51
29 31 51
29 30 52
29 31 52
30 31 53
28 30 52
27 31 53
28 32 52
28 32 53
27 31 52
28 30 52
28 31 52
28 31 52
28 31 52
29 33 53
29 32 52
28 31 52
28 30 53
28 31 53
28 31 53
28 32 52
29 31 52
29 31 52
29 32 52
29 31 52
28 31 53
28 30 52
