34 40 52
34 41 51
34 41 51
35 42 51
33 41 52
34 40 50
34 41 52
34 42 51
35 41 51
34 39 52
35 41 52
34 40 50
35 42 51
36 41 51
34 41 51
34 41 51
35 40 51
35 40 51
34 40 51
34 41 51
34 41 51
34 41 51
34 40 52
35 40 52
34 40 52
34 41 52
34 41 52
34 41 52
34 41 51
35 42 51
35 44 50
35 46 48
35 45 48
37 46 49
36 45 48
38 45 49
37 43 46
36 41 48
36 44 49
37 45 52
35 44 50
35 43 50
35 45 49
34 43 50
35 43 50
33 41 50
33 42 50
34 43 51
35 43 50
35 44 50
35 45 49
35 45 48
36 46 48
35 43 49
34 45 50
35 44 49
34 46 50
34 45 51
32 47 49
34 46 47
32 50 46
32 45 47
32 48 44
31 51 47
31 49 46
33 49 48
33 47 46
32 50 47
34 48 48
34 49 48
36 45 47
37 44 47
38 44 47
39 45 49
38 43 48
39 44 49
39 42 47
40 44 49
41 43 49
40 42 48
40 42 48
40 40 48
42 41 49
43 40 49
43 42 49
41 37 48
44 39 49
42 39 49
42 39 49
44 39 49
44 39 48
42 39 48
43 38 49
43 37 50
43 38 50
43 37 49
43 37 50
44 39 50
45 36 49
45 36 50
43 34 49
45 37 50
44 35 49
45 35 50
44 36 49
45 33 48
45 35 49
44 32 50
45 33 50
45 34 49
45 34 49
44 32 48
44 33 49
45 33 50
44 32 49
45 31 49
44 32 49
45 31 49
44 32 49
46 31 49
45 31 49
44 31 49
45 31 50
44 31 49
45 31 50
45 30 49
46 32 48
44 31 49
46 31 49
46 31 49
45 31 48
46 32 48
45 30 49
46 31 48
45 32 48
45 30 49
47 31 48
47 31 48
46 30 49
45 32 49
44 30 49
46 32 49
46 31 49
45 30 49
45 32 49
45 30 49
46 31 48
46 30 50
46 29 49
45 30 49
46 31 49
45 30 48
45 30 49
45 30 50
45 30 47
45 30 49
46 31 48
45 31 48
45 30 49
45 30 48
46 31 49
46 29 49
46 30 49
45 30 47
45 31 48
46 29 49
45 29 47
47 30 48
46 30 49
46 31 48
46 32 49
47 32 49
47 32 49
47 34 48
45 35 48
47 36 49
46 35 48
46 35 47
44 36 48
45 36 47
46 38 47
44 40 48
46 39 49
44 40 47
44 41 47
43 41 47
44 43 47
42 43 47
43 44 48
42 45 48
43 45 46
41 45 47
41 44 47
41 47 46
41 46 47
40 46 46
42 48 44
41 48 46
40 46 45
38 47 45
41 48 45
39 48 44
38 48 45
39 48 45
39 48 45
39 48 43
38 48 44
39 48 44
38 49 43
38 48 44
37 49 44
39 49 44
38 50 43
38 50 42
36 51 43
38 49 43
37 49 42
37 49 43
36 50 42
35 50 43
36 48 43
36 51 43
35 51 44
35 49 43
35 49 44
34 50 42
35 51 42
34 51 43
33 47 43
34 51 43
35 50 45
36 47 46
37 49 47
36 49 46
37 47 48
36 47 47
37 40 49
36 40 48
36 31 43
38 36 47
34 33 51
33 33 54
35 34 59
33 36 54
35 36 50
33 40 55
33 38 52
34 37 52
34 37 52
33 38 53
33 37 52
32 38 52
35 37 52
32 37 52
34 37 52
34 39 52
35 36 53
34 37 52
34 38 52
34 37 52
34 37 52
34 39 52
34 37 53
34 37 52
35 38 52
34 39 52
33 36 53
34 39 52
34 37 52
33 36 53
34 40 52
34 37 52
34 39 52
34 37 52
33 38 53
34 39 52
34 39 51
34 39 52
34 38 52
34 38 52
34 38 53
33 39 52
