33 40 52
33 39 52
32 39 52
30 38 52
31 39 52
32 39 52
32 38 51
32 39 53
32 39 51
30 39 53
32 39 52
33 39 52
32 39 51
32 39 51
31 38 52
32 39 52
32 38 52
31 39 51
32 38 51
33 41 51
33 40 52
32 40 53
33 39 52
34 38 51
33 38 53
32 38 53
32 38 53
31 38 53
31 39 52
32 38 52
31 37 53
31 39 51
32 40 51
30 39 52
30 38 52
31 39 52
31 41 51
30 41 51
31 41 51
30 41 51
31 41 51
31 42 51
32 42 51
33 42 51
32 42 50
32 42 50
31 41 50
33 41 50
31 43 51
33 43 52
33 44 51
34 43 52
35 44 51
36 43 50
37 39 47
38 40 49
37 41 49
38 40 51
37 42 51
37 42 52
37 42 51
36 41 51
34 42 50
36 42 48
36 43 49
35 45 50
36 44 49
35 45 50
35 44 49
34 44 50
35 44 50
35 44 50
32 43 51
34 44 50
34 45 51
33 43 50
34 43 50
34 44 50
32 43 50
34 44 50
34 44 50
33 42 50
33 44 49
33 44 51
33 44 50
33 44 50
34 44 50
34 44 50
33 43 50
33 44 49
33 42 51
33 44 50
34 44 50
34 43 50
33 43 51
34 41 50
33 42 50
33 42 51
33 44 50
32 42 51
34 42 50
32 42 51
34 42 50
34 43 51
33 43 50
33 43 51
34 42 51
33 43 50
35 43 51
34 42 51
33 42 51
34 43 50
35 43 50
34 43 51
33 43 51
33 44 51
33 43 50
33 45 50
34 44 51
34 44 50
36 44 51
36 44 51
37 45 51
37 45 52
38 42 50
39 41 49
39 38 50
39 40 51
39 36 52
41 36 51
41 36 51
40 36 52
42 34 52
41 33 51
41 32 51
42 32 52
41 31 52
40 31 52
40 32 52
40 30 51
40 29 52
39 29 51
41 28 50
42 28 52
40 28 51
42 28 52
41 27 51
40 26 51
39 25 51
40 26 51
40 25 51
40 25 51
39 25 50
40 25 51
40 25 50
40 25 50
40 25 51
40 25 50
39 24 50
39 24 50
40 25 50
39 24 50
39 24 49
39 24 51
38 25 50
38 24 50
40 24 50
40 23 50
40 22 51
40 23 50
40 23 50
39 24 50
40 24 49
39 23 50
40 23 49
40 23 48
40 23 50
40 22 50
40 23 49
40 23 50
40 23 50
41 23 50
40 24 49
39 24 49
40 22 49
39 23 49
39 23 49
40 22 49
40 22 49
40 22 49
39 22 49
40 24 49
39 22 49
39 21 49
40 22 48
39 22 49
39 22 50
40 21 49
39 22 49
39 21 50
39 22 49
40 20 49
39 22 49
40 22 49
40 21 49
40 22 49
40 22 49
39 22 50
40 22 49
40 21 50
39 22 49
40 21 49
39 22 48
40 21 50
38 21 49
40 21 48
40 22 49
39 22 48
40 22 49
39 21 48
39 22 48
41 23 50
40 26 50
41 26 52
41 28 52
41 27 52
41 30 51
41 30 51
42 32 53
42 33 52
41 35 53
41 35 52
40 36 53
41 37 52
40 35 51
39 33 50
40 34 47
40 33 49
39 35 50
39 39 52
38 43 52
37 44 54
36 46 52
34 45 52
34 47 49
33 44 50
33 45 50
34 45 50
32 45 49
34 44 50
32 45 50
33 46 49
34 44 48
32 45 49
33 45 50
33 46 50
33 43 49
30 44 52
29 41 51
30 42 51
32 42 51
33 42 51
33 39 51
34 41 53
32 41 51
32 42 51
32 41 51
32 40 51
31 42 51
32 39 51
32 42 51
33 41 50
33 43 51
32 41 52
33 41 50
32 41 51
31 41 50
34 40 51
32 41 51
32 40 51
33 41 51
32 41 51
32 42 52
32 41 51
31 41 51
33 40 51
32 42 52
32 42 51
34 41 52
32 42 52
31 42 51
31 41 51
33 42 51
34 42 51
33 40 50
32 41 52
32 41 52
32 41 51
32 41 51
33 42 52
31 41 52
33 42 51
32 41 51
32 41 50
31 41 51
32 42 51
32 42 51
32 41 52
33 42 51
32 42 52
31 41 51
33 41 51
33 42 51
33 42 51
33 41 51
32 40 52
31 41 51
32 41 51
32 42 51
33 41 51
32 41 52
32 42 51
33 40 52
31 41 51
32 41 52
33 40 52
32 41 51
32 40 51
31 41 52
32 40 51
32 40 51
32 41 52
33 40 51
32 40 52
31 39 52
31 39 52
31 39 52
32 40 52
32 41 51
32 41 51
32 42 51
32 41 51
32 41 52
33 40 51
