31 45 47
37 33 32
31 48 48
31 46 47
32 47 48
32 48 46
32 49 45
32 47 45
32 48 45
32 49 47
32 49 46
32 48 45
32 48 45
32 49 45
31 49 45
32 48 47
32 47 46
32 47 46
32 48 47
31 48 47
33 48 45
32 49 47
30 47 47
31 48 46
32 48 47
33 47 48
32 48 47
32 49 47
32 47 46
31 49 46
31 48 47
32 47 47
31 49 46
31 49 46
32 48 46
31 50 46
32 50 47
31 50 47
34 48 47
35 48 48
36 45 46
39 46 48
40 43 48
41 43 48
42 40 50
43 40 49
44 38 49
45 37 49
45 35 48
46 35 48
47 36 47
47 34 49
48 34 48
47 34 48
46 34 48
46 34 48
46 34 48
46 32 47
47 32 48
48 33 48
47 33 48
48 33 48
47 32 48
46 31 46
47 32 48
46 31 47
46 32 47
47 31 47
48 32 48
48 32 47
47 32 47
47 31 47
47 32 47
47 31 48
47 30 47
46 31 48
46 30 47
47 31 46
48 31 48
47 31 47
47 31 47
48 33 47
47 30 46
48 31 47
47 31 47
47 31 46
47 34 47
46 35 47
46 35 47
45 36 48
44 37 49
44 39 47
43 42 47
40 46 48
39 44 46
34 48 47
31 51 45
31 50 46
30 50 47
29 50 48
29 50 49
29 47 45
30 48 47
31 47 47
30 48 46
31 49 45
32 48 45
31 49 46
31 49 45
32 50 45
30 48 45
30 49 45
31 50 46
31 46 46
31 48 46
30 48 45
28 48 46
30 49 45
31 48 45
31 48 45
31 49 45
31 49 46
30 48 45
31 48 45
30 50 46
31 49 47
31 50 45
31 48 46
32 49 45
30 49 45
31 49 45
30 49 46
31 49 45
32 49 46
31 48 45
31 50 45
31 50 45
30 49 45
31 49 45
32 49 46
31 49 45
32 48 45
32 50 46
30 49 44
30 48 46
32 48 46
31 49 45
32 48 45
30 48 45
31 49 46
31 49 45
31 48 45
30 49 45
31 49 45
30 50 44
31 49 44
