30 41 51
29 41 51
27 39 52
27 41 52
29 42 51
28 41 50
28 41 50
27 41 50
29 42 51
28 41 50
28 41 50
29 41 51
28 41 50
28 41 51
28 41 51
28 42 51
28 40 52
28 41 49
28 41 50
28 41 51
30 41 51
28 41 51
28 41 49
28 41 51
29 41 52
29 41 50
29 40 51
29 42 50
28 40 51
29 41 50
27 40 51
29 40 51
29 41 50
29 42 51
30 41 51
28 41 51
30 41 51
27 41 50
28 41 50
29 41 50
29 42 50
28 41 51
29 41 51
29 41 50
28 41 51
28 40 50
28 40 51
29 40 51
28 41 50
30 41 52
29 40 51
28 40 50
29 41 51
29 40 52
30 40 53
30 38 54
32 37 55
33 34 52
33 39 51
33 38 50
33 38 49
33 41 50
33 42 49
32 43 50
31 41 51
29 44 50
30 45 49
31 45 48
31 47 45
30 46 47
28 47 47
28 48 45
28 49 47
28 49 46
28 52 46
25 49 45
25 50 45
28 50 48
28 49 46
29 49 47
33 51 47
32 48 47
34 46 47
36 46 48
38 44 49
37 44 49
38 43 50
38 40 50
39 39 51
39 38 49
39 36 50
40 35 51
41 34 50
41 35 50
42 33 51
41 32 51
41 33 51
41 32 52
41 32 51
41 31 52
41 32 50
42 29 51
41 29 51
43 29 51
42 29 52
40 28 51
41 29 50
39 28 50
40 29 52
41 29 52
42 29 51
41 27 51
40 28 51
40 29 50
41 28 50
40 27 51
39 27 51
40 28 50
40 28 51
41 28 51
42 27 50
40 27 51
41 26 52
40 27 53
40 27 51
39 26 51
40 26 50
39 24 51
40 25 50
39 24 50
39 24 50
41 23 50
39 22 48
41 21 48
38 22 48
38 21 48
38 22 46
39 21 46
39 20 44
38 21 46
40 23 47
41 21 46
38 23 49
40 26 49
40 28 46
40 31 50
39 37 52
40 40 53
41 42 50
40 43 48
39 41 48
37 44 48
35 48 46
34 49 48
34 50 48
34 51 46
32 51 46
30 52 46
30 49 44
30 50 44
29 49 44
31 51 44
29 51 44
30 50 44
30 51 45
30 50 44
30 49 44
30 49 46
28 49 45
27 47 45
26 47 46
27 46 47
28 45 47
28 46 47
28 46 47
29 45 47
27 43 51
29 40 50
28 37 51
30 37 52
29 35 53
28 36 53
27 32 53
27 33 54
28 34 53
28 34 52
28 36 52
28 35 53
28 33 53
28 34 52
28 34 52
28 34 52
28 35 53
27 34 52
28 35 53
28 35 53
28 34 52
28 34 53
28 35 52
28 35 52
29 36 53
27 34 52
28 36 52
27 35 53
28 36 52
29 34 53
28 35 52
28 35 51
28 34 53
28 34 53
27 35 52
28 35 52
28 35 53
28 35 52
28 35 53
28 35 52
27 35 53
29 35 52
28 35 53
