34 39 51
33 39 52
34 39 52
35 38 52
34 39 53
35 37 51
34 39 52
34 38 53
34 39 52
34 39 52
33 40 52
35 40 52
35 39 51
35 39 52
34 39 52
34 41 51
34 41 54
35 39 53
35 39 53
36 42 52
36 42 52
37 41 51
38 42 50
39 40 49
41 41 48
39 41 49
38 39 47
38 44 50
35 41 50
36 42 52
36 45 49
36 43 48
37 45 47
39 47 48
38 46 49
38 47 48
38 44 47
36 47 46
35 48 48
36 47 46
37 47 48
37 48 45
36 48 46
36 47 46
38 46 47
36 47 46
39 49 47
37 48 47
40 48 48
39 47 46
39 47 46
40 47 47
40 47 47
41 46 46
41 44 47
43 44 46
43 44 45
42 44 47
41 43 48
42 43 47
43 42 47
43 41 47
45 41 48
43 41 48
45 40 49
44 40 48
44 40 48
45 40 48
44 39 50
44 38 48
45 40 48
43 38 48
45 40 49
45 38 49
45 37 49
44 37 49
45 38 49
45 37 49
45 36 48
45 35 49
45 38 50
46 36 48
46 34 50
46 35 49
45 34 50
45 34 50
45 34 49
45 34 50
45 33 48
44 33 50
44 32 49
45 33 50
45 33 50
45 34 50
46 33 49
44 32 50
45 32 50
45 33 49
46 32 49
45 32 49
46 33 50
45 31 48
46 32 49
46 33 49
46 32 49
46 32 49
44 32 50
44 32 49
46 31 50
45 33 49
46 31 49
46 32 49
46 31 49
47 31 50
46 32 51
44 31 49
46 32 50
46 33 49
46 32 49
45 30 49
46 32 50
45 31 48
45 31 49
45 32 50
46 32 49
47 32 49
46 32 50
45 32 48
46 32 49
44 30 49
46 32 49
46 32 49
45 33 50
45 31 49
46 32 50
45 31 49
46 31 49
46 31 50
46 30 49
46 30 49
45 30 49
44 31 49
46 32 50
46 31 50
45 30 51
45 30 49
44 30 50
46 32 48
45 32 49
46 31 49
46 33 49
46 34 48
46 32 48
47 33 49
46 36 48
45 37 48
45 38 48
44 37 47
45 40 47
45 39 48
43 41 47
43 42 49
42 44 46
42 46 47
39 46 45
40 47 46
40 48 46
41 48 46
40 49 46
39 47 46
38 46 46
38 49 46
38 48 45
35 49 46
36 52 45
36 49 44
37 50 45
37 48 44
37 52 44
36 48 43
35 49 45
34 49 44
35 47 46
36 48 44
37 48 48
37 48 49
37 48 48
37 41 48
37 43 54
34 37 52
35 40 53
35 29 52
35 36 51
32 33 52
33 37 58
33 34 52
33 36 53
33 37 53
33 37 53
33 38 52
34 37 53
34 39 54
34 36 52
33 38 53
33 38 53
33 37 52
34 38 54
34 38 53
34 37 52
33 38 52
34 38 51
35 38 52
34 37 54
34 38 52
34 39 52
34 38 53
35 38 52
33 38 53
33 38 52
34 38 51
32 37 52
34 39 53
33 38 52
33 38 52
34 38 53
34 38 52
33 39 52
35 38 52
34 37 53
33 39 52
33 38 52
34 39 53
33 39 52
33 38 52
34 37 52
34 39 52
33 38 52
34 38 52
33 38 53
34 38 52
32 38 53
35 38 52
34 38 53
33 37 53
33 38 53
34 39 52
33 39 52
33 40 53
34 39 54
34 38 52
34 38 52
34 38 53
35 38 51
32 38 53
34 38 53
34 38 52
33 38 52
33 38 52
34 38 53
34 38 53
34 37 51
33 38 53
33 38 51
35 38 53
33 39 53
34 39 53
34 39 54
34 38 52
34 38 52
33 38 52
33 37 53
33 38 52
33 38 53
