22 40 47
22 40 48
21 41 48
22 40 48
22 40 48
22 39 49
22 40 48
22 40 47
22 39 48
21 40 49
22 40 48
21 39 48
22 40 48
21 39 49
23 40 49
22 40 49
20 40 50
22 43 51
24 44 51
25 42 49
27 49 49
28 50 47
29 50 44
32 48 43
33 46 44
30 49 44
30 47 44
31 46 46
32 46 47
33 45 46
30 49 46
31 47 46
30 49 44
30 47 45
31 50 45
31 48 47
29 49 45
28 47 45
28 50 46
30 52 45
31 51 45
33 50 45
34 49 44
34 48 46
37 47 46
37 47 46
38 47 48
39 45 48
38 44 47
40 44 48
40 42 48
40 43 48
41 41 48
42 41 50
41 39 50
41 40 50
41 39 50
41 39 50
42 38 51
41 38 50
43 37 49
42 36 50
41 36 50
42 36 51
42 35 52
43 34 51
42 34 50
42 34 51
41 33 51
41 32 52
42 33 50
41 33 52
42 32 51
41 32 51
41 33 51
40 33 52
42 34 51
42 34 51
42 33 50
41 35 50
42 36 50
41 38 50
41 40 50
41 39 49
41 40 49
41 42 47
41 44 48
40 44 46
39 45 45
39 45 46
39 46 47
40 47 47
40 48 47
40 49 48
40 49 48
38 49 47
38 48 47
38 48 45
39 47 46
38 48 45
40 48 45
38 48 45
38 46 46
38 47 46
39 46 45
38 48 45
38 48 46
38 47 46
39 47 46
38 47 47
38 48 45
39 47 45
38 47 46
38 48 46
39 47 45
39 48 45
38 48 46
39 48 47
39 49 45
39 48 46
40 47 47
40 45 48
39 45 47
38 45 49
39 46 48
39 46 46
38 45 45
35 47 45
32 50 46
29 50 45
28 51 45
28 49 45
29 47 45
29 48 45
30 47 46
27 48 46
27 47 47
28 50 45
28 49 47
22 45 45
24 49 43
30 45 42
35 48 43
38 48 46
36 50 49
34 52 45
31 49 46
33 48 43
31 46 44
29 49 44
27 50 43
25 50 43
24 55 45
21 52 49
23 43 46
22 44 45
22 46 45
22 46 47
22 43 46
23 44 46
22 43 46
22 45 47
23 43 47
22 44 46
22 44 45
22 44 46
21 43 47
22 43 46
23 43 47
22 43 46
22 44 46
22 44 46
23 44 46
22 42 47
23 44 47
23 43 48
23 44 47
23 42 46
22 42 47
22 43 46
22 44 47
22 44 47
23 43 47
23 42 48
23 42 47
22 44 47
24 44 48
22 43 47
22 43 47
22 44 47
22 43 48
23 43 47
23 43 48
22 43 48
23 43 46
