29 39 52
30 38 52
30 39 51
30 39 53
30 39 52
31 40 52
30 39 52
30 39 52
30 39 51
32 41 52
29 39 52
32 40 52
31 40 51
31 38 52
29 41 51
30 38 52
32 38 51
30 39 51
31 38 52
30 39 51
29 39 52
29 39 53
31 40 51
32 40 52
30 39 52
31 40 51
31 40 52
31 40 55
36 38 55
36 37 53
35 44 54
32 40 45
34 43 51
30 43 49
31 45 51
30 41 47
28 40 47
26 44 48
23 47 47
23 47 46
28 47 47
27 49 46
27 47 44
29 48 45
25 50 45
24 49 45
25 51 47
28 51 48
30 49 47
33 47 48
34 44 49
36 42 49
36 43 48
38 43 49
40 41 50
40 40 50
41 37 50
41 38 50
41 36 50
41 35 51
40 33 50
40 35 51
41 32 51
41 32 51
40 31 52
39 32 52
39 30 51
40 31 52
40 31 52
40 30 50
40 31 52
39 30 50
40 28 51
40 29 51
40 29 51
40 29 51
40 29 51
40 29 51
40 28 51
40 27 52
40 28 51
41 28 52
40 28 50
40 28 50
40 28 51
41 28 52
40 26 51
39 26 51
39 28 50
40 27 50
42 27 51
41 27 51
41 28 51
40 28 51
41 27 51
40 28 51
40 27 51
40 27 51
40 27 51
40 26 50
40 27 50
40 27 51
39 27 51
40 26 50
41 26 51
40 26 51
41 27 50
40 26 50
39 26 51
40 26 51
41 26 51
41 26 51
40 25 51
41 26 50
40 26 50
38 26 49
39 26 50
39 27 50
41 27 52
40 25 51
40 27 51
40 27 51
40 26 50
40 26 50
40 26 50
41 26 51
39 26 50
40 25 51
41 26 51
40 25 51
41 26 51
40 27 50
40 24 51
40 26 50
40 25 49
40 26 51
40 25 50
39 24 50
40 26 51
40 25 50
40 25 50
40 24 49
40 25 48
40 26 50
39 25 51
40 26 50
41 25 50
39 27 49
41 27 49
41 26 51
42 27 48
42 27 50
43 33 52
42 34 49
41 37 48
41 38 48
40 40 49
38 43 48
35 46 49
34 48 47
33 46 47
29 48 45
28 49 45
28 50 44
27 50 45
27 50 45
27 50 45
27 51 44
27 50 44
26 50 45
28 47 43
26 49 44
26 49 44
24 50 46
21 48 46
19 48 45
21 48 45
23 47 45
26 46 45
28 46 45
32 43 48
31 42 47
32 42 46
31 45 49
31 37 54
33 40 53
34 37 53
32 38 51
31 43 54
27 44 56
29 40 50
30 44 51
30 41 51
31 44 50
30 42 49
30 43 51
30 43 49
29 44 50
31 42 50
30 43 51
31 42 51
29 43 50
30 42 50
30 43 50
31 43 50
30 43 50
31 42 50
30 42 50
30 42 49
31 42 50
30 42 49
30 43 51
30 43 50
30 42 51
30 43 49
32 43 50
29 43 50
30 42 49
30 43 51
31 43 50
31 43 50
30 41 49
31 42 50
30 43 50
30 42 50
31 42 50
31 42 50
30 43 50
30 42 50
30 43 51
29 44 49
30 43 50
31 42 50
30 42 50
30 44 50
31 43 52
