33 43 50
33 42 51
34 42 50
34 43 49
32 42 50
33 42 50
34 43 51
33 43 50
35 42 51
34 42 50
34 44 50
34 43 50
33 43 50
32 42 50
33 42 50
34 44 51
33 43 50
33 42 51
33 43 50
34 41 50
34 43 49
33 42 51
33 42 50
34 43 51
32 43 50
34 42 52
36 42 52
34 39 50
34 39 51
35 39 51
39 42 50
36 39 51
35 41 51
36 44 50
33 43 50
33 40 53
32 43 52
31 45 52
32 44 52
32 44 53
34 43 52
35 41 50
36 39 49
36 38 50
38 40 51
37 39 51
38 37 51
38 38 52
39 37 51
38 35 52
39 38 53
40 36 52
39 34 52
41 33 52
39 34 52
39 34 52
39 31 51
40 33 50
39 32 52
40 31 50
41 31 52
40 31 51
40 32 51
41 31 51
41 31 53
41 31 50
41 30 51
41 30 51
40 29 51
41 30 51
41 29 51
43 30 50
41 29 51
40 29 50
43 29 50
41 29 51
41 29 50
41 29 49
41 29 50
41 28 51
42 28 51
41 29 49
42 30 48
43 31 49
43 28 50
43 32 50
42 32 52
43 31 50
41 32 50
41 31 50
42 33 49
40 34 48
41 37 50
42 39 52
40 40 53
40 41 51
38 41 51
38 41 51
38 41 51
35 42 50
37 43 50
36 42 50
34 43 50
35 43 50
36 42 50
35 43 51
34 42 50
35 43 50
36 43 50
35 43 50
34 42 51
35 43 51
36 42 50
35 41 50
35 42 50
35 44 50
35 43 50
34 42 51
34 43 50
32 43 52
32 41 49
34 41 50
34 42 51
35 43 50
34 41 52
36 44 48
35 41 51
35 41 50
34 43 50
35 41 50
34 44 50
34 42 51
34 42 51
33 42 50
32 43 50
33 41 50
35 43 51
33 41 51
34 42 50
33 43 51
34 43 51
33 39 52
33 41 51
34 40 51
34 42 51
32 42 51
34 41 51
33 42 51
34 41 51
