22 42 47
22 42 48
22 43 46
21 43 47
22 43 47
22 42 47
22 43 46
22 42 47
23 42 46
22 42 47
22 41 48
22 42 46
22 42 47
23 43 48
21 42 47
23 43 48
21 42 47
22 43 47
23 42 48
22 43 48
23 42 47
22 42 47
23 42 48
23 42 47
21 41 48
22 42 47
22 43 48
22 41 47
21 42 47
23 42 46
22 41 47
22 42 46
22 43 47
22 41 48
21 41 50
21 45 48
22 46 47
21 51 49
25 48 49
31 52 47
32 49 45
35 47 44
33 46 41
30 48 41
31 50 40
32 49 42
34 49 44
31 50 43
31 48 45
30 50 43
29 49 45
30 50 44
32 47 44
32 50 46
31 50 44
30 49 45
29 52 44
28 51 44
30 52 43
32 51 45
33 49 44
35 47 44
36 48 46
38 48 47
38 44 47
40 44 47
39 44 47
41 43 47
41 40 48
41 41 49
43 40 49
42 41 50
42 39 50
42 39 49
42 37 49
42 39 50
42 36 50
42 38 51
42 39 50
42 36 52
42 35 51
42 34 50
42 33 51
41 32 49
43 32 50
42 32 51
42 33 51
42 33 50
42 31 50
42 31 51
41 30 51
41 30 51
43 31 51
42 29 51
43 28 50
41 29 50
42 27 51
43 29 50
42 28 51
42 28 51
41 29 51
42 28 50
43 28 50
43 26 50
42 28 49
43 26 50
43 26 50
43 26 50
43 25 48
43 25 48
44 24 49
44 24 47
42 25 48
43 25 48
44 26 48
44 23 48
44 24 48
42 25 48
44 25 46
42 24 47
44 24 48
44 26 48
43 27 48
42 26 49
43 28 50
44 28 51
45 31 50
44 33 47
44 35 49
43 36 48
41 40 47
40 41 48
38 42 47
34 45 48
35 46 49
35 47 49
34 48 49
31 50 48
30 49 47
30 48 46
29 50 47
26 49 47
27 47 46
28 48 47
28 47 46
28 46 48
27 49 47
27 45 47
24 45 48
26 46 45
29 44 48
31 47 48
34 42 51
37 42 53
33 46 48
29 45 49
24 46 45
26 47 45
27 47 43
29 50 44
29 49 46
31 47 46
29 44 47
31 42 48
31 40 48
28 43 46
28 46 46
28 46 51
27 49 52
25 48 50
24 47 50
23 46 48
20 45 44
20 47 46
23 41 47
22 45 47
23 44 46
22 44 46
22 44 45
22 44 45
22 45 46
23 45 46
22 44 45
21 45 46
22 44 46
21 43 46
21 44 45
22 44 46
22 44 46
22 44 47
21 45 45
22 43 46
22 43 46
21 44 46
21 43 46
20 44 46
22 43 46
22 43 47
22 42 46
22 42 46
22 43 46
22 44 47
21 44 46
23 45 46
22 44 45
22 45 46
21 43 46
21 44 46
22 45 46
22 44 46
22 44 46
23 44 46
21 44 46
21 44 46
21 44 46
21 42 46
21 43 46
23 44 46
21 44 46
22 43 45
21 44 46
22 45 46
21 44 46
