27 39 51
27 38 52
25 41 52
26 41 51
27 40 51
27 39 51
27 39 52
27 39 50
27 39 51
28 38 51
27 40 51
27 38 50
27 39 52
27 39 51
25 39 51
29 38 51
27 39 51
27 39 51
27 40 51
27 40 51
28 41 51
27 39 51
27 39 51
27 39 51
27 40 50
27 39 51
27 40 51
26 41 50
24 39 53
22 34 50
29 35 51
32 36 45
31 47 53
25 41 53
28 44 50
28 44 48
26 45 49
27 48 49
29 47 47
32 47 48
33 45 46
33 50 45
31 50 44
30 44 45
29 45 47
29 48 45
28 54 46
29 50 44
27 47 46
28 48 48
31 49 46
30 49 44
29 48 44
29 50 43
30 51 44
31 49 44
30 51 44
27 50 44
28 50 43
27 53 44
27 52 42
27 52 44
29 51 45
31 51 43
33 49 44
34 49 45
34 51 44
39 48 45
39 46 45
41 47 46
41 46 48
42 46 47
42 43 47
42 41 48
43 40 47
45 38 47
44 37 48
44 36 48
43 37 48
45 36 50
45 36 49
45 33 50
44 33 50
45 32 49
45 32 49
44 31 51
44 31 49
45 31 50
44 29 50
44 30 50
45 31 51
43 29 50
44 30 50
44 30 49
44 29 49
45 28 50
44 30 49
44 30 49
43 30 50
44 29 50
46 32 50
44 32 50
43 33 47
45 34 47
43 37 46
43 39 45
42 41 45
38 46 47
35 50 46
33 54 46
31 54 45
30 52 44
31 52 45
30 50 44
31 51 44
31 51 43
31 50 42
29 50 43
29 50 45
30 50 42
30 51 43
29 52 45
28 51 44
28 51 42
25 51 41
27 51 43
26 51 45
27 51 44
27 49 43
34 50 40
33 48 42
33 49 46
27 46 49
33 48 47
33 49 47
32 50 45
31 46 44
33 48 47
31 48 47
31 49 46
33 50 45
31 48 44
32 49 45
30 49 44
29 49 46
30 50 44
31 51 44
31 50 45
32 50 44
31 50 44
31 50 44
30 49 44
31 51 45
32 50 45
31 50 45
31 49 45
31 49 45
32 50 44
33 50 44
31 48 45
31 50 46
31 50 44
32 49 44
31 49 43
32 48 45
29 49 45
31 49 45
30 49 45
31 48 46
31 49 45
31 48 44
32 49 44
32 48 45
32 48 45
32 49 45
