34 39 52
34 39 52
33 37 51
34 37 52
33 37 53
34 37 52
34 37 51
34 37 52
35 36 53
34 37 53
34 37 53
34 38 53
33 37 53
34 38 52
33 36 53
32 38 52
33 38 53
34 37 52
33 37 53
34 37 53
33 37 53
32 38 53
32 38 52
34 37 52
33 36 53
34 37 52
33 38 52
33 36 53
31 37 53
32 37 53
34 37 52
32 38 53
33 36 53
34 37 53
33 36 53
33 37 53
34 38 52
34 36 53
33 37 54
33 38 52
34 38 54
33 37 52
33 37 53
33 37 55
33 36 54
33 37 53
30 38 53
31 39 54
29 39 53
29 38 51
31 38 51
32 40 51
36 43 48
36 49 49
37 41 51
34 41 52
32 39 51
31 41 51
30 43 51
32 43 50
33 45 49
32 49 49
30 49 49
27 44 51
30 45 49
33 45 50
34 45 49
32 42 48
33 43 50
34 40 51
32 41 52
33 40 51
32 40 52
31 40 50
31 39 50
33 39 50
34 38 51
35 37 52
35 37 53
36 36 53
35 36 53
36 34 52
37 34 53
37 33 53
36 34 53
37 34 53
38 32 53
37 31 53
37 32 53
36 33 52
35 31 53
36 31 53
37 30 52
36 31 53
36 31 52
36 31 52
35 30 53
35 30 52
36 28 51
36 29 52
36 27 51
36 29 52
36 28 51
36 27 53
37 29 53
35 28 52
36 27 51
36 27 52
37 26 51
36 25 51
36 27 51
35 27 53
36 27 51
37 27 51
36 27 52
36 26 52
35 27 51
37 25 51
34 26 52
36 26 52
36 26 52
35 26 51
36 26 52
35 25 52
34 25 50
35 25 52
35 26 53
36 26 51
36 25 51
35 25 51
36 25 52
36 25 50
35 24 53
35 26 50
34 25 50
36 26 51
35 24 51
35 23 52
35 24 50
37 26 52
37 25 51
37 25 51
36 26 51
35 28 52
35 25 51
35 27 52
35 30 51
34 28 51
35 31 51
35 32 51
35 33 53
38 36 53
38 37 51
36 38 52
37 41 51
35 42 50
35 44 49
35 45 49
33 46 48
32 46 48
31 46 48
32 48 49
31 47 48
31 46 47
29 46 48
29 47 47
29 46 47
27 45 49
27 47 49
28 47 48
27 45 47
24 45 47
24 43 48
24 42 46
29 42 48
34 43 48
36 45 50
36 44 49
31 42 51
31 44 52
31 42 50
32 42 52
31 38 52
33 42 53
35 41 52
34 39 52
34 39 52
34 41 52
32 39 50
33 39 52
35 40 51
34 40 51
34 40 51
34 41 51
34 38 51
34 40 51
33 41 52
33 40 52
33 39 51
34 41 51
34 40 51
35 39 51
35 41 51
34 41 52
35 40 51
35 41 51
35 41 52
34 41 51
35 40 51
34 41 51
35 40 52
33 41 52
34 40 52
34 41 51
34 40 51
34 40 52
34 39 51
34 40 51
33 40 50
34 41 51
35 40 50
34 41 51
35 41 51
34 40 51
34 41 51
34 40 51
33 40 51
35 40 51
35 40 51
35 41 51
34 41 52
34 40 52
34 41 50
35 40 50
35 40 52
35 40 51
34 40 51
