34 38 52
34 38 52
34 41 51
36 40 52
35 41 52
34 39 51
35 40 52
35 41 53
34 39 51
33 40 51
33 40 51
33 40 52
32 39 51
33 40 53
33 39 51
32 39 51
33 39 52
33 39 51
32 38 51
32 40 52
33 38 52
33 40 51
32 38 51
34 39 52
32 38 52
32 39 52
32 38 52
33 39 52
33 41 52
30 38 52
32 41 50
32 41 51
33 40 52
35 41 53
37 41 51
36 45 50
34 44 48
34 44 49
33 47 46
31 47 47
30 46 46
30 46 47
30 46 47
32 45 47
31 47 50
31 47 47
30 48 47
30 47 46
29 46 47
29 49 47
29 48 49
30 49 48
34 47 48
33 47 48
35 43 48
36 43 49
40 40 49
41 41 51
41 38 50
41 39 51
40 38 51
41 36 51
41 36 51
41 35 50
40 34 50
41 34 51
41 36 51
40 34 51
39 33 52
40 35 52
39 33 52
40 34 51
39 33 51
39 33 52
39 33 52
39 32 51
39 33 53
38 32 52
40 34 53
40 33 52
40 33 52
39 31 52
39 32 53
39 32 52
39 31 52
40 32 52
38 32 53
39 32 52
38 31 52
39 32 52
39 30 52
38 31 53
39 31 52
38 32 52
39 32 52
39 32 53
39 32 52
39 31 52
38 32 52
38 32 52
39 31 53
38 31 51
39 32 52
38 32 52
39 32 52
40 31 51
39 32 52
38 31 52
40 30 52
39 31 52
39 31 52
40 30 52
39 30 53
36 30 53
39 31 53
38 31 52
38 29 52
39 31 52
39 31 51
39 31 52
39 30 53
37 31 52
38 30 52
38 30 52
38 31 52
39 31 52
38 30 52
37 29 53
39 30 52
38 32 53
39 31 52
38 32 53
40 32 51
40 32 52
39 31 52
39 32 51
38 32 53
40 35 51
39 35 53
40 35 52
39 38 50
38 39 52
38 39 51
38 41 50
38 42 49
36 45 48
35 44 48
33 47 46
32 48 47
29 48 45
29 49 47
30 48 47
30 48 47
30 49 46
31 49 46
31 47 47
30 47 46
31 48 48
31 46 47
30 48 47
30 47 46
29 46 46
29 48 48
30 49 46
32 48 46
32 49 46
34 47 47
32 47 47
32 49 46
31 48 47
30 47 46
31 46 48
30 46 49
31 46 49
32 46 49
31 44 48
32 45 49
33 46 48
32 44 48
34 46 49
32 48 48
33 46 48
33 46 47
33 47 47
34 46 48
32 47 47
33 47 48
32 47 48
33 47 48
31 48 48
33 47 48
32 45 48
32 46 48
32 46 48
31 47 48
32 44 49
32 46 48
33 46 48
33 46 48
32 46 48
32 46 47
33 45 48
32 46 48
32 46 49
33 46 48
