27 39 52
29 38 52
30 39 52
28 38 52
29 37 52
29 36 53
28 38 52
28 38 52
29 36 51
28 37 51
29 37 52
28 38 52
28 37 52
28 37 51
28 37 53
29 38 53
29 39 52
31 38 52
31 36 52
31 39 50
30 39 51
31 41 51
29 44 48
29 43 48
30 44 49
27 46 51
28 45 49
29 43 51
29 46 49
26 47 49
25 46 49
26 47 50
30 45 50
30 44 50
33 45 52
33 42 50
35 39 51
37 40 50
38 38 49
39 37 50
39 36 50
39 36 52
38 35 51
40 34 51
41 34 52
41 32 51
40 32 51
40 31 51
40 29 52
40 31 52
40 30 52
40 29 51
39 29 50
39 30 51
39 29 50
38 30 51
39 27 50
38 28 51
38 28 52
39 27 51
40 29 50
39 27 51
40 28 52
39 27 52
39 27 51
39 27 51
39 28 51
39 27 51
40 27 51
39 27 51
39 25 51
41 26 51
39 26 50
39 25 52
39 26 51
39 27 51
39 27 50
40 25 51
39 27 50
39 27 51
40 27 51
38 25 51
39 26 50
40 26 51
38 28 51
39 26 50
39 27 51
40 26 50
40 26 51
39 24 51
40 25 52
40 26 51
39 27 50
39 25 51
40 25 49
39 25 51
38 26 50
39 24 51
40 26 50
39 27 51
39 26 50
40 28 51
40 29 51
41 27 50
40 28 50
40 30 52
40 31 50
39 32 51
40 35 53
40 35 52
40 37 50
38 38 49
38 39 49
37 42 49
36 43 49
34 45 50
32 49 47
32 47 49
31 49 48
30 47 48
30 47 47
29 48 46
28 47 47
28 47 46
27 48 47
29 48 47
28 48 47
29 47 44
29 49 48
28 46 48
25 46 47
24 45 47
26 44 48
27 43 50
28 44 50
28 44 48
28 42 49
27 41 50
32 42 54
32 37 56
30 35 51
29 36 51
31 39 52
30 38 52
31 39 51
28 37 53
29 38 51
29 38 52
28 38 51
30 37 52
29 38 53
30 38 52
29 37 52
29 38 51
29 39 53
30 37 52
29 38 51
29 38 52
28 38 53
29 37 52
30 36 53
29 38 52
28 37 52
28 37 53
28 36 52
30 37 51
29 38 53
29 37 52
29 36 52
28 37 52
28 38 52
29 36 52
29 37 52
29 38 52
30 38 52
29 38 52
