34 44 33
33 43 50
35 44 50
34 44 50
35 43 50
32 42 51
32 42 51
33 41 51
34 43 50
33 42 51
33 41 51
33 42 51
32 41 51
34 42 52
33 42 51
33 42 51
34 42 50
33 42 51
33 43 51
34 42 51
31 41 50
32 42 49
31 43 50
33 44 50
30 44 52
32 41 51
31 41 49
32 44 50
30 45 49
32 46 48
32 44 49
31 45 48
31 46 49
30 47 50
33 47 50
33 47 48
33 45 48
33 47 49
36 47 48
36 44 50
37 44 50
37 41 50
37 39 51
37 38 52
38 37 52
41 36 52
40 34 51
39 33 51
40 33 50
40 32 51
40 32 51
41 32 50
39 30 51
41 30 51
40 31 52
40 31 51
40 30 51
40 29 52
40 28 52
41 28 51
41 26 52
40 27 52
39 26 51
40 24 51
40 25 50
38 24 50
39 25 50
39 25 50
39 23 49
40 24 49
41 24 50
40 24 50
40 25 49
40 24 48
41 24 49
40 23 50
40 23 50
39 22 49
41 22 50
39 23 49
40 22 49
41 23 49
39 22 49
41 24 48
40 22 48
40 23 49
39 23 48
39 22 49
40 22 48
39 22 48
40 20 49
40 21 48
39 22 49
40 22 48
40 21 49
40 21 48
40 21 47
39 21 49
40 21 49
40 19 48
40 21 48
41 20 48
39 20 49
39 22 48
39 20 47
39 20 48
39 20 47
40 20 49
40 20 46
40 21 47
39 20 48
39 19 48
39 20 46
39 20 47
38 19 46
39 18 47
39 19 47
39 17 47
38 19 46
39 18 45
39 18 46
38 18 47
38 18 45
39 17 46
41 17 45
39 17 45
39 18 45
39 18 45
39 16 44
39 16 44
37 18 44
38 17 44
39 16 45
39 18 45
39 18 45
38 17 46
40 19 46
39 20 46
39 20 45
39 22 47
38 25 48
38 27 50
38 30 51
39 31 54
37 34 54
36 37 55
35 37 51
34 38 52
32 38 52
32 41 53
33 41 53
31 42 52
31 44 50
32 44 50
31 46 50
31 45 50
31 45 49
32 43 49
32 45 48
31 44 49
31 46 49
30 45 49
32 45 50
30 45 49
31 44 48
30 46 49
30 45 48
30 43 49
30 44 49
30 43 49
30 45 50
29 43 50
29 44 49
29 42 51
28 43 50
28 43 51
27 41 51
28 42 51
28 42 53
30 41 52
32 39 51
32 35 48
33 31 47
33 29 48
32 28 50
29 27 52
29 28 54
29 30 55
26 31 55
30 39 53
30 37 54
31 34 52
30 36 54
31 35 52
31 35 53
31 36 52
31 37 53
30 34 53
30 35 55
29 35 52
29 32 52
28 32 53
28 31 53
27 30 50
26 31 51
27 29 50
27 30 51
27 31 52
26 31 50
28 34 54
29 34 54
29 32 50
30 33 53
29 32 51
29 32 53
29 32 53
31 32 53
31 34 53
30 33 53
31 33 53
30 33 53
31 34 54
30 32 53
31 33 53
31 33 53
30 34 53
29 34 52
30 33 53
30 32 52
30 33 53
29 32 52
30 33 52
29 33 53
31 34 53
30 32 54
28 31 52
31 32 53
31 34 52
31 33 52
31 32 52
30 32 53
