32 38 52
31 38 52
31 37 52
33 37 52
32 37 52
31 38 51
32 38 52
31 38 52
32 37 53
32 38 52
32 39 52
32 38 52
32 37 52
31 38 52
31 37 51
31 39 53
33 37 55
35 36 54
38 37 54
37 38 53
38 38 52
34 37 49
32 40 46
34 51 51
30 45 49
28 47 47
29 45 47
27 47 43
26 48 42
24 50 44
24 49 44
24 49 46
25 51 41
25 50 41
25 52 40
23 52 43
25 54 45
25 52 44
27 51 43
31 48 43
35 43 42
34 46 42
35 48 47
36 49 49
37 47 50
39 45 49
38 44 48
40 42 48
41 39 49
41 38 48
42 38 49
40 37 50
41 38 51
41 37 51
41 37 51
40 34 51
41 36 51
42 35 53
41 35 52
40 34 52
40 33 52
40 34 51
42 34 51
41 33 52
40 32 51
40 33 53
40 31 52
40 30 51
40 31 51
39 30 51
41 30 52
40 30 51
39 31 51
39 30 51
39 29 52
38 30 52
39 29 52
40 30 51
39 28 51
39 30 51
40 29 51
41 29 51
41 30 51
39 29 51
40 31 51
40 31 51
40 33 50
42 33 49
42 34 50
43 37 52
42 38 50
39 39 49
39 40 51
39 41 51
38 40 47
35 46 47
36 45 50
34 47 48
33 46 48
31 48 48
30 48 47
29 47 47
27 47 44
26 47 46
25 48 44
25 49 45
26 49 44
24 50 43
26 49 44
26 48 44
26 47 42
26 50 44
26 48 44
25 50 45
22 48 44
21 45 40
19 49 43
21 53 42
24 51 41
23 50 38
27 49 43
29 49 44
32 45 44
36 44 46
36 44 45
36 45 47
34 45 47
35 56 50
31 37 57
33 47 50
32 46 51
32 43 49
32 43 50
31 43 50
32 42 49
30 42 51
31 41 51
33 42 51
30 42 51
30 41 51
31 42 50
31 43 51
31 42 51
33 40 51
31 42 51
32 42 49
30 41 51
31 41 51
30 41 50
33 42 50
31 42 51
32 42 50
31 41 50
30 41 50
31 42 51
31 41 51
32 41 51
32 42 51
31 42 51
31 43 50
32 43 51
31 41 51
31 42 51
30 41 50
31 41 50
31 43 51
30 42 51
31 42 50
