29 40 51
31 41 50
29 41 50
29 41 49
31 41 49
32 40 51
29 42 52
31 41 50
30 41 51
31 40 51
31 41 52
31 42 51
32 42 50
32 41 50
33 41 50
33 40 51
34 39 50
34 43 50
33 38 52
34 40 51
34 40 51
34 41 51
35 41 51
34 40 52
35 40 52
36 37 51
37 38 51
36 38 52
36 37 52
37 38 52
38 37 53
37 36 51
37 37 51
38 35 52
37 36 52
38 35 51
38 34 53
38 35 52
38 34 52
40 34 52
39 33 51
38 35 52
38 34 52
38 33 52
39 33 51
39 35 52
39 33 52
38 35 53
39 34 53
39 32 52
39 34 52
39 34 51
39 34 52
40 34 51
39 33 51
39 34 52
40 34 51
39 33 51
40 35 52
38 37 51
37 37 52
36 39 52
35 40 52
36 39 52
37 39 52
37 40 52
36 40 51
37 39 52
36 38 52
35 39 52
36 39 52
36 39 52
36 39 51
37 40 51
37 40 52
36 39 51
36 40 52
36 40 51
37 39 51
36 39 52
35 40 51
37 41 51
37 40 51
36 38 51
36 40 52
37 39 52
38 39 52
36 39 51
37 38 52
37 39 52
38 37 52
37 37 52
36 38 51
37 38 53
37 38 53
38 35 52
38 36 52
39 36 52
38 36 52
38 36 52
39 35 52
39 34 51
39 34 51
40 34 51
41 34 52
40 35 52
41 33 53
39 33 52
40 33 51
41 33 52
40 32 52
41 33 51
40 32 51
41 33 51
40 33 52
40 31 51
41 33 51
41 32 51
41 32 51
40 30 51
41 30 50
41 32 51
40 30 51
41 31 50
41 31 50
40 33 50
40 32 51
39 34 52
38 37 52
37 37 51
36 39 50
36 40 51
36 40 52
35 43 52
36 42 52
33 42 52
37 41 51
35 40 51
35 41 50
35 39 51
35 41 51
36 40 51
35 39 50
36 40 51
36 40 50
35 41 51
35 42 51
35 41 51
36 41 51
36 39 51
35 41 52
36 41 52
36 39 53
36 38 52
36 38 52
37 39 52
37 38 52
38 37 52
37 38 51
37 37 53
37 37 51
37 38 51
37 36 50
39 36 51
37 37 51
37 36 52
37 37 52
38 37 52
39 37 53
40 37 51
38 37 51
40 36 52
41 36 51
40 35 51
41 34 52
39 36 52
40 34 51
40 35 50
41 33 51
40 34 51
42 32 52
42 32 51
42 32 51
41 32 51
41 31 51
41 32 51
42 31 50
41 32 50
43 31 51
42 33 51
43 31 51
41 31 51
42 31 51
43 31 51
42 31 51
41 30 50
42 31 51
42 30 50
43 30 49
41 29 50
42 29 50
42 30 49
41 30 49
41 31 49
42 33 51
40 32 50
40 35 51
40 37 52
39 39 51
37 40 51
39 40 50
37 40 51
37 41 50
35 42 51
38 41 52
36 44 52
36 42 52
35 42 52
37 41 52
35 43 50
36 41 50
37 41 51
37 40 51
37 41 50
36 41 50
36 42 50
36 42 50
36 40 51
35 42 51
36 39 51
36 38 51
36 42 52
37 41 52
36 39 53
36 39 52
37 39 51
38 38 51
39 37 52
39 36 52
38 37 50
39 37 51
39 35 51
40 33 52
39 35 52
41 34 51
41 33 52
41 34 51
42 32 50
42 32 50
41 32 50
42 31 51
42 29 51
43 30 50
42 30 51
42 31 50
42 31 50
42 31 50
43 30 50
43 30 50
44 30 50
43 29 50
42 30 49
43 30 50
44 29 49
42 30 49
43 30 50
44 30 50
43 30 50
42 30 50
43 30 50
43 29 49
44 28 49
42 28 49
43 31 48
42 33 51
41 31 50
40 34 52
40 34 53
36 38 50
37 37 50
36 40 49
35 40 50
34 42 53
32 44 53
30 45 53
32 42 52
30 39 52
29 42 50
28 40 51
29 42 52
28 42 51
28 40 51
27 42 50
26 42 50
27 41 50
26 42 51
27 40 50
27 40 50
27 39 50
27 39 51
26 40 51
25 40 50
25 39 49
24 37 49
24 39 49
26 36 51
27 39 51
28 39 50
32 38 53
30 39 52
28 34 54
31 33 52
29 34 53
30 35 53
30 34 53
31 35 53
31 33 53
30 36 53
31 35 53
31 36 52
31 36 53
32 37 53
30 37 53
31 37 53
30 37 51
31 37 52
30 36 53
32 36 52
31 36 52
31 37 53
31 37 52
32 36 53
32 37 53
32 37 52
31 37 53
32 37 53
32 36 52
32 37 52
32 37 52
31 36 52
31 37 52
31 38 51
32 38 52
31 37 52
31 37 53
30 37 53
31 38 52
31 37 53
32 38 53
30 36 53
32 35 52
31 37 52
31 36 52
30 37 52
32 36 53
31 35 53
31 36 52
32 36 52
31 35 52
31 36 53
31 37 52
31 37 52
