24 42 50
25 42 49
25 40 48
25 41 49
24 42 48
25 43 49
26 42 49
27 42 50
25 41 49
25 42 50
24 42 52
25 42 53
27 42 52
32 42 50
33 42 51
35 48 49
36 38 50
34 38 49
33 36 50
32 36 49
32 40 50
32 42 53
29 42 52
28 42 51
29 43 50
29 45 50
30 45 50
32 44 49
31 43 49
31 45 49
30 43 49
31 45 49
30 44 50
30 44 48
29 45 49
30 44 49
28 44 50
29 47 49
30 47 51
29 47 49
31 47 50
32 44 50
35 42 49
36 42 49
38 42 48
39 41 48
40 40 50
42 39 49
40 40 49
42 38 50
42 38 50
43 37 49
42 36 49
42 34 49
43 34 51
43 35 50
42 34 50
43 34 51
43 33 52
42 32 50
43 31 51
42 31 50
42 32 51
42 31 51
43 30 51
41 27 51
41 30 51
42 29 51
44 29 50
42 29 50
43 28 49
43 28 50
42 28 50
43 28 50
44 28 50
42 28 49
41 29 49
42 27 50
44 28 50
43 29 50
43 30 50
44 32 49
43 31 50
43 30 50
43 32 50
43 33 50
43 35 49
43 37 49
42 38 48
41 38 49
38 40 49
38 42 49
37 45 50
35 45 49
34 44 48
33 47 49
31 48 50
30 46 49
28 46 49
29 46 50
29 45 49
30 44 49
29 45 49
29 44 49
28 45 49
29 46 49
28 45 49
29 45 48
28 46 50
28 44 49
28 45 48
26 45 49
25 43 47
28 42 49
28 43 49
30 40 52
29 41 53
34 43 49
32 44 50
28 43 49
28 43 48
29 44 50
30 45 54
29 42 52
27 40 50
27 41 52
27 41 51
26 41 48
27 42 51
27 41 50
26 42 50
28 40 49
27 41 50
27 41 51
27 41 50
