32 35 53
31 36 52
31 36 53
31 35 52
31 36 53
31 35 51
31 35 54
31 35 52
30 36 53
30 35 53
31 33 55
32 33 55
32 34 54
31 35 54
31 36 54
34 36 53
33 34 52
33 33 52
35 32 51
37 33 53
35 35 53
33 39 52
30 40 49
27 42 47
26 46 48
25 45 48
25 47 46
26 44 47
29 46 47
28 47 47
28 49 47
27 48 46
28 48 46
28 49 46
27 49 46
27 49 44
28 49 45
27 49 47
28 48 47
28 48 46
30 48 45
30 47 47
31 49 45
33 48 47
34 47 47
34 47 47
34 45 48
35 45 49
40 44 49
41 43 49
41 43 49
41 42 49
41 41 47
41 40 48
42 40 50
44 38 51
43 36 51
43 37 49
42 34 49
44 35 50
44 33 50
43 34 50
44 34 51
44 33 49
44 32 50
43 32 50
44 32 50
44 32 50
43 30 50
42 32 51
42 31 51
42 32 50
43 31 50
42 30 50
42 30 50
43 29 51
41 29 51
42 29 50
42 30 50
42 28 51
41 28 50
41 28 51
41 27 51
41 28 50
41 27 49
41 26 51
40 27 50
41 27 50
42 27 50
41 27 50
41 27 50
42 26 51
41 26 50
42 26 50
42 27 49
41 25 49
41 27 51
41 27 50
41 27 50
41 28 50
41 27 50
41 26 50
41 27 49
41 28 50
41 28 49
43 28 49
42 29 51
42 29 51
43 30 51
42 31 51
43 31 52
44 32 52
43 31 50
43 33 49
42 36 48
41 36 48
40 38 48
40 38 50
39 39 49
38 42 49
35 43 49
35 46 48
34 45 48
30 48 48
29 48 48
28 47 48
26 48 49
28 48 47
27 47 47
27 47 47
28 46 48
28 47 47
27 48 49
28 47 46
28 49 49
