34 31 52
34 32 53
35 33 52
34 32 52
34 32 53
32 30 53
33 33 53
35 33 52
34 32 53
34 31 53
34 32 53
35 31 53
34 32 52
34 32 53
35 32 52
33 32 53
35 32 53
34 32 54
33 34 55
34 36 54
33 37 52
34 37 52
34 38 51
35 40 51
33 41 49
33 42 48
30 45 47
30 44 45
28 46 47
27 47 49
27 45 48
26 46 45
25 46 45
26 46 45
25 45 46
25 49 49
26 46 44
24 47 48
24 47 47
25 48 46
26 48 45
28 47 45
31 45 44
32 46 44
34 48 46
35 47 44
37 45 46
38 45 45
39 46 47
39 44 48
40 44 47
39 44 48
39 44 50
40 45 49
40 42 49
39 42 50
40 42 50
38 41 50
38 40 51
39 40 51
37 39 50
39 40 51
38 38 51
39 37 51
40 37 50
40 38 51
39 39 51
40 37 51
41 37 51
40 36 50
41 35 52
40 36 51
41 37 51
39 35 52
39 36 51
41 34 52
40 34 52
40 34 52
40 34 52
39 32 51
40 33 52
40 34 52
41 31 52
40 32 52
40 33 51
40 32 51
40 32 50
40 31 51
41 32 50
41 31 52
41 31 50
40 32 50
40 31 52
40 30 51
41 31 51
41 31 53
41 32 51
41 31 51
42 31 50
41 30 52
41 31 51
41 30 51
41 30 52
41 31 50
40 30 51
41 29 51
42 30 51
41 30 51
40 28 50
41 30 51
41 30 51
40 29 52
42 29 51
41 29 50
41 29 51
41 28 51
41 28 50
41 26 51
42 26 51
43 25 50
42 27 50
41 25 48
41 25 48
41 23 47
42 24 48
42 23 47
42 24 48
41 23 48
42 24 48
42 24 48
42 25 44
41 26 50
39 30 53
39 31 52
39 36 55
