28 50 39
28 52 39
28 51 39
27 52 40
28 50 40
28 53 39
28 51 39
28 51 39
28 52 40
28 52 39
28 52 39
29 51 39
28 51 39
28 51 40
28 52 39
28 50 39
29 51 39
28 52 40
28 53 40
28 52 40
31 51 42
31 54 46
32 53 44
39 52 41
36 47 42
35 46 40
32 47 43
29 44 44
29 43 49
27 44 49
29 44 49
29 46 49
29 45 48
28 46 49
30 46 47
31 47 47
30 49 45
30 48 47
29 49 47
28 51 46
29 52 48
33 50 47
33 49 47
34 49 47
35 46 47
36 47 46
36 46 45
38 44 46
39 44 45
39 42 47
40 40 48
41 40 49
42 42 48
41 39 48
41 39 48
41 40 49
41 41 49
41 38 50
42 40 50
42 39 50
41 38 49
42 39 50
41 37 51
42 37 50
41 36 50
42 35 50
42 36 51
40 36 50
42 35 51
41 37 51
42 34 51
42 35 51
42 32 52
42 34 51
42 34 50
41 34 51
41 33 51
42 33 52
42 34 52
42 32 51
42 32 51
41 32 51
41 33 51
42 33 52
42 34 51
42 33 51
43 35 51
43 37 50
41 37 50
41 39 50
41 39 48
41 41 48
39 41 49
40 42 49
39 44 48
38 45 48
36 46 47
35 47 48
33 49 47
32 48 48
31 49 47
30 48 47
31 48 47
30 47 48
31 47 48
31 47 48
31 47 47
28 45 50
29 49 47
28 48 47
30 48 46
29 48 46
26 47 47
26 49 47
25 47 47
26 46 45
30 45 43
33 45 45
34 46 44
34 51 43
32 49 50
31 52 47
31 53 45
28 48 44
26 48 42
26 48 46
24 48 49
26 45 48
29 43 49
30 45 50
31 44 48
31 46 48
30 45 48
30 44 46
30 44 49
29 45 50
31 44 51
31 46 49
28 45 50
30 43 50
32 43 49
32 45 49
31 45 48
31 46 50
32 44 49
30 44 50
29 43 49
32 45 49
31 45 49
32 46 49
31 46 49
31 45 48
32 45 49
32 44 49
31 45 48
30 46 49
31 45 48
31 45 48
30 45 49
32 45 49
30 45 49
32 45 48
29 44 48
29 45 49
29 45 50
31 45 49
30 45 48
30 46 48
31 46 48
