32 37 51
30 38 51
31 37 51
31 38 53
30 38 52
31 38 52
30 38 53
31 38 52
32 38 52
31 37 51
31 37 53
30 37 53
31 38 52
30 38 53
30 38 52
31 37 52
30 38 52
31 37 52
33 39 52
32 38 54
31 36 52
36 37 57
36 37 56
37 37 52
37 38 53
33 39 51
29 40 47
29 40 46
26 42 46
24 44 46
24 44 48
24 45 47
26 46 47
24 48 46
24 48 45
27 48 45
27 47 45
28 49 46
28 48 44
26 48 44
28 50 45
26 49 46
23 50 46
23 51 47
25 49 45
26 49 44
28 49 43
31 50 43
31 48 44
33 48 45
36 47 46
37 46 47
37 46 47
37 46 48
40 43 49
39 42 49
40 39 49
41 40 49
41 37 50
41 38 51
41 36 50
41 36 51
41 35 51
41 36 53
40 35 51
40 35 51
41 34 51
41 35 52
40 34 52
39 33 52
40 32 51
40 33 51
40 32 52
40 32 52
41 32 53
38 33 51
40 31 52
40 30 51
40 31 51
40 30 51
39 29 53
40 30 50
40 30 51
39 29 52
39 30 51
39 30 51
40 29 51
40 28 53
40 29 52
39 29 52
39 29 52
40 29 52
38 28 52
39 28 51
38 28 51
39 28 51
39 27 51
39 27 51
38 27 50
39 27 51
38 27 52
39 27 51
39 26 51
39 25 51
40 27 50
39 25 52
39 25 52
38 26 53
39 24 51
39 24 51
38 24 50
39 22 48
37 22 48
38 20 47
35 20 46
37 20 45
37 21 44
38 20 47
37 20 47
37 22 49
38 23 48
41 22 39
38 26 49
40 35 51
39 41 54
41 41 50
40 42 53
38 45 53
38 45 50
37 47 50
35 45 47
33 46 46
31 48 47
31 48 47
28 48 45
28 48 45
28 49 46
29 48 45
27 49 47
27 49 45
26 49 44
26 48 45
26 47 44
26 49 45
25 48 45
26 47 45
24 48 47
23 47 47
21 46 48
21 45 45
23 42 47
24 44 48
23 46 48
27 47 47
28 43 47
29 42 46
28 43 46
29 46 46
30 44 48
32 39 50
34 37 50
35 37 53
34 34 53
34 36 52
31 40 51
32 23 62
28 35 45
30 41 56
31 35 51
31 35 53
31 36 52
31 37 53
32 37 53
31 38 52
30 38 53
30 37 52
31 36 52
30 37 52
31 38 52
31 36 52
30 38 53
31 38 52
30 38 52
30 38 52
31 38 53
30 37 52
31 36 52
30 37 52
31 36 53
30 37 52
30 38 53
30 38 52
30 37 52
30 37 52
31 36 51
31 37 53
30 38 52
31 38 53
30 36 52
30 37 52
30 38 53
32 37 51
32 38 51
