28 46 46
29 50 46
29 48 46
27 49 48
25 46 48
26 44 49
30 46 48
30 44 47
32 44 47
32 46 46
31 45 47
30 47 48
29 45 48
30 46 49
31 45 48
31 45 48
28 46 47
29 45 48
29 46 49
29 45 49
30 47 47
30 45 48
29 45 47
28 45 47
30 46 47
30 47 48
29 47 47
31 47 46
30 48 49
30 47 46
29 47 45
29 50 46
29 50 48
28 49 47
28 48 48
28 46 47
30 46 48
30 45 47
31 46 48
32 47 48
33 46 48
35 46 48
36 43 48
37 43 47
40 44 48
40 47 47
41 44 48
41 44 48
40 44 49
41 42 48
40 40 48
40 40 49
41 39 50
42 39 49
42 39 51
41 39 52
41 38 50
40 37 50
41 37 51
41 34 52
40 36 50
41 34 51
42 34 51
42 32 50
42 32 51
41 32 51
42 33 51
40 33 52
41 31 51
41 31 50
41 31 50
41 33 49
42 35 50
43 35 51
42 37 50
41 38 50
41 40 50
40 42 50
38 42 49
36 43 49
36 43 49
34 44 48
33 47 49
34 46 47
33 47 47
30 46 48
29 46 47
28 46 47
29 46 47
27 47 48
25 46 47
26 46 48
27 47 47
27 45 47
26 46 47
28 47 47
26 45 49
27 47 46
28 47 47
27 48 47
24 48 48
23 47 49
25 45 49
25 44 50
26 40 48
29 41 47
29 38 46
33 38 47
37 39 50
37 42 49
30 46 47
31 56 56
31 46 45
29 47 43
29 45 46
30 47 47
27 49 45
27 50 46
29 48 45
27 48 44
27 46 46
26 48 46
28 48 45
28 48 47
28 49 45
27 47 45
28 47 45
27 47 45
27 48 46
27 49 45
27 48 45
27 48 45
27 48 45
26 48 45
26 48 46
