29 37 53
29 35 52
30 39 52
30 38 53
31 38 53
30 35 52
28 36 52
31 36 52
31 38 51
29 37 52
30 37 53
28 38 53
29 37 53
30 38 53
29 36 52
30 36 52
31 38 54
34 35 55
33 39 54
32 43 50
35 45 50
36 44 49
33 45 47
34 46 45
30 45 44
28 45 42
27 47 44
23 50 42
25 49 40
26 49 42
24 49 41
24 52 43
25 50 41
25 51 42
28 52 42
27 49 41
27 51 43
24 51 41
24 51 42
26 56 41
26 52 42
29 51 43
32 51 42
32 49 44
35 49 44
36 48 46
37 45 46
38 44 47
39 43 46
40 44 47
40 43 48
40 42 49
42 42 49
40 42 49
41 40 49
41 41 48
41 40 49
41 40 50
41 40 50
42 41 50
42 39 51
40 39 50
40 39 51
40 39 50
41 39 50
40 38 51
40 37 51
42 39 51
41 37 50
41 39 52
40 38 52
40 38 50
42 36 51
41 37 51
41 36 51
40 37 51
41 38 50
40 36 51
40 36 51
41 36 51
41 36 50
40 36 52
41 36 50
41 37 50
39 36 50
41 38 51
40 38 50
41 39 50
42 38 49
41 39 50
41 40 50
40 42 47
40 43 47
39 46 46
37 45 46
37 47 45
34 48 45
32 47 43
32 51 43
32 50 46
29 53 42
27 52 44
26 51 42
28 50 43
26 51 42
28 51 41
27 50 42
26 50 40
28 53 41
29 51 41
26 51 42
26 49 42
23 49 40
22 50 43
23 50 43
26 52 44
25 50 43
27 49 43
28 50 42
31 48 43
32 49 44
35 48 42
35 47 44
38 43 46
36 43 47
36 45 47
33 63 61
32 32 50
27 46 47
30 44 49
29 47 48
31 45 49
32 44 49
31 45 49
31 46 49
31 44 49
30 46 48
30 45 49
31 45 49
30 45 49
29 43 49
30 43 50
30 45 49
30 44 49
30 44 49
30 45 49
29 44 48
31 43 49
31 43 49
31 44 49
31 45 49
31 43 49
30 44 49
30 43 48
32 44 49
30 44 50
31 45 49
30 44 50
30 45 49
30 44 48
