31 38 52
31 39 52
31 39 53
32 39 53
31 38 52
31 38 52
31 39 52
32 38 52
31 39 52
30 38 52
31 37 52
31 37 53
30 37 51
31 37 53
31 38 54
34 36 54
33 36 52
32 38 53
33 37 52
35 38 50
33 38 51
34 36 51
32 39 52
33 38 52
32 39 52
29 41 51
29 43 49
26 46 47
28 46 47
29 48 47
28 45 49
29 49 49
28 49 45
25 49 48
27 50 49
28 50 47
32 49 48
33 47 47
35 43 48
37 42 49
38 39 50
39 38 49
40 37 50
41 36 50
41 35 50
41 35 51
41 35 50
41 34 51
42 33 51
40 33 51
41 33 51
40 33 51
41 33 52
40 33 51
42 33 51
41 32 52
41 32 51
40 31 51
41 32 51
40 31 50
40 32 51
41 31 51
40 31 51
41 32 51
42 31 51
41 30 51
41 32 51
41 31 51
42 31 51
41 32 52
42 31 50
42 31 52
40 31 50
41 31 51
40 31 51
42 31 51
41 32 49
40 30 51
41 31 50
42 31 50
42 31 51
42 32 52
42 32 50
43 31 50
42 35 49
40 35 52
41 37 50
39 40 50
38 41 49
37 41 49
36 46 49
34 48 47
33 48 48
31 48 48
30 48 49
31 49 48
29 48 46
29 48 46
29 49 46
30 48 47
29 49 46
29 48 47
28 49 48
28 48 47
28 49 48
28 46 45
27 46 46
26 43 46
30 43 47
30 43 50
30 41 53
34 43 57
30 38 49
29 40 51
29 39 53
28 39 52
29 38 52
27 38 52
29 38 52
29 38 52
29 37 52
28 37 52
29 38 52
29 37 52
30 38 52
29 37 52
28 36 51
28 37 52
30 36 52
28 38 52
29 37 52
28 36 52
28 37 53
29 36 52
28 37 52
28 37 51
28 37 52
28 36 52
27 37 52
29 38 51
29 37 52
28 38 51
28 37 51
28 37 52
27 38 51
28 38 52
27 38 52
