38 32 52
40 33 52
40 33 52
41 34 51
41 33 52
40 33 52
40 33 52
41 33 52
40 32 51
39 33 52
38 33 52
40 34 51
40 31 52
38 32 53
38 36 53
38 38 55
39 39 52
39 38 48
38 40 47
37 40 48
33 45 50
32 45 49
32 44 47
31 43 49
29 45 50
31 44 49
31 42 49
29 44 50
30 43 50
29 44 51
31 46 49
30 43 48
31 45 50
31 46 50
31 45 51
33 45 50
34 43 51
37 42 50
38 41 50
39 39 49
39 38 51
40 37 50
41 36 51
41 35 50
41 34 51
42 33 50
42 33 51
43 34 50
44 35 53
42 36 51
42 34 52
42 35 48
41 34 49
41 36 50
42 36 51
43 33 51
42 33 50
42 32 51
43 32 50
42 31 51
42 30 51
41 29 50
42 31 51
42 31 51
43 30 50
42 29 49
44 28 50
43 28 49
44 27 49
44 27 49
43 27 49
43 26 49
43 25 48
42 25 49
43 24 48
43 24 48
43 25 48
44 24 47
43 23 48
44 24 46
43 23 46
44 22 46
42 23 48
43 22 47
43 22 46
43 22 47
44 22 45
44 21 46
42 22 45
43 20 46
44 22 47
43 20 46
44 21 46
44 21 45
44 20 46
43 21 45
43 22 45
44 22 45
44 20 45
44 20 44
44 21 45
44 20 44
45 20 44
43 21 44
44 21 44
44 20 46
44 20 43
44 20 44
44 19 44
43 19 44
44 21 43
44 19 44
44 19 43
44 19 43
44 19 44
45 20 43
44 20 44
45 22 44
44 20 46
44 20 46
44 21 45
44 23 47
44 24 47
43 25 48
45 25 48
41 27 50
42 28 50
42 27 49
42 27 49
42 27 52
42 28 51
42 28 49
42 29 50
42 28 49
43 28 50
42 28 50
42 28 50
43 27 49
41 28 50
41 28 50
42 28 50
42 28 50
42 27 50
42 27 49
42 28 50
43 27 50
43 29 50
42 28 50
44 29 50
43 27 50
44 29 49
42 27 50
42 26 49
42 27 49
42 26 50
43 27 50
43 26 49
43 25 49
43 27 49
43 25 49
43 26 50
42 25 49
44 26 49
43 25 49
43 22 48
43 23 47
43 23 47
44 23 47
43 22 46
44 22 46
43 20 46
44 21 46
43 21 45
44 22 45
43 21 45
43 21 45
44 20 46
44 21 44
43 21 45
44 20 45
44 19 44
44 20 44
44 20 45
44 19 44
43 19 45
45 20 43
45 20 44
44 18 44
43 20 45
44 19 44
44 18 44
44 19 44
45 20 44
44 20 44
44 20 44
42 21 44
42 20 44
43 22 45
43 21 47
42 24 47
44 25 49
42 25 48
44 26 50
44 29 51
43 29 50
42 31 50
43 31 50
41 30 50
41 30 51
41 29 50
43 29 51
42 31 52
41 30 51
41 29 51
41 29 50
42 31 51
41 30 50
43 30 51
42 30 50
41 31 51
43 31 51
41 30 50
42 31 50
42 30 49
41 30 50
41 30 50
41 30 50
41 32 50
43 30 51
42 31 51
42 30 50
41 31 51
42 29 50
41 30 50
41 30 50
42 30 51
42 30 51
42 30 51
42 30 50
41 28 51
42 29 50
42 31 50
42 29 50
41 29 50
43 29 50
42 29 51
42 29 50
42 30 50
42 29 50
41 27 49
42 28 49
42 28 49
43 28 49
43 27 50
42 28 50
42 28 50
42 27 49
42 26 50
42 28 49
42 27 50
43 29 49
42 28 49
42 27 50
41 27 49
42 27 51
43 26 48
42 26 49
41 26 48
43 26 50
42 24 48
44 24 48
41 24 48
42 25 48
43 23 49
42 21 47
43 22 48
42 22 48
43 22 47
43 22 46
43 21 47
43 21 46
43 22 45
42 21 45
44 21 46
43 21 45
43 22 45
42 20 44
44 20 46
44 21 45
43 20 45
43 20 45
43 20 45
43 19 46
44 19 45
44 19 44
43 19 44
44 20 44
44 20 46
43 19 44
44 19 45
44 20 43
44 20 43
43 19 44
44 20 43
44 18 45
44 19 45
44 20 44
44 20 44
43 20 44
43 19 44
44 20 45
42 19 44
43 19 44
44 18 43
44 19 43
44 19 43
44 19 44
45 19 44
44 19 43
44 19 43
43 20 42
44 19 44
43 18 43
44 19 44
45 19 43
44 20 44
44 19 45
44 20 44
42 19 45
43 22 45
43 21 45
44 21 45
43 24 47
44 22 47
43 23 48
41 25 49
42 25 49
43 25 49
42 25 49
42 24 48
42 26 49
41 26 49
41 26 49
41 27 49
42 26 50
42 26 49
42 26 48
42 25 49
42 25 49
43 25 49
42 25 49
43 26 49
41 26 49
42 25 48
42 25 49
42 26 49
42 25 49
42 26 50
43 25 49
42 25 50
44 25 49
42 25 49
42 25 50
42 25 49
43 26 49
42 25 49
44 26 49
42 25 50
42 26 49
42 25 49
42 26 49
41 25 49
42 24 49
42 26 48
43 25 49
43 24 48
42 24 49
41 25 49
43 25 48
42 24 49
42 24 50
43 25 49
42 24 48
41 24 48
42 24 48
43 25 48
43 24 48
43 23 49
42 23 49
42 22 48
43 25 47
41 22 48
41 23 47
43 23 48
42 22 46
42 21 47
42 21 47
42 21 45
43 21 45
43 20 46
42 20 44
43 20 45
43 20 45
44 20 44
43 20 45
42 19 45
43 19 45
44 20 45
44 19 43
44 19 44
44 20 43
42 18 43
44 18 43
43 20 42
44 19 42
43 18 42
45 19 41
43 18 41
44 16 41
43 18 41
43 18 43
43 19 43
44 17 44
43 20 45
43 20 45
43 21 45
43 22 46
42 24 47
43 24 49
42 26 50
43 26 50
42 26 50
42 26 49
41 26 49
42 27 50
41 26 49
42 26 49
42 25 50
42 25 48
43 26 49
41 25 49
42 26 50
43 25 49
42 26 50
41 24 50
42 25 49
42 26 49
42 27 49
41 26 51
41 26 49
41 25 50
42 26 50
41 26 49
42 26 49
41 25 50
43 26 49
41 26 49
42 25 50
42 25 50
42 26 49
41 25 50
42 25 50
42 26 49
43 27 50
42 26 49
41 26 51
41 26 50
42 26 50
41 26 50
42 26 49
42 27 50
42 25 50
41 26 50
42 27 49
42 25 50
43 25 49
42 25 49
41 25 48
42 26 50
42 24 50
41 26 49
43 25 50
42 25 50
42 26 49
42 26 50
41 25 49
41 26 50
41 26 49
41 25 49
43 26 48
43 25 50
42 26 49
42 24 49
42 24 48
41 26 49
42 26 50
42 25 49
42 25 49
42 25 49
42 24 49
43 24 48
41 24 48
44 24 49
43 23 49
43 26 48
42 24 49
42 25 49
41 24 48
43 24 49
42 25 48
43 25 48
43 24 47
41 24 49
43 23 49
44 24 48
43 25 48
41 24 49
42 25 48
42 24 48
43 23 48
43 24 48
41 24 49
41 24 49
43 23 48
42 23 48
43 25 49
41 25 49
43 25 49
42 26 48
42 25 49
43 23 49
42 24 48
42 23 49
42 24 48
42 24 49
43 25 48
43 24 49
42 24 48
43 25 49
41 24 48
41 23 49
42 25 48
43 24 49
43 24 50
44 25 48
43 24 48
42 25 50
41 24 48
43 23 48
43 23 48
43 24 48
42 22 47
42 23 48
42 23 48
43 22 48
43 22 48
42 21 48
42 22 47
43 22 46
43 23 47
42 21 45
44 19 46
45 20 45
43 22 46
45 19 44
44 18 45
42 20 45
43 18 44
43 18 44
43 18 42
43 17 41
43 18 41
42 16 41
44 16 40
42 16 40
45 17 38
43 16 38
43 15 38
43 15 35
45 16 36
44 16 35
45 16 34
43 16 35
44 17 36
43 19 40
42 19 42
43 21 45
42 22 45
45 25 47
46 26 48
45 28 49
43 29 50
41 30 51
41 30 51
41 31 51
40 34 52
38 36 52
35 36 52
33 37 53
33 36 53
32 37 53
31 38 52
29 39 52
30 41 52
28 41 51
26 41 51
28 41 50
29 40 51
28 39 50
29 41 52
27 40 54
24 40 51
26 38 49
28 36 48
30 39 48
32 40 50
36 41 49
36 43 51
31 46 52
31 41 49
29 41 53
34 41 52
33 41 50
33 43 53
34 42 51
32 41 50
32 42 51
34 41 51
32 42 51
33 42 51
34 41 51
33 41 52
33 40 50
33 42 51
32 41 51
33 41 51
33 41 52
32 40 51
33 41 51
34 41 51
33 42 50
32 41 51
34 42 51
33 41 51
32 41 51
33 42 51
32 40 51
33 42 51
34 41 50
33 42 51
34 41 51
34 41 51
33 42 51
34 42 50
32 41 51
33 42 50
33 43 51
33 42 50
33 43 51
34 41 50
34 43 51
