22 41 48
21 40 49
21 40 48
22 40 48
22 39 48
22 41 47
22 39 49
21 40 48
21 40 49
21 40 49
22 40 48
20 39 48
22 39 48
20 38 48
22 40 49
21 39 50
21 42 52
21 47 51
27 42 50
29 41 51
27 30 50
34 39 50
33 35 50
32 37 49
33 39 49
30 38 49
31 40 51
30 42 50
29 43 52
30 43 52
31 43 52
31 44 49
32 44 50
32 44 48
31 45 49
32 45 49
32 45 49
31 45 49
32 46 49
30 45 49
30 45 48
32 47 48
30 45 47
31 45 48
31 47 50
33 46 48
31 44 49
29 47 47
29 49 49
30 50 47
32 50 48
33 48 47
33 47 47
34 47 47
35 46 46
36 45 48
37 44 48
38 45 48
39 43 48
40 42 48
41 43 47
41 42 46
43 42 48
44 43 47
42 42 47
43 42 47
43 42 47
43 40 47
44 40 47
45 40 48
45 40 48
43 38 48
44 39 48
45 39 48
45 38 49
45 37 48
44 39 49
45 38 49
46 36 50
44 38 49
45 36 48
45 36 48
44 36 48
45 34 50
44 35 49
43 34 50
44 34 51
44 32 49
44 33 49
43 32 51
43 32 50
43 33 50
44 32 50
45 31 50
43 32 50
44 31 50
42 32 49
43 31 50
43 31 50
44 30 50
42 30 49
43 31 49
43 32 49
44 31 49
42 29 50
43 31 50
43 30 49
43 31 50
44 30 51
43 33 49
45 33 50
45 35 50
45 35 50
44 36 48
44 38 48
45 39 48
43 38 46
41 41 47
43 41 46
41 44 48
39 46 46
39 45 48
37 48 47
34 48 48
34 47 47
32 48 47
32 46 48
32 47 46
29 48 47
28 48 47
28 47 47
29 48 48
29 47 48
30 46 49
30 47 48
29 46 46
27 45 46
30 47 48
28 46 47
27 46 48
26 48 49
27 44 49
28 43 46
31 43 47
30 41 48
29 45 48
29 44 48
29 44 48
27 41 51
26 49 48
26 44 50
23 44 49
22 42 50
23 38 50
24 37 50
23 38 50
24 39 49
24 39 48
26 40 48
26 42 50
26 43 49
25 42 48
26 45 49
26 42 51
25 43 49
26 43 49
26 43 49
26 42 49
26 43 48
25 43 49
24 42 50
26 41 49
24 42 49
26 42 48
25 42 48
24 43 48
25 41 50
26 43 49
25 43 49
25 42 48
26 41 50
25 43 49
25 42 49
25 42 48
24 43 49
25 42 48
25 42 49
26 42 49
25 41 50
26 41 49
25 43 49
25 43 48
24 43 49
25 43 49
25 42 48
25 42 49
