32 48 47
32 49 46
31 47 47
32 47 46
30 46 46
31 47 47
31 48 47
31 48 46
32 46 46
32 47 47
32 47 46
32 47 47
32 47 47
31 47 47
33 48 47
32 52 47
32 53 50
35 51 49
36 48 47
36 47 45
38 46 45
38 45 45
40 43 46
41 42 47
42 41 47
41 39 47
42 37 47
41 35 47
43 37 48
43 41 51
44 42 53
43 41 51
42 40 49
42 39 48
42 37 49
43 37 49
43 38 49
41 37 50
43 36 51
41 37 50
42 34 51
43 34 51
42 33 50
43 32 49
42 32 51
43 33 51
44 33 51
42 32 51
42 30 50
42 31 50
42 31 50
42 31 50
42 32 50
42 30 49
42 30 50
42 31 50
42 31 50
41 31 50
42 30 51
42 31 50
42 31 51
43 30 51
42 30 51
41 29 51
42 31 50
43 30 50
42 30 50
42 32 51
43 29 51
42 30 50
42 29 50
42 29 50
42 30 49
41 29 51
43 30 50
43 29 50
43 29 51
43 30 50
42 29 50
42 29 50
42 30 50
43 30 50
43 30 50
42 30 51
42 29 51
42 30 50
42 30 50
41 30 50
42 30 50
43 32 50
42 31 51
43 33 51
42 35 51
40 35 50
43 38 50
41 39 48
42 39 48
41 38 47
41 43 46
41 41 47
41 43 48
39 42 48
38 47 47
37 46 48
36 47 48
35 47 49
33 47 49
33 46 50
32 45 50
34 47 49
32 45 49
32 46 48
32 46 48
32 46 49
30 46 47
32 46 48
31 47 49
32 47 47
31 48 47
32 47 48
30 46 47
31 45 47
31 45 47
30 46 48
30 44 48
28 44 48
29 45 49
31 44 48
30 45 50
31 46 49
30 42 50
30 42 50
30 42 51
29 41 50
31 41 50
