60 30 46
60 30 46
60 30 46
60 30 46
29 45 47
30 46 46
30 47 47
30 47 46
28 47 47
29 47 48
30 46 47
28 45 47
29 45 47
28 45 47
29 45 47
30 46 47
29 46 47
30 47 47
29 46 48
29 46 48
29 46 48
26 47 47
26 47 48
26 47 48
27 48 49
29 45 48
30 44 47
34 44 47
34 43 49
36 43 49
36 42 49
37 42 48
37 42 49
38 40 50
38 40 50
39 40 49
40 40 53
38 38 50
40 39 52
40 40 51
39 40 50
40 38 51
39 37 51
41 37 51
41 37 51
40 37 51
39 37 51
40 36 50
40 35 51
40 36 51
40 35 50
40 36 52
39 36 52
40 35 52
40 34 50
40 34 50
40 35 51
40 33 52
41 34 51
40 33 51
39 35 52
40 34 51
40 34 51
40 33 52
40 33 52
41 33 51
41 34 51
41 33 51
41 32 50
40 33 51
40 33 52
41 34 51
40 32 51
41 32 51
40 32 52
41 32 51
41 33 51
41 33 51
42 32 52
39 33 51
40 31 51
41 31 52
41 31 51
41 33 51
39 32 51
41 32 52
40 32 51
41 31 51
41 32 51
40 31 51
41 31 51
41 32 51
41 31 50
41 30 52
41 31 52
41 30 50
42 30 50
42 31 50
41 30 50
41 31 51
41 30 51
40 30 51
41 30 51
41 30 50
41 29 50
41 30 51
42 30 51
42 30 50
40 29 50
41 28 50
41 29 51
41 29 51
42 29 50
40 29 50
41 28 50
41 29 51
41 29 50
41 28 50
41 28 50
42 28 50
42 28 51
41 28 50
41 28 51
42 27 50
41 28 50
41 26 50
42 28 50
41 27 50
41 28 51
42 28 48
41 27 50
40 27 50
42 28 50
41 28 50
41 27 50
42 28 50
41 27 51
42 25 50
42 28 49
42 27 50
42 26 50
42 27 50
43 28 51
41 27 50
41 28 50
41 30 51
41 28 51
42 29 50
41 30 49
41 29 51
41 31 51
42 32 51
42 32 52
42 33 52
42 32 51
40 33 51
41 35 51
41 36 50
40 40 50
38 41 49
36 42 49
35 42 48
33 43 47
31 43 48
31 44 49
32 45 50
31 47 50
30 48 49
31 47 48
30 47 49
30 47 49
31 45 47
31 45 48
28 49 49
31 47 48
30 47 48
30 44 48
30 46 48
30 46 48
30 44 49
29 46 48
30 43 49
29 45 48
29 44 50
29 45 49
29 44 48
30 44 48
28 44 49
29 45 48
31 45 49
28 45 49
29 45 49
30 45 50
29 44 49
29 44 49
30 45 48
30 45 49
29 46 49
30 45 49
29 44 48
30 45 50
28 44 48
29 43 48
