31 37 52
31 37 52
33 37 53
33 37 51
30 39 52
29 37 52
32 36 53
33 34 54
30 32 54
30 37 52
31 37 52
30 35 52
31 33 54
31 33 53
31 33 54
32 35 53
31 35 53
32 35 53
31 33 52
31 35 53
31 34 52
30 34 53
31 34 53
30 34 52
31 33 53
32 35 52
31 35 52
32 34 52
30 34 53
32 35 53
30 35 53
32 35 52
31 35 53
29 34 53
31 35 53
31 35 53
30 35 53
31 34 53
32 35 53
30 34 52
31 35 52
33 33 56
35 39 54
35 42 52
35 40 56
33 37 55
30 32 54
29 31 52
30 31 48
31 32 48
32 33 49
30 33 48
28 35 50
28 41 51
27 40 53
25 41 51
24 39 49
25 43 48
23 45 47
26 47 46
26 49 47
28 47 45
28 47 47
27 46 47
28 48 48
27 48 45
26 48 46
28 51 48
27 50 46
28 49 47
29 49 46
30 50 47
33 48 47
34 48 47
35 46 48
38 45 47
38 43 46
38 43 47
39 41 49
40 41 49
38 40 49
39 40 51
39 39 51
40 40 50
39 38 52
39 39 51
39 37 51
39 37 50
39 37 52
39 37 53
39 37 51
39 36 50
39 38 51
41 36 52
40 35 51
39 36 53
40 36 52
39 36 51
40 35 51
40 35 51
40 34 52
39 35 51
40 35 52
39 35 52
39 33 52
39 33 52
40 33 51
39 33 51
39 33 52
40 32 52
39 31 51
39 32 52
39 32 52
39 31 52
39 33 51
40 32 52
39 32 52
39 32 52
39 32 52
40 32 51
39 33 52
41 33 52
40 32 52
41 31 52
40 33 52
40 32 52
39 31 52
39 31 52
38 32 52
39 32 51
40 31 52
39 31 52
39 30 51
39 31 51
40 31 52
39 30 52
39 32 52
38 30 52
39 32 52
39 30 52
38 31 52
39 30 51
39 30 51
40 30 52
38 31 52
39 32 52
40 31 52
39 32 50
40 33 52
40 33 51
42 35 51
40 35 50
40 37 51
40 38 52
39 39 50
40 38 50
40 41 50
36 43 48
37 46 48
35 46 45
34 48 47
32 49 44
30 48 47
31 50 46
28 50 45
27 49 45
28 49 45
27 47 45
27 49 46
26 49 47
27 48 46
27 47 45
27 48 46
26 49 48
27 50 46
26 48 45
25 47 46
24 47 46
22 49 47
21 47 46
24 48 47
27 48 46
30 47 46
33 46 45
34 45 47
32 40 47
35 39 49
36 37 49
39 39 48
39 38 48
39 36 54
34 33 55
28 39 62
29 34 52
31 39 47
31 40 54
32 35 51
32 39 53
31 38 52
30 36 52
31 39 52
31 37 52
32 37 52
31 37 53
32 37 52
32 37 51
31 38 53
32 39 53
31 38 52
31 39 52
30 37 52
30 38 52
30 38 52
30 38 52
31 39 52
31 39 52
31 38 53
31 39 52
33 39 53
32 38 52
31 39 53
31 38 52
31 37 52
32 39 52
30 38 52
31 37 52
33 39 52
30 37 53
31 37 52
30 38 52
