30 53 38
30 52 37
32 53 38
31 53 37
31 52 38
31 52 38
31 54 39
30 52 38
31 53 37
30 52 38
30 52 38
31 52 38
30 52 39
30 53 38
30 53 38
30 53 38
31 54 38
30 53 37
31 52 38
31 52 37
30 53 39
31 56 40
33 53 40
35 52 40
35 51 41
34 51 42
33 50 43
32 48 43
29 48 43
30 49 42
32 49 45
30 49 44
31 49 44
33 49 44
30 52 47
31 49 44
30 49 44
30 50 44
30 48 47
31 49 43
30 51 43
28 51 44
29 51 44
32 52 45
31 51 45
33 49 46
35 49 45
36 47 47
36 46 45
39 48 46
40 46 47
40 48 44
48 51 50
42 44 45
43 45 43
43 45 42
44 45 43
45 45 44
43 46 44
44 45 44
44 46 45
45 46 44
45 43 45
44 43 46
44 44 45
45 44 45
43 38 46
44 41 46
46 40 48
46 41 48
44 39 47
45 40 48
45 41 47
45 40 47
44 40 47
46 40 47
45 38 48
46 39 48
46 39 49
46 39 47
46 39 48
46 40 48
45 39 48
46 40 48
46 40 48
46 39 48
46 39 49
47 39 47
45 38 48
45 38 48
46 38 48
45 38 48
46 38 48
45 39 48
45 39 47
47 39 47
46 37 47
46 38 48
46 37 47
45 39 47
45 38 48
46 38 47
46 38 48
45 39 47
46 39 47
46 40 47
45 40 46
44 40 45
44 42 42
43 44 45
41 47 45
41 46 45
37 49 45
34 50 46
32 50 45
31 50 45
31 51 46
30 49 44
31 51 45
30 52 44
31 51 45
29 47 42
31 50 44
31 51 43
30 50 45
29 49 44
31 50 43
29 50 44
29 50 44
28 49 43
27 50 44
27 49 42
28 52 42
35 49 45
33 49 47
25 50 43
26 49 43
29 51 44
32 51 41
32 49 42
32 47 45
24 50 51
27 49 48
30 50 44
32 46 43
28 50 46
30 50 44
30 47 44
28 48 48
29 46 45
29 50 45
31 49 44
29 49 45
29 50 45
30 47 45
29 49 46
29 47 45
31 48 44
29 48 46
28 49 44
29 49 45
28 49 46
28 48 44
29 49 44
29 49 45
29 49 46
30 49 43
29 49 44
29 49 45
29 50 45
30 49 45
28 48 44
30 49 46
30 49 45
27 49 45
30 50 45
29 49 46
30 49 44
30 49 45
29 49 44
29 49 44
29 49 45
