28 37 50
26 38 51
27 36 51
27 36 52
26 34 53
26 36 50
27 36 52
27 36 52
25 36 53
27 35 51
28 36 51
26 35 52
26 35 52
25 35 52
27 35 53
27 35 52
27 34 52
27 35 52
27 34 53
27 34 52
27 36 52
29 35 51
26 35 53
27 36 53
29 37 55
29 36 54
30 39 54
35 40 50
36 44 50
34 45 48
32 46 46
29 47 44
28 47 43
28 48 44
30 49 44
31 49 46
32 49 44
30 47 45
30 51 45
31 48 46
28 51 44
28 49 43
29 51 42
29 51 44
29 50 43
27 52 44
27 51 45
29 52 43
31 52 43
32 50 43
32 49 43
33 50 44
35 49 44
36 50 44
37 49 44
36 46 45
37 46 47
38 46 47
40 47 48
38 44 47
40 44 49
40 45 49
41 43 49
41 43 48
41 41 49
41 42 48
40 43 50
41 39 49
40 40 50
41 39 50
41 40 51
41 38 52
41 39 51
40 39 51
40 38 50
41 37 51
41 35 51
40 36 52
41 37 51
40 36 50
40 35 51
39 36 51
41 36 51
41 35 52
41 36 52
40 35 52
40 36 53
41 35 52
40 35 52
40 35 52
40 35 51
40 36 51
40 36 52
41 35 51
40 34 51
40 35 51
40 34 51
40 37 51
40 35 51
41 37 51
42 39 52
41 39 50
40 40 51
41 41 50
40 42 49
38 42 49
39 44 47
38 44 48
37 45 48
36 46 46
35 48 47
34 48 47
33 49 44
29 49 46
31 49 45
29 49 46
28 48 46
28 51 46
28 50 45
29 49 45
29 47 45
29 49 45
27 48 46
27 49 45
29 49 45
29 49 44
28 48 45
25 47 44
25 49 45
23 49 44
26 48 44
28 48 45
30 45 45
30 44 47
32 43 49
32 42 50
34 38 52
32 39 50
25 45 59
26 27 51
26 38 54
26 37 53
27 37 51
29 35 50
28 34 51
27 36 53
26 36 52
26 35 52
26 34 52
27 36 51
26 36 52
28 36 52
27 36 52
27 36 53
26 36 51
26 35 51
27 36 52
26 36 53
25 36 51
25 36 52
27 35 52
25 35 52
27 35 51
26 36 52
27 37 52
25 36 51
27 36 52
27 35 52
27 37 51
26 36 52
26 37 52
27 36 51
26 36 51
26 36 52
26 37 52
27 37 52
26 37 52
25 36 51
26 36 51
27 36 52
26 35 51
26 36 51
25 36 52
26 34 51
