34 35 53
32 35 53
33 35 52
33 37 53
33 36 52
33 35 53
33 36 52
33 34 52
33 35 52
33 35 53
33 33 53
33 36 52
33 34 53
33 35 52
33 36 52
32 35 54
33 35 54
35 36 53
34 38 53
33 40 51
33 42 49
32 43 50
31 44 50
31 42 49
30 47 49
30 47 50
29 48 49
31 50 49
33 49 51
33 45 49
37 42 50
38 40 49
38 38 50
38 37 50
40 36 50
40 36 52
40 35 52
40 36 53
40 36 51
40 33 51
40 34 51
40 34 51
41 33 52
41 33 51
41 32 52
41 32 51
40 33 51
41 32 51
40 31 51
41 31 51
40 30 52
40 32 51
41 29 51
41 29 51
41 31 52
42 29 53
41 31 50
41 30 52
40 29 51
40 30 50
40 30 51
40 29 50
41 28 51
42 29 51
41 30 51
41 30 51
41 30 50
41 28 51
41 28 51
41 29 50
40 29 51
41 28 50
40 29 51
41 28 50
40 28 50
42 28 50
41 28 50
40 30 51
42 29 51
40 29 50
41 30 51
41 31 51
41 33 50
42 32 51
41 32 51
40 33 51
40 35 52
40 37 50
38 38 51
38 40 50
38 42 51
36 44 49
35 44 49
33 46 50
35 46 48
32 46 49
33 47 48
33 46 47
32 47 49
32 46 48
31 47 48
31 46 49
32 46 48
32 46 49
31 47 48
31 46 48
31 46 49
30 50 47
30 45 47
31 45 48
29 47 48
30 46 48
32 46 48
32 45 48
31 47 47
32 44 48
30 46 49
33 44 50
33 42 51
32 38 52
31 36 54
31 39 52
32 38 52
31 39 53
33 38 52
32 38 52
33 38 52
31 39 53
34 38 52
33 37 51
32 37 52
32 38 52
32 38 52
33 38 52
32 38 52
32 38 52
31 39 52
33 38 52
33 38 52
32 38 53
32 38 52
32 36 53
32 36 53
32 37 53
31 37 52
