29 47 46
27 46 47
27 47 46
28 47 46
27 47 47
28 48 47
29 47 47
27 45 46
27 47 46
27 47 47
27 47 46
27 48 45
27 46 47
27 46 46
28 47 46
27 47 46
27 45 47
28 46 46
27 47 46
27 46 46
26 47 46
27 46 47
28 47 46
26 47 46
28 47 45
28 46 46
27 46 47
27 48 47
27 46 46
27 47 47
27 46 46
28 46 46
28 46 47
28 46 47
28 47 45
28 47 46
28 47 46
29 47 47
27 48 45
28 47 46
28 46 46
27 46 47
27 45 46
27 47 46
28 47 46
27 46 46
27 46 46
29 45 47
27 46 46
28 48 45
27 47 46
26 44 46
23 46 46
25 46 46
23 47 46
24 46 44
25 46 44
24 46 44
22 47 43
23 47 44
21 47 44
22 45 43
21 47 43
21 48 43
21 49 42
21 49 43
21 48 44
23 50 45
25 48 44
27 51 46
27 49 46
30 49 48
33 46 47
35 44 48
37 44 49
38 43 50
39 40 49
40 40 49
41 39 49
40 37 49
40 37 50
40 36 50
40 36 51
41 34 51
41 34 50
41 34 51
41 35 51
43 34 50
40 34 52
41 34 51
40 34 51
41 35 51
42 33 51
42 33 52
40 33 50
41 31 50
40 32 52
41 32 51
41 31 51
42 32 50
41 32 50
42 33 51
41 32 51
42 32 51
41 31 51
40 31 51
42 32 51
41 32 51
42 32 51
41 31 51
41 32 51
40 32 52
40 32 51
41 31 50
41 30 50
41 31 51
40 30 50
41 31 51
41 31 51
40 30 50
42 30 51
42 30 50
41 30 51
40 31 50
41 30 51
42 31 50
41 30 50
41 30 51
41 31 51
41 30 50
41 30 50
42 31 50
41 29 50
41 30 50
41 30 51
41 31 50
41 30 50
42 29 51
41 31 50
41 31 50
42 31 51
42 30 51
41 30 50
42 29 50
41 30 51
42 29 51
41 31 51
41 30 51
42 29 51
41 30 51
42 31 51
41 30 51
40 30 50
41 29 51
41 29 50
41 29 50
43 30 50
40 30 50
42 29 50
41 29 50
41 29 50
40 30 51
42 29 52
40 30 50
42 31 50
42 30 50
41 30 51
42 31 50
42 31 51
41 31 51
42 31 50
40 31 50
40 32 50
40 34 50
41 35 50
40 36 48
41 37 50
39 41 51
39 43 49
38 45 47
36 44 47
35 46 47
31 49 45
28 49 44
26 52 43
24 50 42
22 51 41
19 50 42
20 48 42
21 47 43
21 48 41
22 46 42
21 47 40
22 48 40
22 48 41
21 47 41
19 47 40
20 49 41
20 47 42
20 44 42
18 45 42
18 46 44
18 46 44
19 47 42
24 47 41
28 50 41
30 49 42
32 49 43
31 47 44
29 43 48
29 41 50
28 40 50
27 38 47
27 37 45
28 42 63
29 38 48
32 35 51
30 43 50
30 43 51
29 38 50
30 39 51
30 40 51
29 40 53
29 40 51
29 41 50
29 41 51
29 40 52
30 41 51
30 40 50
29 39 50
30 42 51
29 40 50
30 40 52
29 39 50
29 40 50
30 40 52
30 40 52
30 41 51
30 41 52
30 40 52
31 40 51
29 40 52
29 38 51
29 39 51
30 39 51
31 41 52
29 39 51
31 40 51
29 41 51
29 40 51
29 40 51
31 40 50
31 40 52
30 40 51
30 40 50
29 40 51
31 39 52
29 40 50
29 41 51
30 40 51
30 40 51
30 39 52
29 39 51
29 40 51
30 40 51
31 41 51
29 40 51
29 41 51
31 41 50
30 39 50
30 41 50
31 40 52
30 40 51
30 40 50
29 41 51
30 41 52
30 39 52
30 40 51
30 41 51
30 41 52
29 40 51
