32 38 52
31 38 53
31 37 53
32 36 53
31 38 52
30 37 53
31 39 52
32 37 52
31 38 53
33 41 51
35 41 52
36 40 53
33 36 52
30 36 53
31 36 52
31 39 52
32 39 52
31 41 52
30 39 52
31 42 51
29 40 51
32 42 50
33 44 49
32 44 50
31 45 50
32 44 50
31 44 50
32 46 50
33 45 51
34 46 52
36 46 49
38 43 49
39 41 49
40 41 48
41 39 50
41 39 49
42 40 49
44 39 50
44 38 50
44 38 50
43 38 49
43 38 48
44 39 49
42 40 48
44 40 50
45 36 51
43 37 49
43 36 50
44 37 49
44 35 50
44 37 50
44 34 50
44 34 49
44 35 50
44 33 51
45 34 49
44 36 50
44 33 50
44 33 52
44 32 51
43 32 50
44 31 50
45 30 50
43 30 50
44 30 50
43 30 50
44 27 50
45 30 49
44 29 50
43 29 49
44 27 49
43 29 50
44 27 50
45 27 49
45 28 50
43 28 50
44 27 49
43 28 49
43 28 49
43 26 49
45 27 50
44 26 49
44 27 50
44 27 50
44 26 49
45 28 49
43 28 49
44 27 49
43 26 50
43 27 49
43 27 49
44 27 49
43 26 49
43 26 50
43 27 49
44 27 49
44 25 49
44 27 50
44 25 49
43 26 50
46 26 50
42 26 49
44 26 49
44 26 49
44 26 50
43 27 48
42 25 49
44 26 49
44 25 48
44 26 50
44 25 50
42 26 50
44 26 49
45 27 48
43 26 49
43 25 48
45 26 49
44 27 49
44 26 50
44 27 49
44 26 49
44 25 49
43 24 49
44 25 48
44 26 49
45 27 49
43 26 49
43 26 49
45 27 48
43 26 49
43 25 49
44 27 49
43 26 49
43 28 49
44 29 49
44 29 49
43 28 51
45 34 50
44 32 49
45 36 48
43 35 48
44 37 49
43 38 48
43 40 49
40 40 50
40 42 50
38 42 50
37 44 50
37 45 50
35 44 50
35 44 50
34 45 50
34 46 50
34 43 50
34 44 48
34 46 50
34 45 49
34 44 48
35 46 49
33 45 50
32 43 49
33 43 50
32 41 51
32 40 51
32 39 53
32 41 52
31 39 52
31 37 51
30 38 53
31 37 52
31 36 54
30 36 52
30 39 52
32 40 52
32 36 52
31 36 53
30 35 53
30 35 53
29 33 53
29 32 52
30 33 52
29 34 53
30 33 53
31 36 52
30 33 52
29 34 52
30 35 52
31 35 53
30 35 53
30 34 54
30 35 53
30 35 52
30 35 52
30 35 52
32 36 53
31 35 53
30 35 53
30 34 53
30 34 53
31 36 53
31 36 52
31 36 52
30 37 53
30 36 53
30 36 53
33 35 53
31 36 53
32 35 52
30 35 53
30 35 54
30 36 51
31 35 53
31 35 53
31 36 53
30 36 54
31 36 53
31 36 52
30 36 53
30 35 52
30 35 53
31 36 53
