30 37 53
30 34 53
30 36 53
30 36 52
30 36 53
31 36 52
30 36 53
30 36 53
31 35 52
30 35 53
31 35 52
31 36 53
30 35 53
29 36 52
29 34 52
31 37 53
32 38 54
33 39 53
32 36 53
33 35 52
32 34 51
31 34 53
31 34 53
33 35 52
31 36 53
32 35 53
34 35 51
33 38 54
33 35 53
32 37 54
30 36 52
31 38 52
31 38 53
31 38 52
31 40 52
30 39 51
32 40 51
31 40 53
31 41 51
33 41 52
31 41 51
32 43 50
31 43 52
31 43 52
33 43 54
35 41 53
37 41 50
37 39 50
38 39 49
39 40 50
41 40 51
42 38 51
42 37 50
40 35 51
41 34 52
42 31 51
42 32 50
40 31 51
43 31 52
43 31 52
40 31 52
41 32 52
41 30 51
40 29 50
42 26 52
41 28 51
41 27 51
40 26 52
42 25 49
40 25 50
40 25 50
40 24 50
40 24 50
39 23 50
40 21 49
39 23 48
41 21 50
41 23 48
40 22 48
40 21 48
39 21 50
40 22 49
40 21 48
40 23 48
40 21 49
40 21 49
40 21 48
40 20 48
39 21 48
41 22 48
39 19 47
41 21 48
41 20 47
39 20 47
40 19 48
39 20 47
39 19 47
39 20 46
39 18 46
40 17 47
40 19 46
39 19 46
38 17 46
39 18 46
40 17 45
39 18 45
41 18 45
39 15 45
40 17 45
40 18 45
39 19 44
39 18 44
38 18 45
40 18 46
39 19 46
40 16 46
40 17 45
39 18 44
39 17 45
38 18 45
41 17 45
40 19 47
41 19 49
41 23 49
40 27 48
40 31 45
42 36 44
42 38 46
41 40 50
41 40 49
38 41 51
37 42 54
35 44 54
34 43 53
34 45 53
33 44 51
32 43 52
32 44 50
32 43 50
31 43 50
31 43 49
31 42 51
30 43 52
29 41 50
30 39 50
31 38 52
32 37 52
32 39 52
31 38 51
32 42 52
30 42 52
30 40 51
31 40 51
31 37 52
32 40 52
32 40 51
32 39 52
33 39 52
31 39 52
32 40 52
31 39 52
32 40 52
32 39 51
32 39 52
31 39 52
31 41 51
33 40 52
32 40 51
31 39 52
32 40 52
31 39 52
30 39 51
32 40 52
30 38 52
32 39 51
31 39 53
32 39 52
30 39 52
32 39 52
32 39 52
31 37 52
32 39 52
32 39 52
31 39 53
32 39 53
31 39 52
31 39 53
32 39 52
32 39 52
32 37 51
32 39 52
31 40 52
32 40 51
30 39 53
32 38 52
32 40 53
32 41 51
31 38 52
32 41 51
32 38 52
30 40 51
30 39 52
31 41 52
31 39 52
32 40 52
31 40 52
31 39 53
33 39 52
32 39 53
31 39 52
32 39 53
31 39 52
31 39 52
32 39 51
31 39 52
32 39 52
31 40 51
32 40 52
32 39 53
32 40 51
32 38 52
31 40 53
32 40 52
31 39 53
32 39 51
