31 37 52
37 33 32
31 38 52
32 37 53
32 37 52
31 37 53
32 37 53
31 36 52
31 36 53
31 37 53
31 35 52
30 34 53
32 36 52
31 38 53
32 37 52
31 36 53
31 37 53
32 38 53
30 37 52
31 37 52
31 37 52
31 37 53
32 37 53
32 36 53
32 38 53
32 38 51
31 38 52
32 38 53
32 36 52
32 36 54
32 35 53
37 37 55
37 42 52
37 38 51
37 39 52
34 37 50
31 39 49
30 43 48
28 43 48
26 48 47
25 50 45
25 48 46
26 47 46
26 47 46
26 46 45
25 48 45
26 48 44
27 48 46
25 48 44
24 51 46
24 49 47
25 48 48
26 48 45
28 49 46
29 47 46
34 46 47
35 46 47
36 43 48
38 42 50
40 39 49
41 38 50
42 36 50
44 37 50
42 36 51
43 35 50
41 37 50
41 33 50
42 34 51
40 33 52
40 33 51
41 32 51
42 32 52
41 32 52
40 31 50
40 30 51
39 30 50
41 30 50
40 30 52
40 29 51
41 29 51
40 30 51
40 30 51
40 30 51
39 28 52
40 29 51
40 28 50
40 29 52
39 28 51
40 27 51
40 28 50
40 28 50
40 27 51
39 26 51
41 26 53
40 26 51
39 27 52
40 27 51
40 27 51
41 26 52
40 27 51
40 27 51
39 28 52
39 28 51
38 28 51
40 27 50
40 26 51
41 27 51
40 27 50
39 26 50
40 25 50
40 26 50
40 27 51
38 26 50
41 26 50
40 26 51
39 26 49
41 26 50
39 25 50
39 25 51
39 27 50
39 26 51
41 26 50
39 28 50
40 27 51
40 28 50
40 29 51
41 29 49
41 29 49
42 33 51
42 36 53
40 39 51
38 39 51
38 41 50
40 43 51
39 45 48
37 45 48
35 46 46
34 47 47
33 48 46
31 46 46
30 48 47
29 49 46
28 49 46
26 49 46
26 47 47
26 48 46
27 49 45
26 47 46
27 48 47
27 48 46
26 49 47
24 47 48
23 45 48
22 44 47
23 45 46
22 46 47
24 43 47
25 42 46
29 43 49
29 36 49
32 32 50
35 34 53
34 32 52
35 36 50
34 35 52
33 37 52
32 35 54
28 35 60
35 38 52
29 39 51
30 38 54
32 35 53
33 39 52
32 37 53
32 37 52
31 37 52
32 39 52
32 38 52
31 39 52
31 38 53
33 38 53
33 38 52
32 38 52
31 38 52
31 38 51
31 38 52
32 38 52
32 39 52
31 37 52
31 39 52
32 39 52
32 37 52
32 39 53
33 38 52
31 38 52
32 38 53
32 41 52
31 38 53
32 39 52
32 39 52
32 38 51
31 39 53
32 38 52
31 37 52
32 37 52
32 38 53
31 40 52
