25 41 49
23 40 49
23 40 50
23 40 49
23 39 49
24 40 49
25 41 50
24 39 50
23 40 50
24 40 49
22 40 49
24 41 50
24 40 51
24 40 49
25 40 50
24 39 49
25 40 49
24 40 50
26 43 50
26 43 51
25 42 51
26 42 52
46 51 52
29 44 49
28 40 50
30 40 49
29 39 48
29 40 48
28 39 49
28 40 50
28 41 51
29 41 51
29 43 50
29 44 50
30 44 50
30 45 49
31 45 51
27 44 49
29 44 48
28 44 49
31 44 50
30 46 50
30 44 49
31 42 49
30 45 47
29 45 49
28 46 48
27 46 48
30 47 48
29 48 47
29 47 48
31 46 49
29 45 48
30 45 47
30 46 47
29 47 46
26 46 48
28 48 49
28 48 48
29 48 49
30 47 49
32 48 47
32 46 49
31 46 47
34 44 48
35 44 49
35 41 48
37 41 49
37 40 49
38 40 49
38 39 51
38 40 50
40 38 50
39 40 50
37 37 53
39 38 51
38 37 51
39 37 52
38 36 52
39 36 53
39 35 52
40 35 52
39 34 52
40 33 51
38 33 53
38 32 53
38 32 51
38 32 52
39 32 52
39 31 53
37 29 53
40 31 52
38 28 52
38 28 53
38 29 52
38 30 52
38 29 51
39 27 51
38 28 52
38 27 51
39 28 51
39 28 51
39 28 52
38 28 51
40 27 50
40 28 51
40 28 51
39 30 52
40 31 51
40 32 52
40 34 50
40 36 50
40 37 50
38 37 51
39 39 49
37 40 50
36 43 49
36 44 50
32 44 49
31 45 49
31 46 48
28 46 49
28 46 47
28 47 49
27 46 47
28 47 49
29 46 47
28 45 46
30 46 47
28 46 48
28 46 49
27 46 48
24 46 47
24 44 47
27 41 47
28 42 48
27 42 47
28 43 48
28 42 48
30 41 50
23 43 53
23 44 49
23 41 49
20 40 47
21 40 50
22 39 49
20 36 48
19 36 49
20 37 49
19 38 48
19 39 48
21 39 48
21 38 48
23 40 48
21 41 49
23 40 48
21 41 48
22 39 48
22 40 47
24 42 49
22 40 49
24 41 48
22 40 48
22 40 49
22 38 48
22 40 48
22 40 48
24 40 48
22 41 48
22 41 48
22 40 48
21 40 49
22 40 48
22 40 49
21 40 48
20 40 48
