30 36 52
31 36 53
30 37 53
31 37 52
30 36 52
31 37 52
31 37 52
30 38 52
31 38 52
30 37 53
30 37 53
31 36 53
31 36 54
32 37 52
32 37 53
30 36 52
31 37 52
30 37 52
31 36 52
30 37 52
30 38 53
30 37 53
31 37 52
31 36 53
31 37 52
31 36 53
30 38 53
30 36 56
35 36 52
34 37 54
37 40 51
34 42 51
35 44 49
34 41 48
32 42 49
32 42 50
29 42 51
28 43 51
27 41 48
29 46 48
28 48 47
28 49 44
29 47 44
29 47 46
29 50 44
30 50 46
30 49 44
27 51 45
28 51 47
29 51 46
31 49 48
32 48 47
34 46 49
35 44 49
37 42 47
38 41 50
38 41 50
41 40 48
41 40 51
40 38 50
42 38 51
42 36 50
42 36 50
42 37 51
40 35 49
42 35 51
41 35 50
41 34 51
42 34 51
42 33 51
41 34 52
41 35 51
42 33 52
42 34 50
43 34 51
41 33 50
42 33 51
40 32 51
43 31 50
41 32 51
40 32 52
42 33 51
41 31 52
42 32 52
41 31 51
41 32 50
42 32 50
42 31 52
42 31 50
41 32 51
43 31 51
41 31 50
43 31 50
42 31 51
43 30 50
42 31 50
42 31 50
42 31 51
43 31 50
42 31 51
42 30 50
42 29 50
43 30 49
43 31 50
42 32 50
41 30 50
42 31 50
42 30 50
41 32 50
44 32 48
45 31 48
43 34 49
42 35 48
42 36 48
41 39 50
42 39 51
41 41 51
39 43 51
39 44 49
38 45 48
36 45 48
35 46 47
32 47 46
31 47 48
30 50 47
28 48 45
28 49 46
27 48 47
27 49 46
28 48 45
28 48 45
28 49 45
27 49 44
27 47 45
27 47 48
25 48 46
22 43 46
23 45 47
23 45 46
23 46 46
24 45 46
25 44 47
27 41 49
28 37 50
30 35 52
28 37 53
30 37 51
31 38 51
32 37 52
31 40 52
31 39 54
33 39 52
28 41 52
30 34 51
31 41 53
31 38 52
31 40 51
32 38 52
30 40 52
30 40 52
32 39 52
31 40 53
31 39 53
31 39 52
31 39 52
32 39 51
31 40 52
31 39 52
32 39 52
30 40 51
32 38 51
32 39 52
31 38 52
31 38 52
30 39 52
32 39 52
31 38 52
31 38 52
31 38 52
31 39 52
32 38 51
32 37 52
32 37 51
32 38 52
31 38 51
30 38 52
32 38 52
31 38 52
32 38 51
31 38 52
32 40 52
31 39 53
30 37 53
31 39 52
31 38 51
31 39 52
31 38 51
31 38 51
30 38 52
32 38 52
