20 40 47
22 40 47
22 43 47
22 41 48
21 41 46
23 42 47
22 42 48
22 41 46
22 42 47
23 40 48
21 39 52
19 42 54
22 43 52
24 42 52
26 46 50
31 44 48
31 40 48
32 42 48
30 45 48
29 42 47
27 42 49
28 43 48
27 43 47
25 43 49
27 42 51
29 42 49
28 44 49
28 43 49
29 44 48
29 43 49
28 42 50
26 45 48
27 45 49
28 46 49
29 44 48
28 44 49
27 46 49
26 48 49
25 47 49
25 51 51
27 49 50
28 47 47
30 46 45
33 45 46
35 44 47
37 41 46
37 43 49
39 42 49
39 42 51
39 40 50
40 39 50
40 40 50
41 38 51
41 37 50
41 38 51
38 38 52
40 36 52
40 35 53
39 35 51
39 35 52
39 35 52
40 35 51
40 34 51
39 32 51
39 32 51
40 31 51
40 33 52
40 31 52
39 31 51
39 31 51
40 30 52
39 29 51
40 29 51
39 29 51
40 31 51
38 31 52
38 30 50
41 32 50
40 31 51
39 31 52
39 34 52
40 36 52
41 36 52
40 36 51
41 39 50
40 40 50
39 39 50
40 40 50
39 41 49
39 43 49
36 43 47
36 43 48
35 44 49
33 46 47
32 47 47
31 48 48
27 50 48
28 48 48
26 46 48
25 47 49
26 46 48
26 45 47
24 42 51
24 47 49
21 44 50
19 45 47
22 41 45
25 41 45
27 43 45
29 46 45
31 47 46
31 49 44
30 51 45
32 55 45
30 57 44
26 49 37
26 54 35
27 57 41
23 54 37
26 52 35
24 53 35
27 52 35
26 51 37
25 50 38
23 51 38
22 52 38
22 51 38
23 51 37
23 50 39
24 51 38
24 50 39
23 50 39
24 50 39
25 51 38
25 50 39
