30 43 50
29 43 49
30 43 50
29 44 50
29 43 50
28 43 50
29 43 50
29 41 50
29 42 50
29 42 50
29 43 50
28 42 50
28 43 51
30 43 50
29 44 50
29 43 50
29 43 50
29 43 50
29 43 50
30 44 50
29 42 49
29 43 50
29 43 51
28 43 51
29 44 51
29 42 50
30 43 50
29 43 50
28 42 50
28 43 50
29 43 50
29 43 50
29 43 50
29 43 50
29 43 50
29 42 49
30 43 50
31 45 50
28 44 48
31 45 50
32 49 48
30 49 45
30 49 46
29 49 44
29 47 43
29 48 43
28 48 44
28 51 42
29 50 45
29 49 46
30 49 46
30 50 44
29 48 45
28 50 45
30 49 45
28 50 45
28 54 46
29 51 44
29 50 46
33 49 45
32 50 48
33 49 47
35 48 47
36 46 46
38 45 45
40 44 46
41 43 46
44 45 47
44 43 46
45 44 45
45 41 45
47 41 46
48 40 46
49 38 46
49 37 46
48 36 45
48 34 45
48 35 46
50 37 46
49 35 46
49 34 47
48 34 47
48 34 47
48 33 48
48 33 47
48 32 46
48 33 48
47 32 47
46 31 48
48 31 47
48 30 48
48 30 47
48 30 48
47 30 47
47 30 47
47 30 47
47 29 48
46 31 47
46 28 47
45 29 47
45 28 47
47 29 49
47 29 48
46 28 48
46 29 48
47 28 47
47 29 48
47 30 48
46 30 48
48 27 48
47 29 47
46 29 48
47 30 47
46 32 48
46 31 47
47 31 45
46 33 46
46 35 45
45 39 45
43 41 45
41 44 46
38 46 48
37 48 47
36 50 47
33 51 45
34 50 46
32 52 45
33 51 44
31 50 45
32 50 45
31 50 44
30 52 44
31 49 44
31 51 44
31 50 43
32 49 44
32 50 44
31 50 44
31 51 44
31 50 44
29 50 44
28 51 45
27 50 45
28 48 45
29 50 44
30 49 44
31 49 45
32 48 46
32 45 48
32 43 48
30 44 48
28 46 51
22 37 53
30 43 48
30 49 48
26 46 47
28 48 48
29 48 46
29 47 47
28 47 48
28 47 47
29 47 47
27 47 47
29 47 45
29 47 46
29 47 45
29 47 46
29 48 46
28 48 47
30 47 47
29 48 47
29 47 46
30 46 47
28 47 46
28 48 47
28 47 47
29 47 46
28 47 46
30 48 47
28 47 47
29 47 46
29 49 48
29 47 47
29 48 47
29 47 47
29 47 47
29 46 47
29 47 46
29 47 47
28 47 46
30 47 47
30 48 46
29 49 47
28 46 47
29 46 47
28 46 46
29 48 46
28 47 47
29 47 46
30 48 47
29 48 47
30 47 47
