31 35 52
30 36 53
31 38 52
30 38 54
30 36 52
30 36 52
30 37 52
30 37 53
31 37 52
30 37 52
30 36 53
30 37 53
31 36 53
31 35 52
30 35 53
30 36 52
30 36 53
30 35 52
32 36 54
34 37 56
36 36 55
35 38 53
35 39 51
35 40 50
32 39 47
32 41 48
29 41 49
27 46 49
27 46 50
28 46 48
29 46 49
29 47 47
30 46 46
30 48 47
31 48 47
31 49 47
28 48 46
28 50 49
29 49 48
31 50 46
33 48 48
33 46 47
36 45 47
38 44 48
39 42 48
39 42 49
39 41 50
40 40 48
40 40 50
41 39 50
40 40 49
42 39 51
42 39 51
42 38 50
41 36 50
42 36 50
41 35 50
41 35 50
41 37 50
42 37 51
41 35 51
43 36 51
42 36 50
41 34 51
42 36 51
42 35 50
42 34 50
41 34 50
42 36 51
42 34 50
42 34 49
42 35 50
43 34 51
42 35 50
41 34 50
41 36 51
42 35 50
42 34 50
43 34 51
42 36 51
42 35 50
42 34 51
43 34 50
43 35 50
42 34 51
43 36 50
42 34 51
42 34 50
43 35 50
43 35 50
43 34 50
41 35 51
42 37 50
42 34 50
43 35 50
42 35 49
42 35 50
43 37 48
43 38 49
40 40 49
40 42 50
40 42 49
39 44 48
37 44 47
37 45 48
36 47 48
36 46 47
34 49 47
31 49 47
33 50 46
31 49 45
31 49 46
31 49 46
30 50 45
30 47 45
30 49 46
31 48 46
29 48 46
30 49 47
30 47 44
29 49 47
30 48 46
28 49 46
27 49 48
25 47 46
24 49 46
26 49 47
27 48 46
29 49 46
30 45 47
29 42 48
28 41 49
30 39 50
29 34 51
30 40 52
