31 43 49
33 44 50
31 44 50
31 44 50
32 44 50
32 45 49
32 45 50
31 43 50
31 43 50
30 46 50
29 46 51
30 46 50
29 45 49
31 48 47
34 49 46
35 49 44
38 49 45
39 43 42
36 48 44
36 48 44
32 48 43
27 49 45
28 51 45
29 51 43
32 49 46
31 50 43
32 50 43
30 49 42
29 51 44
30 49 41
30 50 45
29 51 44
28 51 44
29 49 45
29 48 45
28 49 45
28 50 45
30 49 44
30 50 46
31 52 45
32 50 45
34 51 44
34 50 43
37 48 45
39 47 45
41 45 44
41 45 43
43 46 43
44 44 42
46 43 43
46 41 44
47 43 44
46 44 44
47 44 44
46 43 43
45 41 44
47 41 46
47 39 46
46 40 45
45 37 46
45 39 47
47 38 46
47 37 47
47 38 46
47 37 47
46 36 48
47 36 46
46 37 47
48 37 47
46 36 47
46 36 48
48 35 48
47 35 48
46 34 48
46 34 49
46 34 48
44 34 49
47 34 49
46 34 49
47 33 48
48 33 47
47 31 48
46 33 49
47 32 48
47 31 48
47 32 49
46 31 48
45 31 48
46 32 47
46 30 47
46 31 48
45 31 48
45 30 47
46 31 49
45 29 48
46 29 48
45 29 49
45 30 49
46 28 49
45 29 48
46 30 49
46 29 48
46 30 49
46 29 48
46 29 48
47 30 48
46 29 49
45 29 47
45 29 47
44 29 48
46 28 47
46 30 48
46 31 48
46 30 48
46 29 48
45 29 48
46 29 49
46 29 48
46 30 48
47 30 48
46 31 48
46 32 47
45 32 47
45 32 47
46 34 47
46 35 47
44 37 46
46 41 48
45 42 45
45 43 45
43 42 44
43 43 45
40 46 46
40 49 47
38 50 46
