30 45 49
29 45 49
29 44 49
30 44 49
31 45 49
29 45 48
29 44 48
29 47 49
30 46 48
30 45 48
29 45 48
31 45 48
29 46 49
30 45 48
29 45 49
31 45 49
30 45 48
29 44 49
30 45 48
29 45 49
29 46 49
29 45 49
30 45 48
30 45 49
29 46 48
29 44 49
29 42 51
29 44 50
30 46 50
30 43 50
31 44 49
32 44 50
34 44 49
36 44 48
38 43 46
41 43 46
39 45 46
39 48 44
36 49 44
34 49 44
34 49 45
34 50 45
34 50 45
36 50 45
35 48 44
35 49 43
36 50 43
36 50 45
36 50 44
35 49 43
35 50 43
35 49 43
35 49 45
34 50 45
34 49 44
32 49 45
33 51 45
33 50 45
32 49 44
32 51 44
32 51 45
34 53 46
36 50 44
36 50 44
39 48 44
39 49 43
41 46 44
42 46 44
44 44 44
46 43 44
45 44 45
47 41 44
46 41 46
48 40 45
48 38 45
47 38 46
46 36 46
48 37 46
46 35 46
46 35 48
47 35 48
48 35 48
47 34 48
47 35 48
46 35 47
47 32 49
46 33 48
46 32 48
47 33 47
46 32 48
46 31 48
46 31 48
48 32 48
47 31 48
47 30 49
46 31 48
47 30 48
47 31 48
47 29 49
46 30 48
46 30 48
46 30 48
46 28 48
48 31 48
46 28 48
45 29 47
45 28 47
46 29 47
46 28 48
47 28 48
46 29 47
46 28 47
45 27 47
46 28 48
45 27 47
45 28 48
46 27 47
45 27 47
46 27 48
45 27 46
45 27 47
45 28 46
46 28 48
45 29 47
46 29 48
46 30 48
45 30 47
45 29 47
46 33 48
44 35 46
45 33 48
46 34 45
45 38 47
44 38 43
43 43 46
43 46 48
39 47 45
36 52 46
37 50 45
35 49 46
33 51 46
34 52 44
34 53 44
32 50 44
33 49 43
34 50 44
34 49 44
34 50 43
32 50 45
32 49 45
33 48 43
32 50 43
32 51 43
32 51 44
34 52 41
36 52 42
38 51 42
41 50 43
42 46 44
44 43 39
42 42 41
40 41 47
35 45 50
32 44 56
31 43 51
33 42 49
32 43 51
29 41 52
28 41 53
30 42 49
29 44 50
30 44 49
29 42 50
29 44 50
30 44 48
29 42 50
31 43 49
31 44 49
30 43 49
29 43 50
30 43 50
30 43 49
31 44 50
29 44 50
29 45 49
31 44 49
29 41 49
30 44 50
31 42 49
30 43 50
30 44 50
30 43 50
30 43 49
30 43 48
29 44 49
30 43 49
