32 38 52
33 37 52
33 38 52
34 40 51
33 38 52
31 38 52
31 37 53
32 37 52
31 38 52
31 38 52
31 38 53
32 39 52
31 36 53
34 38 53
35 41 56
34 44 55
34 38 52
32 39 51
32 38 50
31 39 50
29 40 49
27 43 47
26 43 45
24 46 47
23 49 46
25 48 45
28 45 44
25 46 45
26 56 44
25 48 46
23 50 47
26 49 48
25 50 46
28 47 47
30 46 45
33 44 46
35 43 47
36 40 50
37 39 50
38 36 51
39 36 52
40 37 52
41 36 50
42 35 50
41 33 51
40 34 50
42 33 51
42 36 52
40 34 52
40 34 51
40 33 51
41 32 52
41 33 51
41 31 52
41 32 51
39 33 51
42 32 51
39 31 50
41 32 52
41 31 50
41 32 50
40 32 52
42 30 51
42 30 51
40 30 52
41 30 51
40 29 51
42 30 51
41 29 51
41 29 52
42 29 50
41 30 51
41 29 50
41 30 51
41 30 51
41 30 51
42 29 50
41 29 50
42 30 51
42 30 51
40 28 51
42 30 51
41 30 52
41 30 50
42 30 52
41 30 51
42 31 50
42 31 50
42 30 51
41 31 52
42 31 48
42 34 50
42 32 51
43 33 50
43 36 50
43 39 50
42 41 49
43 42 50
41 44 46
39 44 46
38 47 46
37 47 45
35 46 44
31 48 45
31 48 46
28 51 44
28 52 43
28 51 44
29 51 44
26 50 44
27 50 43
27 51 44
27 50 43
26 49 44
28 51 44
21 47 43
19 48 44
20 49 44
23 47 44
29 48 44
31 49 43
30 48 44
34 49 45
35 46 45
34 43 46
36 44 46
38 42 48
36 47 49
36 54 59
36 38 49
28 40 50
29 39 56
30 39 52
30 40 52
30 38 50
30 39 52
30 39 51
29 39 51
30 39 51
31 40 52
31 40 51
30 39 52
30 39 52
31 38 52
31 38 52
31 39 53
30 40 52
29 39 51
30 39 52
30 38 52
30 40 51
31 40 52
