32 45 49
32 46 48
32 46 48
31 45 50
33 45 48
33 45 49
32 46 47
33 44 49
32 46 48
33 46 48
32 45 49
33 45 48
34 45 48
33 45 48
33 47 49
32 45 48
32 46 48
33 46 50
33 46 49
32 45 49
32 46 47
33 46 49
33 45 48
33 45 48
32 46 49
32 46 48
32 45 48
32 45 49
32 44 49
33 46 48
32 48 47
34 47 46
34 51 44
33 52 41
32 53 41
32 51 41
32 50 43
31 52 41
31 50 42
31 51 44
31 53 44
33 54 43
32 50 45
34 49 44
37 48 45
38 46 47
39 45 46
41 43 47
42 44 48
41 43 47
42 40 47
42 40 47
42 42 48
42 40 48
44 40 49
44 40 47
44 39 49
44 37 48
44 37 48
45 38 48
43 36 49
44 38 49
44 36 49
44 36 49
44 35 50
44 36 49
45 37 50
43 36 50
44 34 50
44 33 49
42 34 49
45 34 50
44 33 50
44 31 51
44 32 49
43 31 50
43 30 50
44 30 49
44 31 50
44 29 50
43 29 48
44 30 50
44 29 50
44 30 49
44 29 49
43 28 50
42 28 49
43 28 50
43 29 50
43 28 50
43 27 49
44 27 50
43 28 50
43 29 49
43 27 49
43 28 49
44 28 49
43 28 49
43 27 50
43 27 49
43 26 49
43 27 49
44 27 49
43 27 50
43 27 49
43 27 50
43 29 50
43 27 49
43 26 50
42 25 48
43 26 50
44 24 49
44 25 49
42 25 49
43 24 49
43 25 48
43 24 48
42 24 48
42 24 48
42 25 48
43 26 49
42 27 48
43 30 49
45 31 50
44 34 51
42 35 53
42 37 51
43 37 50
42 40 47
42 38 45
40 42 44
40 44 43
37 49 43
37 49 45
34 53 44
33 54 45
29 54 43
29 54 43
30 53 41
30 52 40
30 51 42
29 50 40
28 52 41
30 50 42
30 49 41
29 54 42
31 50 41
30 51 42
30 48 43
28 55 41
27 49 43
31 51 42
35 50 45
37 45 47
35 45 44
33 37 47
25 39 62
33 40 44
30 34 57
31 40 52
31 39 53
32 39 53
30 37 53
32 38 52
31 38 52
31 37 52
32 38 52
30 38 52
32 38 53
32 36 52
31 41 51
31 37 53
30 37 53
32 37 51
32 38 53
29 37 52
31 38 52
31 37 52
30 38 53
30 37 52
31 37 53
31 36 53
31 38 53
31 38 52
30 37 53
31 38 52
30 38 53
