28 48 46
30 48 44
29 51 45
27 48 45
27 49 47
26 46 47
26 50 48
29 50 46
32 53 45
31 50 43
33 50 48
31 45 46
31 48 47
30 36 50
28 37 47
29 47 49
29 45 49
31 42 48
30 42 47
31 46 49
28 46 47
29 46 50
30 46 50
29 44 49
31 46 49
30 47 48
29 46 48
30 47 47
28 48 46
29 47 47
27 48 47
29 46 47
31 48 48
28 45 47
29 48 47
29 46 47
27 49 46
27 50 49
30 49 49
31 48 46
31 46 46
33 46 46
35 46 47
37 45 48
38 44 46
40 42 46
41 42 47
41 41 48
41 43 49
41 42 48
41 40 49
40 40 49
42 38 50
41 39 51
41 39 49
42 37 51
42 36 51
41 37 51
41 36 51
41 33 51
41 34 51
40 33 51
41 34 51
41 32 51
41 34 52
42 33 52
42 32 51
42 31 51
42 33 49
41 31 51
41 33 51
42 31 51
42 32 51
42 30 51
43 30 51
42 32 50
41 32 51
42 32 51
41 32 50
43 32 50
42 32 51
42 33 51
42 32 52
42 33 51
42 31 51
41 33 51
42 31 51
42 32 50
42 32 51
42 32 51
42 32 51
41 31 51
42 31 51
42 31 50
41 33 51
42 32 52
42 31 51
42 31 51
42 32 50
42 33 49
42 35 50
42 35 50
42 34 50
41 36 48
42 40 48
41 41 47
39 43 49
36 43 48
36 44 49
36 46 46
34 47 48
31 47 48
30 47 50
28 47 48
28 49 48
28 48 47
27 48 45
27 50 46
27 46 47
27 49 47
27 46 46
27 47 47
27 47 47
26 49 48
26 46 48
26 46 47
27 44 44
27 44 48
27 42 47
29 42 48
31 42 46
31 44 46
32 48 44
33 48 40
32 50 41
