35 40 51
35 38 52
35 39 52
36 38 51
34 38 53
35 38 50
33 38 52
34 37 52
34 38 52
34 37 51
32 37 52
32 39 52
31 43 52
34 43 52
33 44 52
34 37 50
33 39 51
32 40 51
30 37 51
31 38 51
28 40 50
28 41 50
28 45 50
29 41 49
28 41 49
29 41 51
28 41 52
30 43 50
30 42 49
29 44 49
28 45 50
28 43 50
29 45 49
29 44 49
29 47 48
28 44 49
27 46 47
26 49 48
26 47 50
28 47 47
30 47 48
30 47 45
31 46 48
34 44 47
35 44 47
37 44 47
38 42 49
39 42 49
40 42 49
41 41 51
41 40 49
42 39 48
42 37 49
41 38 50
43 38 50
41 39 50
42 38 50
42 37 50
41 35 50
43 37 51
42 37 50
41 36 50
42 36 51
43 34 51
43 34 51
41 35 50
41 33 51
42 32 50
41 32 50
42 32 52
41 32 52
42 31 51
41 31 50
41 30 51
42 30 50
42 29 51
41 29 50
42 28 52
42 30 50
42 28 50
41 29 51
41 30 51
41 29 50
42 29 50
42 29 49
41 28 50
42 29 51
43 27 51
42 29 50
42 33 51
41 32 50
43 33 50
42 32 51
42 34 53
44 35 50
44 36 50
43 40 50
43 40 47
40 41 46
40 41 47
38 45 45
35 45 47
33 48 45
32 49 48
29 50 46
29 46 47
27 50 47
27 48 48
25 48 47
26 46 48
28 48 48
26 49 49
19 45 49
21 44 47
24 41 48
31 43 48
33 42 51
32 44 47
34 51 49
35 49 46
35 39 49
32 37 48
30 45 51
32 44 49
33 47 49
33 47 48
31 47 49
32 42 51
31 43 50
30 45 49
33 45 49
34 44 49
34 44 49
33 45 50
32 43 50
