31 38 52
31 37 52
30 38 52
30 37 52
31 38 52
30 37 52
30 37 52
31 37 53
31 37 53
31 38 52
30 39 52
30 38 52
32 37 52
30 38 53
31 38 53
30 39 53
30 39 51
31 38 52
30 39 53
31 37 53
32 39 53
33 37 54
34 38 54
36 38 53
36 38 52
35 40 51
33 41 49
33 42 48
31 39 49
28 43 48
27 44 50
26 41 47
24 36 52
28 43 51
28 43 50
31 46 50
30 46 49
28 46 46
29 46 49
27 50 48
26 48 50
28 50 50
31 46 48
35 45 50
36 44 48
37 42 48
40 41 47
40 40 48
41 39 49
39 39 50
40 38 51
41 36 50
41 35 50
40 35 52
41 35 51
40 33 51
40 33 50
40 34 50
39 34 52
41 32 51
41 33 52
39 32 52
40 31 51
38 30 52
39 31 50
40 31 51
40 31 53
39 30 52
39 30 51
41 30 52
39 31 51
39 28 52
40 28 51
40 28 51
40 28 51
38 28 52
39 28 52
40 28 52
39 29 51
40 28 50
39 27 52
39 29 51
40 28 50
38 28 52
40 27 51
39 28 51
39 27 51
39 28 51
39 27 51
38 28 51
39 28 52
40 28 50
42 29 50
40 29 50
41 28 49
40 29 51
41 32 53
42 31 48
42 34 52
40 37 50
39 39 50
39 40 50
38 41 49
38 42 51
36 42 50
37 43 48
33 46 47
31 50 45
30 52 45
30 50 44
29 51 42
29 51 44
29 50 44
29 49 42
31 58 46
29 49 41
29 50 43
28 51 43
27 51 44
25 51 44
24 48 44
23 45 43
23 45 46
25 45 48
25 44 48
26 43 49
27 44 48
29 40 49
29 40 50
32 44 49
31 41 49
30 38 51
30 38 52
30 37 51
30 37 54
30 39 52
31 37 54
31 41 52
32 38 52
31 41 51
30 40 52
31 39 52
30 38 53
30 39 52
31 39 52
30 39 52
30 38 51
30 38 52
31 38 52
31 40 52
31 39 51
31 38 52
30 39 52
31 40 52
31 39 52
32 39 52
31 39 52
30 40 52
31 39 52
32 40 52
32 39 52
31 38 52
32 39 52
31 39 52
30 38 52
32 40 51
31 39 53
31 39 52
31 38 51
30 40 51
30 40 51
31 40 52
31 39 51
31 40 52
30 40 52
30 39 52
31 39 51
31 39 52
30 40 52
30 39 51
32 38 52
30 39 51
32 39 52
31 38 53
31 38 53
