31 50 44
31 50 45
30 49 44
29 49 43
30 49 42
30 48 44
29 52 45
32 49 45
33 49 46
36 49 46
36 49 45
41 48 46
40 47 45
41 46 46
43 46 45
43 44 44
44 45 45
44 44 45
45 42 45
46 41 45
47 41 45
45 41 45
46 41 45
46 41 45
46 40 46
46 41 46
45 40 45
46 38 46
45 40 46
47 38 46
47 39 47
47 38 48
48 38 47
46 37 47
48 36 47
45 34 47
47 35 47
48 35 47
46 34 47
47 34 47
47 33 47
46 33 47
46 32 48
48 32 48
47 33 47
46 32 47
46 30 48
47 30 47
47 30 47
46 29 47
46 30 47
46 29 46
47 27 48
47 28 47
47 28 46
46 27 46
47 27 48
46 27 47
47 28 46
47 27 46
47 26 45
46 27 46
47 26 46
47 27 46
47 27 47
46 28 46
45 26 46
46 27 47
46 29 46
47 28 47
47 32 46
46 31 48
45 34 46
45 37 45
46 39 44
46 41 43
45 43 44
45 45 45
44 47 44
42 46 46
40 48 45
40 48 46
35 51 44
34 53 44
33 53 44
32 52 44
32 50 44
32 50 44
33 49 43
33 47 44
32 49 44
31 47 43
33 50 44
32 49 43
29 49 44
29 48 45
28 48 46
28 49 44
31 48 42
33 46 43
36 46 40
36 44 48
34 43 47
30 44 41
29 50 46
30 55 42
29 53 44
27 56 45
25 53 43
25 52 41
24 49 39
24 52 40
25 50 39
25 48 41
25 49 40
24 52 41
24 47 43
24 47 44
23 46 44
23 47 44
24 48 44
23 46 44
22 48 44
25 46 44
24 46 45
25 46 44
24 48 45
26 45 45
25 44 45
22 48 45
23 45 46
24 46 45
23 45 45
25 46 45
25 47 44
22 47 45
22 45 44
23 47 43
23 47 44
22 46 45
23 50 43
24 47 45
23 45 45
22 45 44
22 45 45
23 46 44
22 45 44
23 47 44
22 48 44
22 45 44
23 47 44
