31 49 46
32 48 45
30 48 45
30 49 46
30 49 45
32 49 46
30 49 45
32 48 46
30 49 46
30 48 45
30 49 46
32 49 46
33 49 45
30 48 45
31 49 46
30 49 46
31 49 46
29 50 46
30 49 46
31 48 46
32 48 46
30 49 46
31 48 46
32 47 45
29 48 45
31 48 46
30 50 46
31 48 46
31 49 46
31 48 46
30 49 45
30 48 46
31 48 46
32 48 48
30 48 47
32 48 49
31 47 48
29 47 47
27 48 47
29 48 47
28 48 46
28 48 45
30 46 45
32 46 46
35 49 46
38 47 48
37 47 49
41 45 49
43 42 48
43 41 50
44 40 48
46 39 49
46 38 48
45 36 47
46 35 47
46 36 47
46 34 48
45 36 47
47 34 48
47 33 48
46 34 48
46 34 48
47 34 49
46 32 48
47 33 48
46 32 48
44 32 48
46 31 48
46 31 48
46 32 48
46 31 49
46 30 48
46 31 49
46 31 48
46 30 48
46 31 48
47 29 48
46 30 48
47 30 49
46 31 49
47 31 49
45 33 48
47 32 47
46 35 49
46 34 49
46 37 50
44 37 50
43 39 50
43 39 48
45 38 48
44 40 47
43 40 47
42 42 46
39 43 46
35 45 45
34 46 45
30 49 46
30 51 47
29 52 46
27 50 46
28 49 45
26 51 49
28 48 45
30 47 45
30 48 47
31 47 47
30 49 44
30 50 44
29 48 45
30 49 45
30 47 46
30 48 46
31 48 46
30 49 46
29 46 46
31 48 47
30 48 46
30 48 46
31 49 46
30 48 46
29 48 46
30 48 47
30 48 46
31 48 45
31 49 46
31 47 45
30 48 45
30 47 46
31 48 46
30 48 46
31 48 46
31 47 46
30 48 45
31 48 46
30 48 46
30 48 46
29 48 46
31 48 46
29 48 45
30 49 46
30 49 45
30 50 45
29 48 46
31 48 46
30 48 45
30 49 47
31 47 46
30 48 46
31 48 46
31 49 46
30 48 46
30 47 45
30 48 46
30 49 46
31 48 46
32 47 46
31 48 46
30 48 46
30 47 46
30 47 46
30 48 46
29 48 46
29 49 46
30 48 46
29 49 46
31 48 46
30 49 47
30 48 46
31 47 46
31 49 46
30 49 46
29 48 45
30 48 46
31 49 47
31 48 46
30 49 46
30 48 46
31 50 45
30 48 45
30 49 45
30 49 47
30 48 46
30 48 45
30 47 46
30 49 47
30 48 46
31 49 47
30 47 45
30 48 46
30 48 45
30 49 46
31 48 46
31 49 46
30 48 46
30 48 45
30 48 46
30 48 46
30 49 46
31 49 45
30 48 46
30 48 46
29 47 46
31 48 46
30 47 45
32 48 46
30 49 46
31 49 46
31 47 45
