28 46 48
28 46 49
30 47 48
31 49 46
31 46 47
31 43 46
27 45 48
26 44 49
26 45 50
26 45 48
26 43 48
26 42 49
28 44 48
28 44 49
28 44 48
28 43 49
28 45 48
28 46 47
28 44 48
26 49 48
28 53 45
30 57 42
32 54 41
34 51 41
32 50 42
33 46 43
32 46 44
32 44 46
30 45 45
29 45 47
26 45 48
30 47 48
30 48 47
31 46 47
30 46 48
30 47 49
30 44 48
30 47 47
32 45 47
30 46 47
30 48 46
29 48 47
28 48 47
30 49 47
30 50 47
32 50 47
30 49 47
31 48 47
33 48 46
35 47 47
38 45 47
38 45 48
39 42 48
40 42 49
40 41 48
40 41 48
41 41 49
40 40 51
41 39 50
40 40 50
40 40 49
39 40 51
40 40 50
40 39 51
41 38 51
39 37 50
40 38 50
38 38 52
40 37 51
39 35 51
42 36 51
40 35 52
40 35 52
42 35 52
40 34 51
41 34 51
42 33 52
40 33 52
39 35 52
41 33 52
40 33 52
40 33 51
41 31 51
41 31 51
42 32 52
41 31 50
42 32 52
42 32 51
41 33 51
41 32 50
40 32 51
41 32 51
41 31 51
41 32 52
41 31 51
42 32 51
41 31 50
42 32 50
43 31 51
42 32 51
42 33 51
41 33 51
41 34 50
41 36 50
43 36 51
43 38 48
41 40 50
40 41 48
40 42 48
37 44 47
37 45 47
35 47 48
33 47 48
32 48 47
30 49 46
29 48 46
29 47 46
27 48 47
27 48 46
28 48 46
28 48 46
28 48 47
28 49 46
30 47 47
25 49 47
23 47 44
24 45 44
27 44 45
30 42 47
32 42 47
31 44 45
32 48 44
31 53 44
29 53 43
27 52 44
28 52 45
28 51 43
25 51 42
27 48 43
28 48 44
28 50 46
28 48 44
26 50 44
27 49 44
25 47 45
27 45 46
26 47 46
24 47 46
26 46 46
25 48 46
25 46 45
25 46 46
25 47 46
24 47 46
25 47 46
24 46 46
26 46 45
26 46 46
25 47 45
24 45 45
24 46 46
26 47 45
26 47 45
24 46 45
25 46 46
25 47 46
25 48 44
24 46 45
25 46 44
24 47 46
25 47 45
