28 40 50
27 40 51
28 42 50
27 41 50
27 41 51
28 41 50
27 40 51
27 42 50
26 42 52
28 41 51
30 43 51
30 42 51
31 42 53
29 41 51
43 50 52
30 41 52
30 41 50
28 37 49
28 40 50
28 38 49
28 38 51
28 41 51
28 39 50
28 42 49
26 44 49
28 42 52
29 42 51
29 44 49
28 45 49
28 45 47
30 45 49
30 46 48
29 44 49
29 46 49
29 45 49
28 43 49
26 47 47
27 45 50
27 47 49
29 45 49
30 47 48
31 46 48
33 46 49
33 45 47
35 45 48
38 44 49
38 42 49
39 41 49
40 42 50
40 42 49
42 40 49
41 40 50
40 41 49
40 39 50
40 37 51
41 37 51
41 37 51
40 38 51
40 35 50
41 37 51
41 36 51
40 35 51
40 35 51
41 33 51
41 33 52
41 33 51
41 33 51
41 32 52
40 31 51
41 32 51
41 32 51
40 30 52
40 29 52
42 29 51
38 29 50
41 27 52
40 29 51
39 28 51
41 28 52
40 28 50
40 27 50
40 28 51
41 28 51
41 27 51
41 28 50
41 29 50
40 28 50
41 31 51
42 31 50
42 32 52
41 35 51
41 33 52
41 33 51
40 34 51
40 36 50
39 37 50
38 38 50
38 40 50
34 42 50
34 44 49
33 44 51
32 45 50
31 45 50
30 46 51
29 43 49
27 44 49
28 42 50
28 43 50
27 43 51
28 43 50
27 43 50
26 44 50
28 45 50
27 43 49
28 44 48
27 43 49
26 42 50
24 42 50
24 41 50
24 40 50
28 40 50
29 40 51
30 42 46
31 37 47
25 45 51
25 41 52
25 44 52
25 47 50
25 44 51
23 40 51
24 37 49
26 39 50
25 41 49
24 42 49
23 42 49
