30 41 52
30 41 52
31 40 51
29 39 52
30 40 51
29 39 52
28 39 51
29 39 51
30 39 52
30 40 52
29 40 51
30 38 51
30 39 52
30 39 52
29 39 51
30 39 51
30 39 53
30 38 52
29 38 54
30 39 52
35 41 53
34 44 51
32 42 49
30 43 48
28 44 47
28 45 47
27 46 47
28 48 47
30 46 48
29 47 48
30 46 46
30 46 47
27 50 46
26 50 47
28 50 48
31 50 48
33 48 45
33 45 48
36 44 46
36 44 49
37 41 51
37 40 51
38 40 50
39 37 50
41 38 51
41 37 51
40 36 52
40 34 50
41 35 50
39 33 51
41 33 51
41 33 50
41 32 51
40 33 51
41 32 52
41 32 51
41 30 52
41 31 52
40 30 51
41 30 51
40 29 51
41 30 51
40 29 51
40 29 50
40 28 51
41 29 50
41 29 51
40 28 52
40 29 51
42 29 51
39 28 52
41 28 52
41 28 51
40 29 50
41 28 52
40 28 51
39 28 51
41 27 51
40 28 51
41 29 51
40 28 51
40 28 52
40 29 51
41 29 50
40 28 51
41 29 51
40 30 52
41 30 51
41 29 50
40 30 51
42 30 50
41 31 50
42 31 47
41 34 48
42 37 51
40 39 51
40 40 50
40 41 49
37 44 50
36 44 49
35 45 49
33 47 50
32 47 47
31 47 48
31 48 48
30 48 47
29 49 46
28 48 45
29 48 45
28 47 46
28 49 46
29 48 45
29 48 46
29 47 46
28 48 48
28 47 45
28 49 48
27 46 46
27 45 47
25 45 47
26 42 46
27 44 48
29 41 49
30 40 51
30 39 52
29 37 53
29 39 50
30 39 53
30 36 54
29 37 52
30 39 53
29 38 51
28 36 51
29 38 52
28 38 52
29 39 53
29 37 52
28 36 52
29 37 52
28 38 51
26 37 55
27 35 53
27 34 52
28 36 51
27 38 52
28 36 52
28 37 51
27 37 51
29 36 52
29 37 52
27 36 52
28 36 51
29 36 53
27 36 52
28 35 53
29 36 52
28 36 52
27 35 52
29 36 52
27 36 52
27 36 53
28 36 52
26 36 53
