32 48 46
32 49 46
32 48 46
33 49 46
32 49 46
33 48 46
33 48 47
32 48 46
32 48 45
33 48 47
33 49 46
32 49 46
33 47 46
33 48 46
31 47 45
31 48 46
31 48 47
32 47 45
32 49 43
32 49 44
32 50 42
33 51 41
32 52 42
33 51 41
33 51 42
31 51 43
31 48 43
32 50 43
31 53 42
31 49 42
31 52 41
31 49 41
29 50 42
29 49 42
30 49 42
29 50 43
30 50 43
28 51 42
29 49 43
29 51 43
29 50 43
28 49 42
30 53 43
31 50 44
32 51 43
32 49 43
35 52 43
35 48 44
38 48 45
39 47 44
40 46 45
42 47 43
43 44 45
44 44 45
45 44 46
45 45 46
44 43 45
44 43 46
45 42 46
44 41 46
44 41 46
44 42 46
44 40 47
46 41 47
45 40 47
43 40 48
44 41 47
44 40 47
45 38 48
44 39 47
44 39 48
45 37 48
46 37 49
45 37 49
45 35 48
45 36 49
46 36 49
44 33 48
45 33 49
45 34 50
45 35 49
46 35 49
45 33 49
44 34 50
44 35 48
45 36 47
45 37 49
46 37 49
46 38 48
45 39 48
45 40 48
44 42 47
42 44 46
44 45 45
43 44 45
42 46 45
42 45 44
41 44 43
38 47 46
38 49 44
39 48 44
35 51 45
34 52 43
33 51 43
30 51 44
31 50 43
31 51 42
30 52 42
31 51 42
33 55 42
31 51 41
33 51 42
33 49 43
34 49 44
31 45 47
32 44 50
33 46 48
34 48 47
31 50 46
32 46 48
32 46 47
33 48 46
33 48 46
32 48 46
34 48 47
34 48 46
34 48 46
33 47 47
35 46 47
32 46 46
34 49 47
33 47 47
33 48 47
33 48 47
33 48 47
