32 40 51
30 41 51
30 41 52
32 40 51
31 40 51
32 39 52
32 40 52
31 40 53
29 40 51
31 41 52
32 38 53
33 38 55
37 41 53
37 41 49
35 42 50
34 42 49
34 42 50
31 43 48
30 45 48
29 48 47
28 46 46
27 47 45
25 48 43
23 48 44
24 50 42
25 49 43
25 49 42
26 49 44
26 50 43
25 50 43
27 51 41
24 50 43
24 51 44
24 53 45
26 52 43
28 49 44
29 49 44
31 48 44
33 46 45
34 46 47
37 44 47
39 43 48
41 43 49
41 42 49
41 41 50
41 39 48
42 40 49
41 40 50
41 39 50
39 39 51
38 38 49
40 37 50
40 39 52
39 38 53
40 36 51
40 38 51
38 39 51
39 36 52
39 35 51
38 37 51
39 37 52
39 37 50
39 37 52
39 34 51
39 35 51
38 34 51
38 33 53
39 33 51
39 33 53
38 33 52
39 34 52
39 32 52
39 34 51
38 33 52
38 32 52
40 34 53
37 34 51
38 32 52
38 32 53
38 32 52
37 34 52
38 33 53
38 34 53
39 33 52
38 33 52
39 31 52
39 33 52
38 33 51
39 32 53
39 34 53
37 33 53
38 34 52
38 32 52
38 33 52
38 33 52
39 31 51
39 32 52
39 32 53
38 31 52
39 33 52
38 32 52
39 33 52
38 32 52
39 33 52
39 34 52
40 33 50
41 35 51
41 36 50
41 37 51
39 40 51
38 40 51
37 41 49
36 43 50
36 44 48
37 46 47
35 47 46
35 46 45
33 48 45
34 48 45
30 50 45
31 49 44
29 48 45
27 50 44
27 49 43
24 51 44
25 51 44
25 51 42
27 51 42
28 55 46
27 51 42
27 50 42
26 49 44
27 50 43
24 50 44
22 49 44
21 49 42
24 48 44
26 51 42
29 49 42
31 51 43
33 47 44
33 44 47
34 41 48
33 44 52
34 39 51
34 35 49
37 22 63
29 40 49
30 37 51
29 38 53
31 37 53
30 38 51
30 38 50
30 38 53
29 40 53
29 37 52
30 39 51
30 39 52
30 38 51
30 39 52
30 38 52
29 40 51
30 40 51
30 39 52
31 39 52
29 39 52
31 39 52
30 40 52
30 39 51
30 38 52
30 39 51
30 39 53
