30 53 37
31 53 37
29 52 36
29 53 37
30 53 37
30 53 36
30 53 37
30 54 37
29 53 37
30 53 37
31 54 37
30 53 37
30 54 37
30 53 36
31 53 37
31 52 36
30 52 37
31 52 37
31 52 37
31 53 37
30 53 37
31 52 36
30 52 37
30 52 36
31 53 37
30 53 37
29 53 37
31 52 37
30 52 37
31 54 38
32 54 38
33 55 38
34 54 40
34 53 40
35 50 43
35 47 43
34 47 43
34 47 43
34 50 41
32 48 43
29 49 43
29 51 43
30 50 44
30 50 45
31 50 43
30 49 44
31 50 45
31 51 45
32 50 44
31 50 46
32 48 44
32 50 45
31 51 43
30 51 44
31 51 43
28 51 44
29 51 43
31 51 44
33 49 46
34 49 46
35 49 47
36 47 47
38 48 47
38 47 46
37 47 46
38 46 46
38 46 46
38 45 45
38 45 45
37 45 44
38 46 46
38 49 46
37 47 46
38 47 47
37 48 46
38 47 47
38 48 46
39 44 46
38 46 47
41 49 49
38 45 48
40 46 49
39 44 48
41 43 49
40 43 49
41 43 49
41 42 49
41 43 48
42 42 49
41 41 47
41 40 48
42 40 50
43 40 50
42 39 50
42 38 50
44 38 49
43 37 50
43 38 50
43 38 51
44 37 51
44 38 50
44 37 50
43 37 51
42 37 51
43 36 51
42 37 50
41 38 51
42 35 51
43 36 51
42 35 51
42 34 50
42 35 51
43 35 50
42 34 51
42 34 50
42 33 51
42 34 52
42 34 50
42 32 51
42 34 52
43 31 51
42 32 51
43 32 51
43 31 51
44 33 51
42 31 52
43 33 51
42 32 51
41 31 50
43 32 51
42 32 52
42 30 51
42 30 50
42 30 51
44 30 50
43 31 50
42 30 51
42 30 51
41 30 50
41 31 52
43 30 51
43 30 51
42 31 51
42 30 51
41 30 50
42 29 51
42 30 51
42 30 50
43 29 50
42 30 51
41 30 51
43 29 50
42 29 51
41 30 51
43 30 51
43 30 50
42 30 49
42 30 51
44 33 50
44 33 51
44 33 50
43 33 49
44 37 49
42 36 47
42 41 48
42 41 50
41 42 48
41 43 47
41 43 47
41 44 47
41 43 47
37 46 47
36 47 49
34 49 47
32 51 47
33 50 46
32 50 45
31 50 46
31 50 45
31 50 44
31 48 44
31 50 44
31 50 45
31 49 44
29 49 45
30 50 44
31 49 44
32 50 45
30 50 45
29 49 44
31 48 45
31 49 43
30 49 45
31 51 45
30 49 45
29 48 46
26 48 43
26 50 45
27 49 45
28 49 45
29 50 45
30 48 44
31 48 45
31 49 46
30 49 46
30 48 45
32 47 48
29 44 47
29 44 50
25 43 52
27 37 50
26 41 51
28 42 49
28 40 52
28 41 51
29 42 50
28 42 50
29 42 50
29 42 51
28 41 50
28 41 51
28 43 52
28 42 51
29 41 51
29 41 51
28 42 50
28 42 50
28 42 51
28 41 50
29 42 50
28 43 51
28 40 50
27 42 50
28 43 51
29 41 50
29 43 50
28 41 50
28 41 51
30 42 51
29 42 50
29 42 50
29 42 50
29 43 50
29 42 50
29 43 50
29 42 50
29 43 50
29 44 49
29 44 50
28 43 50
30 43 50
29 44 50
29 44 50
30 43 50
29 43 50
30 44 50
29 43 49
30 43 49
29 42 48
29 43 50
29 42 50
30 43 51
30 43 51
