33 47 45
33 47 45
34 47 48
32 47 46
33 45 46
33 47 47
33 47 47
33 47 47
34 48 46
32 47 47
33 47 47
33 47 48
33 47 47
32 48 47
33 49 46
34 46 47
33 48 45
32 47 47
34 50 43
32 50 42
34 51 38
33 52 40
33 52 43
31 52 43
31 50 42
32 52 44
32 54 44
32 51 44
32 53 43
33 50 43
34 47 44
36 47 45
36 46 47
40 44 48
41 44 48
41 43 48
42 42 48
42 40 47
43 41 48
43 39 48
43 40 49
43 39 49
44 37 49
44 38 48
44 38 48
43 38 49
45 37 48
44 37 49
45 37 48
44 36 49
45 37 49
45 37 50
44 35 49
44 35 51
45 33 49
44 33 50
44 33 50
45 33 49
44 32 51
43 33 50
45 31 50
44 32 49
44 31 51
44 31 50
44 30 49
45 30 50
44 31 50
43 31 50
44 32 49
43 31 50
42 30 51
44 31 49
43 32 49
43 32 49
44 35 49
44 36 49
44 38 50
44 38 50
43 40 50
43 40 49
43 39 48
42 39 48
42 41 46
42 42 47
40 44 46
41 46 45
38 47 46
37 48 45
35 50 45
34 51 43
31 51 44
32 52 44
31 52 43
31 51 43
31 52 42
31 52 42
32 50 41
32 51 42
33 53 42
32 48 42
32 47 48
34 44 49
33 47 50
32 46 49
31 44 47
33 46 48
32 43 48
32 45 48
33 45 48
32 45 49
33 45 49
32 45 48
32 46 48
34 47 49
33 44 49
33 46 49
32 46 48
33 46 49
32 45 49
33 46 48
33 45 48
33 45 49
34 45 49
33 46 49
33 46 48
33 47 49
33 46 49
32 44 49
