32 38 52
31 37 52
31 39 51
31 38 52
31 38 52
31 38 52
32 39 52
32 38 52
31 39 52
32 39 52
32 39 52
31 37 52
32 38 51
30 39 52
31 38 52
30 39 52
31 38 52
32 38 52
32 38 53
31 42 52
34 40 53
36 40 52
37 45 52
37 41 50
36 44 50
37 44 49
35 44 47
31 43 46
29 46 46
27 46 46
24 48 46
27 49 43
26 51 44
27 49 42
28 50 45
29 52 43
28 52 41
28 51 43
27 54 43
31 52 45
32 50 45
35 50 44
38 46 44
38 45 44
40 44 47
41 43 47
41 43 47
42 41 48
42 43 47
41 41 48
41 41 48
43 40 48
42 41 48
43 40 48
42 39 50
43 41 49
42 38 48
43 40 50
43 39 49
43 39 49
43 39 50
44 38 50
42 37 49
43 39 50
43 38 51
42 38 49
43 36 50
44 36 49
43 36 49
44 37 49
42 36 50
42 36 51
42 36 50
43 35 49
43 36 49
43 36 49
43 35 50
42 36 49
42 35 49
43 36 51
43 36 50
43 35 51
43 36 50
43 37 50
43 36 50
42 36 50
42 36 49
43 35 51
43 36 50
44 35 50
44 35 50
42 36 50
43 36 50
43 35 50
43 37 49
44 36 49
41 37 49
43 37 50
43 36 51
41 37 50
41 38 50
42 37 49
43 38 49
43 40 49
40 41 50
39 43 50
39 45 49
39 45 49
39 43 48
40 41 47
40 43 47
38 44 47
39 45 47
38 46 47
37 47 47
34 48 46
35 48 47
34 50 46
32 49 46
31 49 47
29 50 45
30 48 45
30 49 45
29 48 45
27 49 46
30 49 46
31 49 45
31 50 45
29 49 44
28 49 47
27 47 46
25 46 47
26 47 47
27 47 46
28 46 47
30 46 47
30 45 45
27 46 46
29 45 47
28 45 45
29 50 48
30 50 47
32 45 48
30 40 49
31 37 49
31 38 52
30 38 50
33 37 51
36 38 54
32 43 51
31 39 52
31 38 53
30 37 51
31 41 52
30 39 51
31 40 52
32 39 51
30 40 53
31 40 51
32 40 52
31 39 51
32 39 52
32 39 52
31 39 52
31 39 52
31 38 52
31 38 51
30 39 52
31 39 52
31 39 51
30 39 52
31 39 53
31 38 52
31 38 52
31 38 52
31 37 52
29 38 52
32 38 52
31 38 52
31 38 52
31 37 52
30 40 53
31 37 52
31 38 53
32 38 53
31 38 53
30 38 52
31 37 52
32 39 52
