36 51 39
36 52 39
36 51 40
36 51 40
37 51 39
37 51 39
37 51 39
36 50 40
35 50 40
37 51 40
36 51 40
36 50 39
37 52 40
35 50 39
36 52 40
37 51 40
36 51 40
36 53 40
36 50 40
35 51 39
37 51 39
36 51 40
36 51 40
37 52 40
36 51 40
37 51 40
36 53 39
36 51 40
37 51 40
36 53 40
37 52 40
37 50 40
36 50 41
37 51 40
36 52 40
36 51 41
36 51 40
36 50 40
36 51 39
38 51 41
36 50 41
37 49 42
37 50 40
35 51 41
35 48 42
32 49 42
33 49 41
32 51 41
29 53 40
28 52 41
27 50 43
25 51 42
25 50 42
26 49 42
26 49 43
23 49 45
24 50 42
24 50 43
23 54 43
25 52 45
29 53 45
31 51 45
34 48 45
37 43 46
38 42 47
40 42 47
41 39 48
41 40 49
43 39 49
42 38 48
42 37 49
42 36 49
43 35 49
43 34 50
43 33 50
42 34 50
43 35 49
42 32 49
43 30 50
43 33 50
42 32 50
42 30 51
41 30 51
42 30 50
41 30 50
42 29 50
42 29 50
42 30 50
42 29 50
41 29 50
41 29 50
43 28 49
41 28 50
43 27 49
41 28 49
42 27 51
42 27 50
42 27 49
41 27 49
42 26 50
41 27 50
43 26 49
40 25 50
41 25 49
41 25 49
41 25 49
42 25 50
42 25 49
42 26 50
41 25 48
42 26 49
41 25 48
41 25 49
43 26 49
42 26 49
42 26 50
41 25 49
42 24 48
42 25 49
41 26 50
41 27 50
42 27 50
41 27 50
42 28 51
42 28 50
42 29 49
42 30 50
43 29 50
43 31 52
42 30 51
42 32 50
41 31 50
42 31 50
43 31 50
42 31 50
42 31 50
42 30 51
42 31 51
42 30 50
41 30 51
40 31 50
44 31 50
41 32 51
42 31 51
42 31 51
42 31 50
42 30 51
42 30 51
42 31 51
42 31 51
42 30 50
42 30 50
41 30 50
42 31 51
40 30 50
42 31 51
42 30 50
43 31 50
42 30 51
41 30 50
41 30 50
42 29 49
41 27 50
42 27 49
42 27 50
41 27 50
41 27 49
43 26 50
41 26 51
41 26 50
40 24 50
42 24 49
41 22 49
40 22 48
40 22 48
40 21 48
39 20 47
38 18 47
39 19 45
37 19 44
38 19 44
38 19 44
38 18 44
37 20 45
38 19 46
39 22 46
39 23 47
38 23 47
38 28 47
41 29 49
41 32 49
40 35 53
39 39 52
38 40 50
37 44 49
33 45 48
31 49 47
31 49 45
29 51 46
26 51 44
23 51 44
23 51 43
23 51 43
24 56 44
24 49 42
25 50 41
23 50 42
24 47 43
21 47 42
21 49 43
22 50 42
25 51 44
29 52 43
31 53 41
33 51 41
34 50 39
34 49 41
34 46 41
34 44 43
34 44 47
36 46 48
36 47 48
39 51 49
37 47 44
36 51 43
36 50 42
36 47 43
37 49 45
36 49 43
37 50 44
35 49 44
36 49 45
36 49 44
35 50 44
35 49 44
35 49 43
35 49 44
36 48 44
35 49 45
37 49 44
36 49 45
37 50 44
35 50 45
36 48 43
36 49 44
36 50 44
36 49 44
36 49 44
36 49 44
36 49 43
36 50 44
36 49 44
35 49 44
35 50 44
35 50 43
36 49 44
36 50 44
37 48 44
36 49 44
36 49 45
35 49 43
36 49 44
36 49 44
36 47 44
36 49 44
36 49 44
36 49 44
36 49 43
35 48 44
