34 37 52
34 38 53
35 37 52
35 38 53
33 36 52
34 39 52
33 38 54
34 36 52
33 36 52
34 36 52
34 40 52
34 37 52
36 36 53
35 37 54
34 38 54
33 44 51
33 41 51
33 43 51
35 43 48
33 46 47
32 44 46
32 45 47
33 46 49
31 46 48
31 46 48
30 44 47
31 48 47
29 46 47
30 46 50
30 48 49
33 47 48
33 46 49
33 47 48
34 45 49
38 43 50
39 43 48
39 40 49
40 41 49
41 38 49
42 38 50
42 37 50
43 37 51
43 36 49
43 34 49
43 33 50
43 33 51
42 32 51
43 33 51
42 32 51
42 33 51
40 31 51
40 30 52
42 32 52
40 30 51
41 30 51
40 31 51
40 31 53
40 29 52
40 29 51
39 29 52
39 29 51
40 30 51
40 28 51
39 29 52
40 28 51
41 28 50
40 27 52
41 27 51
39 28 51
40 29 50
40 28 51
40 29 51
39 28 52
39 27 51
40 27 51
39 28 51
39 27 52
39 28 52
40 27 50
39 27 52
39 28 50
39 28 51
38 28 52
40 27 52
41 27 51
39 28 51
39 27 51
39 27 51
39 28 50
40 27 51
40 27 52
40 28 51
39 27 52
39 28 51
39 28 51
38 27 51
39 28 51
39 28 51
39 27 50
39 27 51
40 27 51
40 27 51
40 27 49
39 27 51
40 28 50
39 27 51
39 27 51
41 26 51
40 26 49
39 26 51
39 27 51
40 26 51
40 26 51
39 25 51
40 26 51
39 26 50
40 26 50
39 25 50
41 26 50
40 27 50
39 26 51
39 26 51
39 27 52
40 28 51
40 28 51
41 27 50
39 28 51
40 30 50
42 31 49
42 32 52
40 35 50
41 36 49
40 39 49
38 40 49
37 45 50
34 43 48
33 45 48
32 46 49
33 47 47
32 46 48
31 47 47
30 47 46
30 48 47
31 48 47
30 48 47
31 48 48
30 50 49
30 48 47
31 47 48
29 46 48
28 48 45
28 48 45
31 47 45
34 49 50
35 47 47
33 42 48
28 36 51
26 35 53
29 35 54
33 34 54
32 35 52
34 36 53
33 35 52
33 36 52
34 38 52
33 37 52
34 37 53
34 39 53
33 37 53
33 37 52
32 39 52
34 38 53
35 38 53
34 37 53
33 39 52
34 39 53
33 37 52
32 38 52
34 39 52
33 38 52
33 38 53
34 36 53
33 38 52
32 37 52
33 38 52
33 36 53
34 37 52
33 37 52
32 38 51
33 38 53
33 37 53
32 38 52
32 37 52
33 37 53
