31 40 51
33 41 52
33 41 51
33 40 52
32 42 51
32 41 51
32 40 52
32 40 50
32 41 52
31 40 52
33 40 51
32 42 50
34 40 51
33 42 51
34 42 50
36 45 53
36 47 52
34 40 49
30 42 47
28 42 49
27 42 53
29 43 49
30 38 52
30 47 49
30 50 51
31 49 51
31 48 49
34 47 50
36 44 48
38 40 47
38 38 48
40 37 50
40 35 52
40 33 52
42 32 52
41 30 51
42 27 50
42 28 49
43 26 50
42 29 49
41 26 50
42 25 50
43 27 51
43 25 51
42 26 50
42 24 50
41 23 50
41 25 50
42 22 48
42 22 48
42 22 47
42 21 47
42 22 47
42 20 45
41 19 45
42 20 46
41 19 47
41 19 46
42 19 45
42 19 44
42 19 45
43 18 45
41 18 45
42 18 44
42 18 44
42 17 44
42 18 43
41 19 44
41 18 44
41 17 44
42 18 43
42 17 43
42 17 44
41 16 44
42 17 44
41 16 44
41 15 44
41 17 42
41 18 44
42 17 43
41 17 44
41 16 43
42 16 43
41 17 43
41 17 43
42 18 43
41 18 43
41 17 45
41 21 47
40 27 48
41 31 49
41 35 51
39 39 50
37 41 51
36 43 51
33 47 52
31 47 52
31 46 52
32 44 52
30 43 50
30 43 50
27 43 50
28 42 50
29 43 52
29 44 50
27 40 49
27 39 53
26 39 53
26 39 53
25 41 52
26 41 52
27 42 51
29 41 53
30 37 52
28 36 53
27 36 51
26 33 52
25 29 51
26 27 52
28 27 53
29 29 54
30 30 53
29 31 51
28 32 46
30 31 47
28 29 46
25 29 50
25 28 54
27 28 56
30 31 56
30 35 57
28 35 52
28 35 50
25 47 63
32 32 53
32 34 54
31 40 52
32 36 53
31 37 53
32 39 52
31 38 52
32 37 52
31 38 52
33 37 53
32 37 52
32 38 52
31 38 51
31 39 52
33 38 52
30 40 52
32 38 52
32 38 52
33 39 51
31 38 52
32 39 52
32 37 52
32 39 52
33 38 52
32 39 52
31 38 52
32 39 52
31 38 52
31 39 51
32 41 52
32 38 52
32 40 52
31 39 52
32 38 52
32 40 52
32 40 52
32 39 53
29 40 52
33 38 53
33 39 51
31 39 52
31 39 52
32 39 52
31 40 52
31 40 52
32 40 51
31 38 52
32 39 51
32 40 52
33 40 52
32 41 52
32 39 52
32 40 52
32 40 53
32 39 53
31 39 52
31 40 52
30 39 52
31 39 52
32 40 52
33 39 51
32 39 52
32 40 52
31 38 52
33 40 53
33 39 52
32 39 51
32 40 52
32 41 52
31 39 52
30 40 52
32 40 52
32 39 52
31 39 51
32 40 52
32 40 52
