34 41 52
33 40 52
33 39 52
32 38 52
33 39 52
33 40 52
33 39 51
33 40 52
35 39 52
34 38 51
33 39 53
35 39 56
37 37 52
37 43 54
37 43 52
37 42 52
36 41 52
38 40 52
36 39 50
33 38 50
33 38 49
32 40 48
33 43 49
32 44 49
30 44 49
31 45 48
32 47 49
32 45 47
32 46 48
32 48 49
33 44 48
33 47 49
33 46 48
34 46 48
33 48 46
31 46 46
31 47 47
30 49 45
31 50 48
31 50 49
33 50 48
34 50 47
36 47 47
38 44 46
39 43 45
40 42 47
41 41 48
42 40 48
42 41 48
42 38 49
43 38 49
42 38 50
43 39 49
42 37 50
41 37 50
42 37 51
42 37 51
41 37 51
41 37 51
42 37 50
42 36 50
42 37 51
41 35 51
41 36 51
42 36 50
42 36 51
41 35 52
41 34 50
42 35 51
41 34 51
41 34 51
41 36 51
41 34 52
41 34 51
40 35 52
40 34 52
42 34 52
40 35 51
40 34 51
40 33 51
40 35 51
40 34 51
40 32 53
40 33 51
41 33 51
41 34 51
41 33 51
41 34 51
41 35 51
41 34 52
41 33 52
40 34 52
40 33 52
43 33 52
41 33 52
40 32 53
41 33 52
42 34 52
41 34 51
39 33 50
40 33 52
40 34 51
41 32 52
41 34 50
41 35 51
41 34 51
44 34 51
41 35 52
40 35 50
42 37 51
40 37 49
39 39 49
39 42 50
38 40 48
37 42 49
36 44 49
33 45 48
33 46 49
32 45 49
32 48 47
29 45 49
29 47 49
30 47 49
30 45 48
29 45 48
30 45 49
30 45 49
29 45 49
30 46 49
30 44 48
30 49 49
30 44 49
28 44 48
22 44 46
23 43 47
