23 43 48
23 43 47
22 43 48
23 43 47
21 42 48
23 43 48
23 42 47
22 44 48
22 43 47
23 43 47
24 42 47
23 44 48
23 42 48
23 43 48
23 42 47
23 43 48
23 43 47
25 42 47
23 44 47
22 43 48
23 44 47
23 43 48
23 42 48
23 42 47
22 40 50
21 43 49
27 52 45
27 54 45
29 51 44
30 54 43
33 51 43
32 51 43
32 49 41
33 52 39
33 49 38
33 50 39
31 49 38
30 49 41
31 49 41
28 50 43
28 50 45
29 51 43
29 50 43
28 50 43
27 52 43
27 52 43
29 53 44
32 52 43
34 49 44
36 49 45
39 47 45
39 44 46
41 44 47
40 42 48
42 44 49
43 41 49
43 40 49
43 40 48
43 40 49
42 39 48
42 39 50
42 38 51
43 37 51
43 36 50
42 36 50
42 34 50
42 34 51
43 34 51
42 33 50
42 34 51
43 31 51
42 32 51
43 33 50
43 33 52
43 33 53
43 33 52
44 30 51
43 32 50
44 32 51
41 30 51
42 31 50
43 30 50
43 30 50
43 30 51
43 29 51
43 28 49
43 28 49
42 29 49
44 28 50
43 28 50
43 27 49
44 27 49
43 27 48
44 26 47
44 28 47
44 26 48
44 28 49
42 28 48
44 31 50
44 31 49
45 30 50
46 31 48
45 34 48
41 37 46
42 40 46
38 47 46
35 49 46
32 53 49
28 52 47
27 51 46
27 50 47
26 53 47
26 49 45
27 47 45
25 48 45
24 45 43
25 48 42
24 48 40
28 45 40
32 49 41
34 51 43
33 51 43
29 48 41
24 43 41
23 47 50
22 45 50
22 46 48
24 51 51
23 47 48
23 45 43
22 46 44
20 47 45
20 44 44
22 46 44
21 45 44
21 44 44
21 44 44
23 44 45
21 46 44
22 46 44
23 46 44
21 45 44
22 45 44
21 44 44
22 45 44
19 45 44
21 46 44
21 44 45
20 45 46
20 46 45
21 45 44
20 44 45
21 45 46
21 45 45
22 44 44
21 44 45
21 45 45
22 45 44
21 44 44
20 45 45
21 44 45
22 45 45
20 45 44
21 45 46
21 44 44
21 45 44
20 44 45
21 43 44
20 44 45
21 44 44
20 44 44
20 44 45
20 45 45
