18 34 39
34 45 50
33 44 49
33 42 51
35 39 51
32 43 50
36 41 51
33 41 52
33 40 50
34 41 50
33 41 51
34 42 51
33 40 50
34 41 51
33 41 51
34 43 51
34 42 51
34 42 50
34 43 51
35 42 51
35 41 50
34 41 51
33 41 51
35 42 49
34 42 50
34 44 50
35 44 49
35 44 51
34 46 49
34 43 49
35 44 49
36 45 47
36 43 49
36 44 48
34 45 49
35 42 49
33 42 50
33 42 50
33 41 52
33 43 50
32 38 52
33 42 51
33 42 51
33 42 52
33 42 54
34 43 54
35 42 51
35 42 50
36 40 49
38 39 51
38 39 51
38 38 52
39 38 51
40 38 51
38 37 51
39 36 51
40 35 51
40 35 51
40 36 52
39 34 51
41 34 51
41 33 52
40 32 50
42 33 51
42 33 51
41 31 50
42 31 51
42 32 51
42 30 50
42 31 50
42 30 50
42 31 50
42 30 50
42 28 50
42 31 51
43 30 49
42 30 51
42 30 50
42 29 51
44 29 51
41 31 50
42 29 51
45 28 50
43 30 50
43 28 50
43 29 49
43 29 50
44 28 50
44 29 50
43 29 50
42 28 50
42 28 51
43 29 49
43 29 49
42 30 50
43 29 50
43 30 50
43 31 50
42 31 51
43 32 51
42 32 51
42 30 51
43 33 48
42 33 50
41 33 50
43 35 49
41 37 52
42 36 50
42 38 50
41 39 50
40 38 51
39 39 48
38 42 50
38 42 52
38 42 52
37 43 51
37 42 51
37 41 52
35 42 51
36 42 52
35 43 49
35 42 50
35 43 49
35 43 50
35 43 50
35 43 49
34 44 49
37 43 49
35 42 50
36 43 50
34 43 50
36 44 49
35 44 50
36 43 50
36 44 48
35 44 51
35 43 50
34 43 49
34 44 50
34 45 51
33 45 50
34 43 48
33 43 49
34 44 48
34 44 48
35 42 50
37 42 48
34 43 49
35 45 52
34 46 49
34 45 47
36 46 48
35 44 48
34 46 48
34 44 49
34 45 49
33 46 48
34 46 48
33 43 48
34 46 49
34 45 47
34 44 49
34 46 48
35 45 48
34 46 49
34 46 48
34 45 49
34 45 49
34 45 48
34 45 48
34 46 49
34 45 48
34 45 48
35 45 48
34 46 48
35 45 49
35 45 48
34 44 48
