33 41 51
33 41 51
32 42 51
31 42 51
32 41 52
32 39 51
31 40 51
32 40 50
32 41 51
32 40 52
32 41 51
31 40 52
32 40 52
31 40 52
33 40 51
32 41 52
32 40 51
32 40 52
32 40 51
31 41 51
33 41 52
31 41 52
33 41 51
32 40 51
33 40 51
32 41 50
31 41 51
32 41 52
31 41 52
32 41 50
32 41 50
31 41 51
32 41 52
31 40 51
32 40 52
31 41 51
31 41 51
32 41 52
31 42 51
32 39 52
32 40 52
32 40 52
31 39 52
31 39 51
32 40 52
32 40 53
32 39 51
32 39 51
34 40 51
32 40 52
33 39 52
32 41 52
32 42 53
31 41 53
33 40 51
34 41 52
35 39 51
37 40 52
38 39 52
39 38 52
40 36 50
41 37 51
42 36 51
43 35 51
43 36 51
43 35 51
43 35 51
42 34 52
43 34 50
44 34 53
43 32 51
44 32 51
42 31 49
44 33 51
44 32 51
43 32 50
43 31 50
43 31 50
44 30 51
44 31 50
43 30 50
44 30 51
44 31 49
44 30 49
43 29 50
44 29 49
44 29 50
45 29 50
44 29 49
45 29 49
45 29 49
44 31 49
44 30 50
45 30 50
45 31 49
45 29 50
45 29 51
45 30 49
45 32 50
45 30 50
45 32 49
45 32 49
45 32 50
46 31 50
44 32 50
45 31 50
44 30 50
44 32 50
45 32 50
44 32 49
43 32 49
42 32 48
42 33 48
40 34 51
37 35 50
35 37 53
33 40 52
31 45 52
30 42 53
30 43 51
31 45 52
30 42 53
32 43 51
31 42 50
32 41 50
32 41 51
30 39 50
30 39 51
31 41 52
33 43 52
31 40 53
31 39 51
32 38 51
34 39 51
32 38 52
31 39 52
31 40 51
31 39 51
32 40 53
31 40 51
32 40 52
31 40 52
32 40 51
32 39 52
32 39 51
31 40 52
32 39 52
31 40 52
30 40 52
32 39 52
32 41 52
32 39 53
33 39 52
31 38 52
32 39 52
32 40 53
32 39 52
32 40 51
31 40 51
31 39 52
31 40 52
32 40 52
32 39 52
32 39 51
32 40 51
32 40 52
32 39 52
31 39 52
33 39 51
31 40 52
31 39 51
32 39 52
32 40 52
31 40 52
32 40 52
30 40 53
31 39 52
31 40 52
30 40 52
32 42 51
32 39 52
31 39 52
30 39 51
32 40 52
31 40 52
31 39 52
31 40 53
31 40 52
32 39 52
31 39 52
31 39 51
30 40 53
31 39 52
31 40 52
32 40 51
31 40 51
32 39 53
31 41 52
33 41 51
32 39 52
32 40 51
31 39 52
32 39 51
32 40 53
31 41 52
31 39 51
32 40 52
31 40 51
32 40 52
30 40 52
32 39 52
32 40 53
32 40 51
32 38 51
31 40 52
31 40 52
31 39 53
31 40 52
32 39 51
32 39 52
31 40 52
31 39 52
31 39 52
31 39 52
31 39 53
33 39 51
31 39 52
32 39 52
32 40 51
