31 40 52
32 39 52
32 40 52
31 41 52
30 39 52
32 39 52
32 39 53
31 40 51
32 40 52
33 39 52
31 40 52
31 37 52
32 39 52
32 39 52
31 40 53
32 38 52
32 39 52
31 40 51
32 40 52
31 40 52
31 40 51
32 40 52
32 40 52
32 39 53
31 40 52
32 39 51
32 39 52
31 40 52
32 41 53
32 40 52
32 39 52
32 39 52
32 40 52
32 40 52
31 41 51
32 40 51
32 41 51
33 42 52
34 39 53
32 39 50
32 39 51
33 39 52
34 38 51
33 37 53
33 36 54
32 37 52
33 38 52
32 39 52
31 38 53
32 39 53
30 39 52
31 38 52
30 39 53
30 40 52
32 40 51
32 40 52
30 39 53
31 39 52
31 40 53
30 40 52
32 43 51
30 42 50
31 42 51
32 44 52
32 43 50
32 44 53
31 43 51
32 43 51
35 43 50
36 44 50
36 43 50
37 41 50
39 42 48
38 39 49
38 40 49
40 40 49
40 39 50
40 38 52
41 39 51
40 39 51
40 37 53
42 40 51
41 38 51
40 36 52
40 36 51
40 35 53
40 36 52
40 34 52
41 33 52
40 32 53
40 32 52
41 31 52
40 29 52
39 30 52
39 29 51
39 28 52
39 28 51
40 28 50
40 28 50
40 27 50
40 27 51
41 27 51
40 26 51
40 27 52
40 27 51
39 28 50
40 28 51
40 27 50
38 27 51
40 28 51
40 25 51
40 27 50
39 26 51
39 27 50
40 26 51
41 25 52
39 26 51
39 25 51
39 26 50
40 25 51
40 25 50
40 27 50
40 26 51
39 25 51
39 25 51
40 24 51
39 25 51
40 25 50
40 24 51
39 25 50
39 25 51
40 26 51
41 25 50
40 24 50
40 25 50
39 25 51
40 24 50
40 25 50
39 24 50
40 25 50
39 25 50
39 24 50
40 24 51
39 24 50
40 23 50
38 24 50
39 24 49
40 24 50
38 23 50
39 24 51
41 23 50
39 23 50
40 24 51
40 22 50
38 23 50
38 22 49
40 22 50
39 22 50
39 22 49
40 22 49
39 22 49
41 22 49
39 21 50
40 23 48
39 23 49
40 23 49
39 23 49
40 23 49
39 22 49
40 22 49
40 24 49
40 24 50
40 27 50
40 28 51
39 27 53
39 28 51
41 30 52
42 31 51
42 33 50
43 35 51
43 36 50
42 37 47
42 39 48
40 40 50
40 42 49
38 43 51
38 46 50
35 44 49
35 47 51
35 47 50
34 45 50
34 46 49
34 45 48
34 45 49
32 45 48
32 44 49
32 45 50
32 44 50
32 45 50
31 44 50
32 43 50
32 44 50
31 42 50
31 42 49
30 44 50
31 43 51
29 41 50
29 41 51
30 41 51
30 38 52
32 38 51
30 39 53
31 37 52
29 39 52
30 40 51
30 41 50
32 43 53
31 41 52
31 40 52
31 36 52
32 37 53
31 39 53
30 34 53
31 38 53
30 36 52
31 36 53
31 37 52
31 37 52
31 37 53
30 36 53
30 37 52
31 37 53
30 37 53
31 37 53
30 37 53
31 38 53
31 37 52
30 36 52
30 37 53
30 37 52
32 37 52
30 37 52
30 37 52
31 37 52
29 37 53
31 38 52
30 37 52
30 36 53
31 37 52
31 37 53
32 37 53
31 37 52
32 37 52
31 38 53
31 38 52
30 38 53
31 37 53
30 36 53
31 39 52
31 37 53
30 36 52
32 36 53
30 37 52
31 37 52
31 36 53
31 37 52
31 37 53
31 37 52
32 36 52
30 38 53
30 39 52
30 36 52
32 37 54
31 37 52
31 37 53
32 38 52
30 38 53
31 38 53
32 37 52
31 37 53
30 37 52
31 37 53
32 37 52
32 36 52
30 37 53
32 36 53
31 36 53
31 37 52
31 37 53
30 36 52
31 36 52
32 37 52
31 36 54
