35 44 50
34 43 50
36 42 49
36 43 49
35 43 49
34 43 50
35 44 50
35 44 49
36 43 50
35 44 50
35 43 50
34 43 50
36 44 49
36 43 50
34 44 50
35 43 50
35 43 49
34 43 49
34 43 50
35 43 50
35 43 50
35 42 50
36 43 50
36 43 50
35 43 49
35 43 49
36 44 50
34 43 49
35 43 50
36 43 50
35 43 50
35 44 49
35 43 50
35 45 50
37 45 49
35 44 49
37 45 49
35 45 48
34 41 50
34 46 49
34 44 49
35 46 48
34 44 48
35 45 47
34 45 47
35 47 48
34 48 46
35 45 46
33 46 46
34 48 46
33 46 44
35 49 47
34 47 47
33 47 46
34 47 46
33 49 46
32 49 44
33 47 46
32 49 46
34 51 47
35 49 47
37 46 47
37 46 46
37 44 45
39 44 46
41 43 47
40 45 46
41 42 48
41 43 48
41 42 48
41 43 48
40 42 48
42 41 48
42 43 49
41 41 48
42 42 49
41 41 49
43 40 49
43 40 49
43 40 49
43 39 48
44 39 48
43 39 49
43 39 49
44 39 48
43 38 48
43 38 49
43 37 48
45 40 48
43 38 49
42 40 50
44 40 49
43 40 48
44 40 48
44 41 48
43 40 48
43 40 49
42 41 49
42 41 49
43 41 49
43 39 49
44 39 49
43 41 49
43 40 48
44 39 49
43 40 49
45 39 49
45 39 49
43 38 49
44 37 49
42 37 49
44 38 49
44 38 48
46 38 49
44 36 49
44 37 49
42 36 49
44 35 50
45 35 50
45 34 49
45 35 50
44 33 49
46 32 48
45 34 50
44 32 49
44 33 49
46 32 49
45 32 49
45 31 48
44 32 50
43 31 49
46 32 49
45 31 49
45 31 48
45 32 49
45 32 50
46 31 49
46 31 48
45 31 49
45 31 48
45 31 48
45 30 49
46 30 49
45 30 49
46 30 49
44 30 48
45 30 49
45 30 49
46 30 48
45 28 48
46 31 49
46 30 48
44 29 49
44 31 48
44 29 49
45 31 50
46 30 49
45 30 48
45 29 49
46 30 49
45 30 48
44 30 48
46 31 48
46 31 48
45 29 48
45 30 49
46 30 49
45 31 48
45 36 47
45 35 47
44 37 49
45 38 48
46 36 48
44 38 49
44 38 49
45 38 48
45 38 49
44 39 49
45 38 48
45 38 49
44 38 49
44 36 50
45 37 48
45 37 49
45 36 48
46 36 49
45 36 49
46 34 49
45 37 49
45 35 50
45 36 50
46 34 50
45 35 49
44 35 49
45 34 49
45 33 49
46 32 49
46 30 49
45 32 48
45 31 49
45 33 48
46 32 48
46 30 50
46 30 47
44 29 48
46 31 49
45 29 48
46 29 49
44 28 48
44 28 48
45 29 49
44 29 48
45 28 49
45 29 49
44 28 48
44 27 48
46 27 48
46 28 48
45 28 49
46 28 48
46 29 48
45 31 49
45 30 48
45 30 49
46 31 49
46 33 48
45 32 49
46 32 48
45 32 49
46 33 49
45 33 49
46 34 49
46 34 50
46 33 49
44 33 50
46 34 50
46 33 49
45 33 48
46 32 48
45 33 49
46 32 50
45 33 49
46 33 49
45 32 50
45 32 48
45 31 48
45 32 48
46 32 49
45 31 49
45 31 48
47 31 49
45 30 48
45 30 49
45 30 48
45 28 49
46 28 49
46 28 48
45 28 47
45 27 49
44 27 49
45 27 48
45 25 47
45 27 47
46 27 48
46 25 49
45 25 46
44 27 47
45 24 46
44 26 48
45 24 45
45 25 47
45 25 47
44 24 47
45 26 47
45 24 46
45 25 47
46 26 47
45 28 46
46 26 47
45 29 47
47 28 49
45 32 46
44 33 50
43 40 49
42 40 48
41 42 48
39 45 46
40 46 48
36 48 48
36 45 48
36 48 48
36 48 47
35 49 45
34 51 48
36 49 45
35 49 45
35 48 43
34 50 43
34 50 44
33 50 43
33 48 42
34 51 44
33 49 43
34 48 44
32 47 46
32 49 47
33 48 45
33 48 47
34 48 44
34 50 44
33 49 44
35 48 45
35 50 44
36 53 44
35 53 44
38 47 45
37 49 43
34 49 45
28 37 38
34 53 49
37 36 55
34 43 53
36 43 48
35 45 50
37 44 49
35 44 48
36 45 48
35 44 49
36 43 49
35 43 49
34 42 50
36 44 50
34 41 54
35 38 54
34 35 51
37 47 50
41 37 47
41 39 47
38 36 52
36 38 53
35 35 51
35 41 56
34 34 52
35 40 52
35 40 52
36 40 51
36 42 51
36 39 51
35 44 51
35 42 51
35 42 50
35 43 51
35 42 50
35 41 50
35 41 52
36 42 50
35 41 51
36 42 51
36 40 51
34 41 50
35 40 51
35 42 51
35 40 52
34 42 51
34 40 51
