30 45 49
32 43 48
32 40 48
32 46 49
30 44 49
31 43 49
30 44 49
31 45 48
32 44 49
31 44 48
32 44 49
31 44 50
32 44 49
32 45 50
32 45 50
31 45 50
32 47 51
32 50 51
33 47 49
34 47 49
39 41 47
41 37 44
42 36 45
41 41 46
37 45 47
33 47 46
30 50 46
28 48 46
27 48 47
25 47 46
26 45 47
23 47 46
25 45 48
24 46 49
25 46 46
23 45 47
23 45 47
23 48 47
25 45 47
23 44 48
26 47 47
29 45 48
29 46 46
31 44 46
31 43 47
34 45 49
36 43 49
37 42 50
39 43 50
38 41 51
39 41 51
39 41 50
39 40 51
38 39 51
41 41 50
38 40 51
38 40 52
38 39 52
38 39 51
39 37 50
39 37 50
39 36 52
39 35 52
40 36 52
40 34 51
38 34 51
39 36 51
41 35 51
41 34 52
40 34 51
40 33 52
40 33 51
41 33 51
42 34 50
40 34 51
40 34 52
40 33 51
40 33 51
40 34 51
41 33 51
41 34 50
41 33 51
41 33 52
40 34 51
41 34 52
40 34 51
41 33 51
40 34 52
41 33 50
41 34 51
40 31 51
42 34 51
41 33 52
41 32 52
40 33 51
40 32 52
42 32 51
41 34 52
41 33 50
41 31 50
41 31 51
42 32 50
42 32 52
42 33 51
42 31 51
39 32 51
41 31 51
41 32 51
41 31 50
41 31 50
42 30 52
41 31 51
41 31 50
40 31 50
41 29 51
41 31 51
42 30 51
42 31 51
42 31 51
41 31 50
42 30 51
42 32 51
42 31 51
41 30 51
40 29 50
41 30 51
42 29 50
40 30 49
41 30 50
42 29 51
41 29 50
42 28 50
41 28 50
42 30 50
43 30 51
40 29 50
42 28 50
42 28 50
42 28 50
42 28 50
44 29 50
41 27 49
42 27 51
42 28 50
44 25 51
42 25 50
42 24 50
43 25 49
42 24 48
41 22 47
43 22 47
42 22 47
42 23 48
42 22 47
42 21 46
42 21 44
41 21 44
41 21 46
42 22 44
44 22 47
42 21 47
44 22 46
41 26 51
42 27 48
42 30 51
42 33 50
42 37 51
38 38 50
37 42 49
35 41 50
33 44 50
33 45 49
31 44 49
30 45 49
27 44 49
26 45 48
26 44 50
24 47 47
26 46 47
26 45 47
25 45 47
25 45 50
24 45 49
22 45 51
23 43 48
25 43 46
26 41 46
28 44 47
32 46 44
34 47 44
37 47 44
37 46 44
34 50 46
32 48 45
27 60 52
26 52 47
28 47 44
28 51 44
29 48 46
27 48 46
29 47 46
28 49 46
28 48 46
28 47 46
28 48 47
27 46 46
27 47 46
28 49 47
29 48 46
28 49 47
29 48 46
28 47 45
26 48 45
28 48 45
29 48 46
28 48 46
28 46 46
28 46 46
28 48 45
29 47 46
28 46 45
28 48 46
28 47 45
29 47 46
28 48 46
28 47 46
29 47 45
27 48 47
26 47 45
28 48 46
29 48 45
29 47 46
29 47 46
27 48 45
28 48 47
29 48 46
29 47 44
29 47 45
29 48 45
28 47 46
29 47 46
27 48 46
27 47 46
28 48 46
28 47 46
29 48 46
28 48 46
27 47 46
