22 48 45
23 47 45
23 49 44
23 47 44
23 48 45
23 47 44
23 46 45
22 47 44
24 47 44
23 46 43
23 48 44
23 46 45
24 46 44
23 46 44
24 46 44
23 46 44
22 48 45
23 46 45
23 46 44
23 46 43
23 48 44
23 46 44
23 46 45
22 47 44
23 47 45
23 47 45
24 46 45
22 46 45
23 47 44
25 46 44
23 46 44
22 46 44
22 46 46
21 46 44
23 46 47
25 48 46
24 46 46
26 48 46
27 46 46
27 46 45
27 45 44
28 46 44
29 51 46
28 43 46
27 44 48
24 43 51
27 42 49
26 45 48
26 45 48
25 44 49
27 45 49
27 44 49
27 43 49
25 43 49
25 45 48
26 44 48
25 42 49
24 42 49
25 40 52
30 55 55
32 51 53
30 52 50
33 48 47
34 45 45
35 45 41
33 45 40
27 47 42
27 45 44
27 48 45
28 45 45
29 47 47
30 47 48
27 50 48
27 52 46
28 52 47
30 50 46
33 49 47
36 45 45
38 45 47
39 44 46
41 43 48
41 40 49
41 40 50
42 40 50
43 39 50
43 37 51
42 36 51
42 35 50
43 36 50
42 35 51
42 35 51
41 35 50
41 32 52
41 33 50
42 32 50
42 31 50
44 31 51
42 29 50
42 30 50
43 29 49
42 29 50
43 29 50
42 28 49
42 29 51
43 27 50
42 27 49
42 28 49
43 27 49
44 27 49
43 26 50
43 27 50
43 27 50
43 27 50
42 25 50
43 27 49
41 27 50
43 29 51
43 30 50
43 28 51
42 27 50
43 27 51
43 28 50
43 26 50
41 26 49
43 27 50
43 25 49
43 26 50
42 26 49
42 26 49
43 25 48
42 25 48
42 25 49
42 28 49
42 26 49
43 27 50
43 26 50
44 29 49
44 30 48
42 32 47
41 38 47
39 40 46
37 46 49
34 50 50
32 49 50
29 51 49
27 47 48
26 47 49
26 48 48
26 47 48
28 46 47
28 46 49
28 47 48
29 44 49
26 45 49
23 45 44
24 46 43
26 41 47
34 44 45
37 39 46
33 40 48
31 45 46
30 43 52
27 43 56
27 43 52
29 39 55
22 42 50
22 43 48
25 41 48
24 44 47
25 44 47
25 44 48
26 44 48
25 43 48
23 43 47
24 44 47
24 44 47
25 43 48
25 44 48
24 44 48
26 44 48
25 45 47
26 45 47
25 45 48
25 44 48
25 43 47
25 43 48
24 44 46
23 43 47
23 42 48
23 42 49
23 43 49
23 43 48
22 42 47
23 43 48
23 43 47
23 42 48
22 43 47
22 43 47
23 43 47
23 43 47
22 42 47
24 43 47
22 42 47
24 43 49
22 42 47
22 43 47
23 42 48
24 43 48
23 42 47
23 42 47
22 43 48
23 42 48
24 43 47
24 43 47
23 43 49
23 43 48
23 43 47
22 43 48
23 43 48
22 43 48
23 43 48
22 42 48
23 42 47
23 43 48
23 43 48
