32 35 53
32 34 53
32 35 54
32 36 53
31 34 53
31 34 53
31 36 53
32 35 53
32 36 53
32 33 53
32 36 54
31 35 53
32 36 52
32 35 53
32 34 53
32 34 53
31 34 53
32 34 52
30 36 52
31 36 53
31 34 53
32 36 53
31 35 53
32 35 53
32 34 53
30 35 53
32 34 53
28 36 52
27 36 54
28 34 52
32 35 50
35 37 52
33 38 54
31 38 53
34 40 53
33 39 52
33 41 53
33 40 51
31 42 52
31 43 51
33 43 51
32 48 50
29 49 51
32 47 50
32 45 50
34 45 51
35 43 51
38 42 50
37 41 52
37 39 51
39 39 50
40 36 52
40 36 50
41 36 50
42 35 51
41 33 51
41 32 51
42 33 51
42 33 50
41 31 52
42 32 52
40 31 51
42 32 51
41 31 52
42 30 51
41 29 52
42 31 50
40 30 52
41 31 51
41 30 51
41 29 51
41 29 50
40 30 51
41 28 51
41 28 51
41 29 51
42 28 51
42 29 51
40 28 51
41 29 51
40 28 51
41 28 51
41 29 51
42 27 50
41 27 51
40 27 51
42 28 50
41 28 51
40 28 49
41 27 51
41 28 51
41 28 51
41 27 50
42 29 51
41 26 50
40 27 50
41 28 51
41 27 51
41 26 50
42 27 50
40 27 49
41 27 50
41 28 50
42 26 50
40 27 50
41 27 49
41 27 51
41 28 51
41 28 49
41 29 50
41 27 50
41 27 50
40 28 51
41 28 51
41 30 51
40 30 50
43 32 49
42 33 49
41 36 50
41 37 50
39 39 49
39 40 48
38 43 48
37 44 49
35 46 48
35 48 48
33 47 49
33 48 49
33 47 50
34 47 49
32 46 49
32 46 48
32 46 47
33 47 48
32 48 50
32 46 49
31 45 48
30 46 48
31 43 48
33 43 50
33 42 51
32 39 51
32 39 52
32 38 54
33 37 52
31 39 50
31 38 51
29 39 52
29 36 52
28 34 52
31 37 52
30 36 53
30 35 53
31 36 53
31 36 53
32 35 53
32 36 53
31 37 52
32 36 53
32 37 52
33 37 53
33 36 53
32 36 53
32 35 53
32 35 53
32 36 53
32 35 53
32 35 53
30 35 52
32 35 52
32 37 53
32 36 53
33 34 52
33 36 53
33 35 53
32 37 53
32 36 53
33 37 51
31 36 53
32 36 52
32 35 52
31 36 53
33 37 53
33 35 53
32 37 53
31 36 53
33 35 52
33 36 53
32 36 53
33 35 52
32 38 53
32 36 52
32 36 53
32 36 53
31 35 53
31 36 53
32 37 52
32 37 53
32 37 52
32 37 52
32 36 52
