33 38 52
34 38 53
34 39 53
35 39 53
34 39 52
34 39 53
34 37 52
33 38 51
34 39 52
34 38 52
34 39 52
33 37 53
34 38 52
33 39 52
33 38 53
34 39 53
34 39 52
34 38 52
34 39 52
33 38 54
32 39 55
35 39 52
37 39 54
37 39 52
39 38 49
42 42 48
42 43 47
39 43 50
37 41 50
36 44 50
35 42 50
36 40 51
36 43 50
37 44 51
36 47 48
36 44 49
37 46 47
37 48 49
37 47 47
36 48 45
37 45 46
37 52 48
36 49 45
37 47 46
39 48 47
40 47 47
39 47 47
39 45 47
41 44 48
41 43 48
41 44 48
42 44 47
43 43 48
43 41 48
44 42 48
44 40 48
44 39 47
44 40 49
44 37 47
45 39 48
46 36 48
45 37 49
45 35 50
46 35 49
46 36 49
45 35 48
45 35 48
46 34 49
45 34 48
46 33 49
45 33 48
46 34 48
46 33 49
46 34 50
45 34 50
48 31 50
45 31 48
46 31 49
47 31 49
45 31 48
46 29 48
46 30 50
46 30 49
47 30 48
46 30 49
46 29 48
46 30 49
46 30 49
45 29 49
47 32 49
47 30 48
47 30 48
46 31 48
46 29 49
47 31 47
46 31 49
46 29 48
45 29 48
46 30 48
46 31 48
47 29 48
46 31 48
47 29 48
49 30 49
46 30 48
46 29 48
47 30 48
46 30 48
46 30 47
47 29 48
46 31 47
47 30 48
46 28 49
47 30 48
45 30 48
47 29 47
45 30 48
46 29 49
47 29 48
46 29 48
47 29 48
47 30 48
46 28 48
47 30 48
47 30 47
46 29 48
47 29 47
48 28 48
45 28 47
47 27 48
47 29 47
46 29 48
46 29 48
47 29 48
47 29 48
47 29 48
46 30 47
46 29 49
47 29 47
46 28 47
46 27 48
46 29 48
45 29 47
47 28 47
46 28 47
47 28 48
46 28 49
47 29 47
46 27 48
47 28 47
46 28 47
45 29 48
47 28 48
46 28 48
46 27 47
47 28 47
46 29 47
48 28 47
46 29 47
47 29 47
46 28 48
47 28 48
46 28 48
46 28 49
46 28 48
47 29 48
46 26 48
47 28 47
47 27 47
46 28 48
47 28 46
46 26 48
47 25 48
45 25 47
45 26 47
46 26 47
46 25 48
47 26 45
46 26 48
47 25 47
45 27 47
45 24 47
45 26 46
45 24 47
46 26 46
45 25 47
46 25 48
45 26 47
45 24 47
45 24 45
44 23 46
44 24 45
45 27 47
45 27 48
46 28 47
47 29 47
47 33 47
47 35 48
48 35 50
46 36 50
47 36 50
46 36 50
45 36 47
45 35 46
44 37 46
45 38 48
45 39 47
44 38 48
44 42 49
42 43 49
43 43 50
41 45 49
41 45 48
40 47 48
38 46 45
37 46 45
37 48 44
37 49 43
37 50 42
37 48 44
37 49 45
38 47 46
38 47 47
39 49 49
35 46 47
37 49 49
36 42 49
34 41 52
35 36 53
37 30 48
38 34 49
32 30 52
34 37 59
32 38 54
32 40 54
32 38 53
33 38 53
34 36 53
34 39 52
33 37 52
34 38 52
33 40 52
34 39 52
33 39 53
33 38 53
35 37 53
33 38 52
34 39 53
33 39 52
33 38 52
33 40 52
33 40 53
34 40 53
33 38 52
34 38 52
34 38 51
33 39 53
33 39 52
35 39 52
33 39 52
34 38 53
34 40 53
34 39 52
34 39 52
33 39 51
34 40 53
32 39 52
35 38 53
32 39 52
35 39 53
35 38 53
33 39 52
33 39 52
33 39 52
34 39 52
33 39 52
35 39 52
34 38 52
33 39 52
33 39 52
34 38 52
33 38 52
33 38 52
34 39 52
33 38 52
34 39 52
34 39 53
33 39 52
33 39 52
33 38 53
34 38 52
34 40 51
33 39 53
34 38 52
34 40 52
