35 42 52
36 41 52
35 41 51
36 41 51
34 42 52
35 41 52
35 40 52
36 41 51
35 41 51
36 42 52
36 42 52
38 41 52
38 42 51
37 42 51
37 44 50
35 42 50
36 43 50
36 41 50
36 41 50
36 44 49
36 45 50
37 46 48
38 46 50
37 48 49
36 45 48
37 46 46
37 47 46
37 49 47
37 47 46
38 48 47
38 49 48
40 47 47
39 48 47
40 47 46
41 46 47
42 44 47
43 43 46
43 42 45
43 41 47
45 39 48
44 40 46
44 38 47
45 39 48
47 38 48
46 36 48
46 35 48
45 37 49
45 36 49
46 36 49
46 34 48
45 36 48
46 32 49
45 34 49
47 33 49
46 34 48
44 33 49
47 33 49
47 33 49
46 31 49
46 32 49
46 32 49
46 30 49
45 31 49
47 31 49
45 29 48
46 29 48
46 30 48
45 30 48
46 30 49
45 30 49
45 28 49
45 30 49
45 29 48
44 29 48
45 28 49
45 28 49
44 28 48
45 26 49
45 27 48
45 29 49
44 28 49
45 28 48
45 27 50
44 26 48
43 28 48
44 28 49
45 26 48
44 27 49
45 26 48
45 28 49
45 28 49
44 26 49
45 25 49
43 27 48
45 25 49
44 26 48
44 26 48
44 26 49
45 26 49
44 26 49
43 26 48
44 28 49
46 27 48
45 25 49
45 25 49
45 25 48
44 26 48
46 26 49
44 24 49
45 26 49
44 27 48
45 24 49
43 25 48
44 23 48
44 25 48
45 25 48
44 23 47
45 24 47
43 24 47
44 24 47
45 23 47
44 23 46
43 22 47
43 24 47
44 23 48
43 23 46
44 23 48
44 25 47
44 29 47
45 27 49
46 27 49
44 27 50
43 27 48
42 26 48
41 30 47
42 30 51
41 33 51
41 36 51
41 39 50
40 42 52
38 44 51
38 44 52
38 46 50
38 45 47
39 46 48
36 46 46
36 46 45
38 49 46
35 49 46
36 49 45
37 47 45
36 50 46
36 46 47
38 46 49
36 48 51
35 43 52
35 43 60
35 38 46
37 38 48
38 38 45
37 34 55
24 28 56
33 39 50
34 37 52
34 43 54
31 38 53
32 39 53
34 37 53
34 40 52
34 38 52
33 39 53
34 38 52
33 39 52
34 38 52
34 38 52
33 38 53
34 38 53
33 37 52
33 38 53
33 38 52
33 38 52
34 38 52
34 38 53
34 39 53
34 38 52
33 38 53
34 40 52
33 39 52
34 37 52
32 38 52
35 39 52
34 39 52
33 38 52
34 38 52
35 38 52
33 38 53
34 37 53
34 39 52
33 38 52
33 37 53
34 38 52
34 38 53
33 37 53
33 38 52
34 37 53
33 38 52
34 38 51
33 37 53
34 38 53
34 38 53
33 38 52
33 38 52
34 40 52
33 38 53
35 39 52
33 38 52
33 38 54
34 38 53
33 38 52
34 38 52
32 37 53
33 39 52
33 38 52
33 38 52
34 37 52
33 39 53
33 39 53
34 38 53
33 39 53
33 38 52
34 38 52
33 39 53
33 39 52
33 39 53
34 39 53
34 38 52
34 39 51
34 38 52
35 38 53
