38 29 52
36 30 52
36 30 51
37 30 52
37 30 53
36 28 52
34 29 53
34 30 55
37 30 52
36 28 52
37 30 50
36 31 51
35 30 52
38 28 58
36 29 56
37 34 51
39 36 48
41 35 47
40 35 48
38 34 51
37 33 53
39 34 52
39 32 54
36 33 53
38 34 53
36 37 53
34 38 53
34 37 52
32 40 50
31 40 51
31 38 51
30 37 51
29 37 52
32 36 53
30 39 53
29 38 53
29 41 53
27 42 54
28 44 54
32 43 53
34 40 52
35 40 51
37 40 51
36 39 50
38 38 50
38 36 50
39 35 50
41 38 49
41 35 51
41 36 51
43 34 51
43 35 51
43 33 51
43 32 50
43 33 50
42 34 50
43 32 50
42 33 50
42 32 51
43 31 50
41 32 51
42 32 51
42 30 49
43 31 50
43 30 50
42 31 50
43 29 50
41 29 50
42 29 49
42 29 50
44 29 50
44 28 49
43 29 49
43 29 50
43 29 49
42 29 50
42 29 49
43 29 49
43 28 49
43 29 49
44 28 48
42 29 48
43 29 49
43 28 51
43 28 50
42 29 50
43 28 49
43 29 49
43 29 50
43 29 50
43 29 49
42 28 50
43 27 50
43 28 50
42 27 49
44 29 50
43 27 50
42 28 51
42 28 49
42 28 50
43 29 49
43 28 50
43 29 49
42 29 50
43 29 50
43 28 50
43 29 50
42 28 49
43 28 50
43 29 50
44 29 49
43 29 50
42 28 49
43 28 50
42 30 49
43 27 49
43 29 49
42 29 50
42 28 49
43 29 49
43 27 49
43 29 50
44 29 49
43 28 50
43 28 49
43 28 49
42 28 50
44 29 49
42 29 49
43 28 49
43 28 49
43 28 51
42 28 50
42 27 50
42 28 49
