23 43 47
23 43 47
23 43 48
24 44 46
22 44 47
21 42 47
22 44 50
26 47 50
26 49 48
29 49 46
31 55 44
35 51 43
37 51 39
38 47 38
38 44 39
35 44 39
29 45 45
29 46 46
30 48 47
31 48 47
31 45 45
30 47 47
30 49 44
33 49 47
32 48 47
33 49 45
33 49 44
31 50 46
32 49 45
31 51 46
30 50 45
33 49 45
36 49 46
37 48 45
38 46 44
40 46 46
40 48 45
41 46 46
42 44 47
41 44 45
43 45 47
42 44 45
44 43 45
45 43 45
45 42 45
44 43 45
45 41 46
45 41 46
45 41 46
45 41 47
46 42 46
46 40 48
47 39 47
46 40 46
46 39 47
45 39 47
46 38 48
45 35 48
46 37 47
46 36 48
46 36 48
47 35 48
46 34 47
47 34 47
46 34 48
46 33 48
46 32 48
46 33 48
46 32 48
46 31 48
46 33 48
46 32 48
46 32 48
46 32 48
46 31 49
45 32 49
45 31 48
46 29 47
45 29 48
46 31 47
46 30 47
46 30 47
46 30 47
47 31 47
46 31 47
46 32 48
47 33 47
47 35 46
45 36 47
47 37 47
46 41 47
47 39 46
46 40 46
46 39 46
46 41 45
46 43 44
44 42 43
44 45 43
44 47 44
43 45 42
41 49 44
39 50 44
38 49 43
37 49 43
36 52 42
34 51 43
34 52 43
33 51 42
32 51 42
33 51 42
32 51 43
30 50 43
32 50 42
32 51 43
31 50 44
31 50 43
31 49 43
31 51 43
31 49 43
31 50 44
30 51 45
28 48 46
28 49 44
29 48 44
28 46 41
33 46 40
34 44 43
37 45 43
30 44 42
27 50 45
26 60 55
25 58 52
22 45 40
23 44 43
23 47 45
22 47 45
20 43 44
22 47 44
24 45 43
22 44 45
22 47 48
19 43 44
21 44 45
21 44 45
19 44 47
20 43 44
20 43 45
20 44 46
21 42 46
21 41 47
20 40 47
21 43 46
22 44 46
21 43 47
21 43 46
22 42 47
20 42 46
21 42 46
21 42 46
23 44 45
20 44 46
20 42 47
20 42 47
21 43 45
21 43 46
21 42 46
21 43 46
22 44 46
21 43 45
22 43 46
21 42 46
21 42 46
20 42 46
