31 45 48
31 45 48
32 46 49
31 45 49
30 44 47
32 45 47
31 45 48
32 46 48
31 45 49
30 46 48
31 46 48
31 46 48
30 47 48
31 45 48
31 46 47
31 46 48
32 46 49
30 45 50
30 45 49
31 46 50
33 46 49
35 44 47
37 45 47
41 45 46
39 45 45
35 46 44
35 49 44
32 50 43
32 50 43
33 49 44
35 49 45
33 50 44
32 50 44
33 50 44
32 49 45
33 48 44
31 50 44
32 50 45
33 52 45
33 51 46
35 50 45
35 50 44
38 50 44
40 47 46
41 45 43
44 44 43
45 43 44
46 42 43
47 43 42
48 43 42
48 43 41
49 41 42
49 41 43
50 39 44
49 39 43
49 37 44
49 37 45
50 36 45
49 35 46
48 35 45
49 37 46
49 35 45
49 35 45
48 33 46
48 34 47
48 33 46
48 33 46
48 33 47
47 33 46
48 33 47
48 34 46
48 33 46
47 32 46
48 33 46
48 31 47
47 31 46
48 31 47
48 31 46
47 31 47
48 30 46
48 31 46
48 31 48
47 32 46
47 32 46
47 31 46
48 30 47
47 29 47
48 29 47
46 30 47
47 30 45
47 31 47
47 30 48
47 30 47
47 31 47
48 30 46
47 29 47
46 30 47
47 31 46
47 31 47
47 30 47
46 30 46
48 31 45
48 31 46
48 32 46
49 33 45
48 33 46
49 35 44
49 37 44
50 38 44
51 38 44
52 39 46
50 39 44
48 39 43
50 41 43
51 40 43
49 39 42
49 40 44
50 40 43
49 39 44
49 40 44
50 38 43
50 38 44
49 40 42
49 40 43
50 39 43
50 39 43
49 39 42
49 40 42
50 38 42
49 38 43
49 39 42
50 37 41
50 37 42
51 38 43
50 38 43
49 37 42
50 38 43
50 37 42
50 37 43
51 38 43
48 39 43
48 38 43
48 41 45
47 41 43
47 42 42
47 41 42
46 42 44
45 45 43
44 46 42
42 49 42
39 51 43
40 51 42
38 53 41
38 50 42
37 49 42
36 50 43
37 51 43
36 51 43
36 50 42
35 50 43
34 51 42
35 51 42
35 52 42
34 52 42
35 50 42
34 51 42
35 52 42
34 51 42
34 54 43
35 52 41
37 53 39
39 52 41
42 45 44
42 43 41
43 42 42
38 42 48
37 41 48
35 42 52
32 45 52
31 37 61
32 39 48
32 42 50
31 44 51
32 42 51
33 41 50
33 43 52
32 42 51
32 42 50
32 43 51
32 41 50
31 42 50
32 41 51
33 43 51
32 42 50
31 42 50
33 43 50
31 41 50
32 41 50
32 42 51
31 42 51
32 42 51
31 42 50
31 42 50
