36 42 50
37 33 32
35 42 50
35 42 50
36 42 50
37 43 50
35 42 51
34 42 50
37 45 52
37 47 54
37 44 53
39 42 49
38 40 48
35 38 49
35 35 51
33 36 50
31 38 50
30 39 51
29 40 50
28 38 53
30 38 51
30 41 52
30 40 50
31 42 50
28 42 50
29 44 51
28 43 51
27 43 50
28 44 49
30 44 50
29 45 48
29 44 48
29 44 48
29 45 50
28 46 52
28 46 50
30 46 49
30 44 49
30 43 48
33 43 48
34 43 48
35 42 48
38 41 48
39 41 49
40 41 48
41 39 51
41 40 52
42 40 51
43 39 52
42 38 51
41 37 50
42 35 50
43 36 50
42 37 49
42 34 49
41 36 51
42 35 51
42 35 51
42 34 50
43 34 50
41 33 51
41 32 50
41 33 50
43 33 50
43 33 51
42 32 51
42 33 50
42 31 51
41 30 50
42 30 50
41 31 51
41 30 50
41 29 51
41 30 49
42 28 50
42 29 50
41 29 51
41 30 50
41 29 51
41 26 51
42 28 50
41 28 51
42 28 49
41 28 49
41 27 50
43 27 50
42 27 49
41 27 50
42 27 50
41 28 49
42 27 50
42 26 51
42 27 50
42 27 49
42 26 51
42 26 50
42 26 50
42 27 49
41 28 50
41 27 49
42 27 50
42 27 50
44 25 50
42 26 50
42 26 49
41 25 48
42 25 49
41 25 49
43 25 48
42 25 48
41 26 48
42 25 49
42 25 49
42 25 49
42 26 49
42 25 49
42 25 48
42 24 48
42 23 48
43 25 50
42 25 48
42 25 48
41 27 49
40 26 49
43 27 49
41 28 49
40 30 49
41 31 50
41 31 51
41 32 50
42 33 51
42 33 50
42 34 51
42 33 51
41 34 51
42 35 51
42 35 51
41 35 52
42 35 52
41 35 51
40 35 51
40 35 50
41 35 50
41 35 51
40 36 51
42 35 50
41 35 51
42 35 51
41 34 51
41 34 50
42 35 51
41 36 51
42 34 52
40 36 51
41 35 51
42 35 50
41 33 50
41 33 50
41 33 50
41 33 51
41 32 51
41 34 51
42 32 51
42 32 50
42 32 49
42 31 49
43 31 50
42 30 51
43 30 50
42 31 51
43 30 50
42 31 51
43 28 50
43 28 50
43 30 49
43 29 50
42 28 50
42 28 50
42 27 49
43 27 50
43 26 50
42 26 49
42 26 50
43 26 50
43 25 49
42 27 49
44 26 49
43 26 48
42 25 49
42 26 49
44 25 49
44 24 48
44 24 47
43 24 49
42 24 47
43 25 48
43 24 48
42 25 48
43 23 48
44 24 49
43 23 48
43 25 48
43 25 48
43 24 47
44 24 48
43 24 48
42 24 48
44 23 49
43 24 48
43 25 48
42 23 48
43 25 48
42 24 48
42 24 48
43 22 47
44 23 47
43 23 48
44 22 48
43 22 48
42 23 47
44 24 47
43 23 48
43 23 47
44 25 48
43 26 48
42 25 49
44 26 48
43 26 49
42 29 50
42 30 50
41 30 50
41 33 50
41 33 52
40 33 52
41 34 51
41 34 52
41 35 52
41 35 51
40 36 51
41 34 51
42 37 52
41 37 52
40 38 52
42 37 51
41 36 51
42 37 51
40 37 50
42 36 52
40 36 52
41 37 50
41 35 51
41 36 50
40 36 51
40 37 51
40 36 51
40 37 51
40 37 51
40 37 50
40 37 51
41 37 50
42 35 50
40 36 51
41 35 51
41 36 51
41 36 52
41 37 51
42 36 52
41 35 50
41 35 51
40 36 50
40 36 51
40 36 51
42 35 50
41 38 51
41 33 51
41 36 52
40 34 53
40 35 52
42 35 53
41 34 51
42 34 51
42 32 50
42 33 51
41 33 51
43 32 50
42 31 51
43 29 49
43 29 50
41 27 49
43 27 50
42 27 48
43 26 50
43 26 49
43 24 48
42 25 48
43 25 49
42 25 48
43 26 48
44 24 49
45 22 48
44 24 48
43 23 47
43 23 48
44 23 46
43 24 46
44 22 47
43 22 46
43 22 47
43 23 47
43 22 47
44 22 47
44 22 46
44 22 47
42 22 46
43 22 47
43 22 47
44 23 47
44 23 47
43 23 48
44 25 48
44 25 47
41 28 47
43 29 49
43 29 49
42 31 51
42 33 52
41 35 53
39 36 52
40 37 52
40 38 51
40 37 51
39 36 51
39 38 52
40 38 50
39 39 52
41 38 50
39 38 51
39 38 51
40 38 51
39 37 52
39 39 51
38 39 51
38 39 51
39 38 51
39 39 51
38 39 52
40 39 51
39 38 51
38 39 52
38 38 52
40 38 51
38 37 51
40 39 50
39 38 51
39 38 51
39 40 50
39 38 51
39 39 51
38 38 51
38 38 50
38 38 51
38 38 51
39 39 50
39 38 51
38 38 51
38 39 52
41 39 51
39 39 52
39 39 51
39 39 51
39 39 51
39 39 50
39 38 51
39 38 50
38 38 51
39 38 51
38 38 51
38 37 51
38 38 50
37 38 50
39 38 51
40 38 51
38 37 52
40 38 51
40 38 51
39 37 51
38 38 51
38 38 51
40 38 50
38 38 51
39 37 51
40 38 51
38 38 51
40 39 51
39 38 50
40 37 51
38 38 51
38 38 51
40 39 51
38 37 51
40 38 51
39 38 50
39 37 51
39 37 51
39 38 51
38 38 51
40 37 50
41 37 50
40 38 51
41 36 51
41 37 51
42 35 50
42 35 51
41 35 51
40 34 50
42 34 50
43 34 51
41 33 51
42 33 51
42 34 51
43 32 51
43 31 51
42 32 51
42 30 49
42 30 50
42 31 50
41 30 49
42 30 50
42 29 50
41 28 50
43 26 49
42 26 50
42 26 49
43 25 48
43 24 49
43 24 49
42 23 47
43 23 48
43 21 47
44 22 46
44 21 46
43 20 45
44 20 44
43 19 44
44 18 43
43 19 44
45 19 43
42 18 42
42 17 41
43 17 41
43 16 40
42 17 40
44 18 39
43 16 39
44 17 39
44 19 40
43 18 41
44 17 43
44 20 46
45 21 46
43 23 48
44 25 49
42 26 49
41 29 50
41 35 50
40 36 51
38 38 52
37 39 51
37 40 51
35 43 50
34 43 50
31 45 50
32 44 49
29 44 50
29 45 51
28 45 49
26 43 49
29 46 49
29 44 49
28 42 52
27 45 50
26 42 51
25 42 48
27 42 49
28 43 50
33 42 49
34 42 50
34 43 49
36 43 49
40 41 50
41 42 47
39 43 44
37 46 45
34 47 48
32 51 49
34 47 44
38 46 48
35 47 46
36 47 46
34 47 46
35 49 46
36 48 46
36 47 45
38 47 46
37 48 46
36 47 46
37 47 46
38 48 46
37 47 46
37 47 46
36 47 47
37 46 45
37 47 46
36 47 46
36 47 46
37 46 46
35 47 46
37 48 46
37 47 46
36 47 47
37 46 46
35 48 46
37 46 47
36 47 46
36 47 46
37 48 47
37 48 47
34 50 45
33 52 47
