26 47 47
28 47 46
27 47 46
26 47 46
26 47 45
27 48 47
26 47 46
27 47 46
27 48 46
27 47 46
27 47 46
28 48 46
27 48 47
27 47 46
27 46 45
27 47 46
26 47 46
28 46 46
28 47 46
25 49 47
26 47 46
27 45 47
28 48 48
27 49 47
27 47 47
26 40 49
30 43 49
31 44 49
31 42 48
32 43 48
29 42 49
28 40 49
30 40 49
29 43 50
28 42 51
26 42 50
27 44 48
28 44 47
28 41 49
30 45 49
28 44 49
29 44 49
28 46 48
28 45 49
29 45 50
29 45 48
27 47 48
28 47 50
26 47 50
28 45 49
29 46 50
31 43 47
34 44 47
35 43 47
37 45 48
38 43 49
40 43 50
41 41 49
41 39 50
42 39 51
40 35 50
41 37 50
41 37 51
41 36 50
42 33 50
43 36 51
42 36 50
41 32 52
42 33 51
42 34 52
43 34 50
40 30 51
40 31 51
41 30 51
41 31 51
41 31 51
41 29 50
41 31 50
40 30 51
41 29 51
40 28 51
40 29 51
42 30 49
41 28 51
40 29 50
41 29 51
42 31 50
42 31 51
42 33 51
41 33 51
44 34 52
43 35 48
40 37 51
41 40 49
39 40 50
38 41 50
38 43 51
35 45 48
34 46 49
32 45 48
31 46 49
31 45 49
29 45 49
29 44 49
29 47 48
29 44 49
28 45 48
28 45 50
29 46 49
28 45 48
28 44 49
28 43 49
27 44 47
29 45 48
26 46 48
29 45 48
29 46 48
29 44 50
27 45 50
26 45 48
25 44 49
26 43 49
26 45 47
26 44 48
28 45 47
31 46 47
32 43 47
30 41 46
27 42 47
24 41 49
23 43 48
24 44 48
21 52 54
19 45 45
25 45 45
24 44 46
24 45 44
22 45 45
23 46 45
25 43 45
22 48 45
23 47 44
23 48 45
22 45 45
23 44 45
21 45 45
22 45 46
23 45 46
22 44 46
22 46 46
22 45 46
22 44 46
22 43 46
23 44 47
21 43 47
22 44 47
24 45 46
26 43 46
26 44 47
28 44 48
26 42 50
25 41 49
24 41 50
23 41 49
23 38 50
24 39 49
