30 39 51
31 39 52
57 31 39
31 38 52
31 39 52
31 39 52
29 38 52
31 39 52
31 38 52
31 38 53
30 39 52
30 38 52
31 39 52
31 39 52
31 39 52
30 39 53
31 38 53
32 38 53
30 39 52
31 38 52
31 38 52
30 39 52
31 39 53
30 39 52
32 39 52
31 38 53
31 38 52
29 38 52
32 38 52
31 40 52
30 38 52
31 39 53
31 39 51
30 38 53
30 38 52
33 38 51
31 37 54
31 41 53
32 39 53
33 36 55
34 38 49
32 38 50
32 37 52
29 36 50
30 39 51
31 37 49
29 41 50
29 44 52
30 43 50
29 42 51
29 44 48
30 43 49
31 44 49
32 47 49
31 44 51
30 44 50
32 45 49
31 44 50
30 44 51
29 44 51
31 46 50
31 46 48
31 47 49
30 47 50
33 47 48
36 44 47
36 43 47
40 43 48
40 44 47
40 42 49
42 43 50
42 42 50
42 39 51
40 41 52
42 39 49
41 40 51
42 39 51
42 38 51
43 39 51
43 37 50
42 36 48
43 36 48
44 37 48
47 39 52
43 36 49
45 36 50
44 35 49
45 34 49
44 36 50
45 37 50
44 37 50
44 38 50
45 36 49
44 36 49
45 35 49
45 38 50
45 37 49
45 36 49
46 34 50
45 35 50
45 35 49
45 35 49
45 35 49
45 36 49
45 34 50
45 36 49
45 36 49
46 36 50
48 36 50
46 35 48
45 36 49
47 36 49
46 35 49
46 37 49
45 36 50
45 36 50
46 35 49
45 36 48
45 36 50
47 36 49
45 34 49
46 35 50
45 35 50
43 35 49
45 34 50
45 32 50
45 34 50
45 34 50
46 34 50
45 33 49
46 34 49
45 34 49
45 35 49
46 33 50
47 34 49
46 32 49
45 34 49
46 33 49
46 34 50
46 34 49
46 34 49
46 33 49
46 32 49
46 32 49
46 32 49
46 33 50
45 33 48
46 33 48
46 32 50
45 32 48
46 33 49
47 29 49
45 32 48
45 29 48
47 29 48
46 29 47
46 31 48
47 30 49
45 29 49
46 30 48
46 29 48
45 27 48
47 27 48
46 27 48
46 28 49
47 28 47
47 28 48
45 27 48
46 28 47
46 28 48
46 26 47
47 27 47
47 27 48
48 26 47
46 27 48
46 26 47
47 27 47
46 26 47
47 26 47
45 27 47
46 26 47
46 27 47
46 26 46
47 27 47
47 27 47
46 26 47
46 26 46
47 27 46
46 27 47
46 26 47
47 25 47
46 27 47
48 26 47
46 26 46
46 26 46
47 27 48
47 27 47
48 26 47
46 28 46
47 28 47
46 28 49
47 29 47
47 27 48
45 27 47
45 27 47
46 29 47
45 32 47
45 34 49
45 33 48
44 34 49
44 37 49
44 37 51
42 35 50
43 36 51
42 38 51
41 40 51
39 43 48
37 47 47
36 46 49
34 47 47
33 47 48
34 47 49
33 46 48
32 47 48
33 47 48
34 45 49
32 46 48
33 48 48
33 47 49
33 46 48
32 45 48
33 45 49
30 47 48
32 46 49
31 45 47
32 45 49
31 46 49
30 46 50
30 46 49
31 45 50
30 46 47
31 47 47
33 45 45
34 41 48
36 40 50
32 38 52
33 36 55
32 36 54
34 36 56
32 35 55
29 35 51
30 35 53
31 37 51
31 38 52
28 41 51
31 35 53
31 36 53
31 36 53
30 35 52
30 36 54
30 36 53
30 35 53
30 36 53
30 35 53
29 35 53
30 35 53
31 36 53
30 35 53
31 36 52
31 35 53
30 35 53
32 37 53
30 37 52
31 35 53
30 36 53
31 35 52
31 36 52
31 35 54
30 36 52
31 37 53
31 37 52
30 36 52
30 35 52
31 36 52
30 36 53
30 36 53
30 36 53
30 36 53
31 37 53
32 37 52
30 36 53
31 36 52
30 37 52
29 36 52
29 37 52
30 36 53
31 37 53
31 37 53
30 36 53
30 35 52
31 36 53
31 37 54
30 37 53
31 38 54
31 38 53
30 37 53
31 36 52
33 36 52
30 37 53
30 37 53
30 37 53
31 37 52
30 37 52
30 38 53
30 37 53
31 37 53
30 36 53
30 38 52
31 37 52
31 37 53
30 37 52
30 37 52
31 37 53
30 38 53
31 36 53
31 37 53
31 36 53
31 36 52
30 37 52
30 36 52
32 37 54
30 38 53
30 37 53
31 36 52
31 37 54
29 37 53
30 37 52
