36 41 52
36 40 52
35 40 51
35 41 51
36 41 51
35 40 52
34 41 51
34 40 52
34 42 51
34 40 51
35 41 52
34 40 52
35 41 51
36 40 52
35 41 52
35 41 51
34 43 50
36 43 51
36 44 50
34 43 50
33 42 50
33 45 50
34 42 49
35 46 50
35 45 48
34 44 49
34 46 48
35 45 49
33 45 50
34 47 51
35 45 51
35 47 50
34 43 48
35 44 50
37 43 49
37 43 49
36 43 49
37 43 49
36 42 50
38 42 50
38 44 51
37 44 49
39 43 50
38 42 50
38 40 51
38 40 50
40 39 51
40 37 51
40 39 50
40 39 51
40 40 51
39 39 51
39 39 50
39 39 51
41 39 51
41 38 53
42 37 52
43 35 50
41 36 50
42 36 50
42 34 51
44 34 50
43 34 52
43 33 51
44 34 50
43 32 51
44 33 51
42 32 50
44 31 52
43 32 50
42 32 50
43 29 51
42 31 51
43 31 51
44 31 50
43 29 51
44 29 51
43 28 51
44 29 50
43 27 50
42 27 48
45 26 50
44 27 50
43 28 49
42 27 49
44 27 49
44 27 50
43 26 48
43 26 49
44 29 49
43 26 49
43 28 50
44 27 49
43 28 50
45 27 49
44 26 49
43 28 49
45 27 49
44 27 49
44 27 49
44 27 48
44 27 49
44 27 49
45 27 49
45 27 49
45 27 48
45 26 48
45 26 49
44 27 48
45 27 49
45 26 48
44 27 48
44 26 49
44 26 49
45 27 48
45 25 48
45 26 48
45 24 49
44 26 48
45 26 48
45 26 48
44 25 48
46 26 50
44 27 48
45 25 48
45 26 48
46 26 48
46 25 48
46 25 48
45 26 48
45 26 47
46 25 47
45 26 48
45 26 48
45 24 48
45 26 48
44 24 46
46 25 47
46 25 47
44 24 47
45 24 48
46 24 47
45 24 47
44 24 46
45 26 46
45 25 46
44 25 47
45 25 47
46 25 46
46 24 47
45 24 46
45 24 47
45 24 48
46 25 47
46 23 47
46 27 47
46 25 47
45 28 47
46 29 47
44 29 47
44 32 50
44 32 48
43 37 50
42 35 50
40 40 50
40 39 52
39 40 52
38 43 53
38 42 53
37 43 51
35 45 51
37 44 51
37 43 50
35 44 50
34 45 49
33 45 49
31 46 48
34 47 49
34 44 47
32 47 48
33 43 48
35 47 47
33 48 48
34 45 48
34 43 50
34 48 49
36 46 50
36 44 51
34 39 48
32 32 47
32 40 47
36 46 62
36 38 52
36 37 54
37 37 52
35 35 52
34 35 52
35 35 53
35 36 53
36 34 53
35 35 53
36 36 53
35 36 53
35 36 54
35 36 53
37 35 52
36 38 52
35 37 54
35 36 53
35 36 52
35 37 53
36 36 52
36 36 53
35 36 53
35 35 53
35 37 53
36 37 53
36 38 52
35 37 53
35 36 52
36 36 52
35 36 52
35 37 52
35 35 53
36 36 53
35 36 53
36 37 52
35 36 53
36 36 53
36 36 52
35 37 53
34 37 52
35 36 53
35 37 54
35 35 53
36 37 53
35 37 52
36 37 52
34 36 53
37 36 52
36 37 52
35 36 53
36 35 53
35 36 52
36 37 53
36 37 53
35 35 52
35 36 52
35 37 53
36 37 53
35 36 52
34 36 53
36 37 52
34 36 53
36 37 52
35 36 53
35 35 53
34 35 53
35 38 53
37 37 53
36 36 52
35 36 53
36 37 52
36 37 52
35 36 52
35 36 52
35 36 53
35 36 53
36 35 53
36 37 52
35 36 52
35 37 52
35 36 53
35 37 53
36 36 51
36 37 53
36 36 53
34 37 52
35 38 54
36 35 52
35 37 53
36 37 52
36 35 53
