29 45 48
28 46 48
29 45 49
29 47 49
28 47 49
27 43 50
27 44 49
23 43 47
26 44 47
26 45 48
26 45 48
26 45 48
26 44 50
26 43 50
25 43 47
23 42 49
25 43 47
26 43 49
25 44 48
26 44 48
27 44 48
28 45 50
29 46 52
34 41 53
31 51 53
32 52 52
33 48 49
33 50 45
32 49 42
31 48 40
30 47 39
29 45 41
27 47 43
26 50 43
30 49 44
29 49 46
28 50 45
28 50 44
28 51 43
27 52 44
29 51 44
31 50 43
33 51 43
39 49 46
38 46 46
39 45 49
41 44 48
40 44 50
40 41 49
41 42 48
42 43 48
42 42 49
43 41 48
41 40 49
41 40 49
42 39 48
42 38 51
42 38 50
43 37 51
41 38 50
41 37 50
42 35 50
43 35 51
42 35 50
43 36 51
42 35 51
42 34 50
42 34 50
43 33 51
43 34 51
43 34 50
43 32 50
43 32 50
43 33 51
43 33 50
43 33 50
41 33 50
42 33 50
43 35 50
42 37 50
42 39 51
43 36 51
42 38 50
44 37 49
43 38 49
42 39 49
41 42 47
40 45 46
37 47 48
34 46 46
33 50 46
28 49 47
27 48 47
26 49 47
27 47 46
27 45 46
26 46 47
27 43 51
29 45 48
26 43 46
25 44 46
23 45 44
24 45 44
28 40 44
30 45 43
29 44 42
29 42 45
27 41 49
29 55 63
27 46 43
26 37 55
28 45 50
30 41 52
28 44 49
29 45 50
28 42 50
28 44 48
28 45 48
29 44 48
28 45 49
29 45 48
28 44 48
28 45 49
28 44 48
26 45 49
28 45 48
28 45 49
27 44 48
28 45 49
27 43 49
27 43 49
26 43 49
27 43 48
27 44 49
27 43 48
28 44 50
27 44 49
27 44 49
28 44 50
26 44 49
27 43 49
26 43 49
28 43 49
27 45 49
26 44 49
27 44 49
27 44 49
28 44 49
26 43 49
