38 42 48
38 43 50
37 43 50
36 42 51
36 42 51
35 42 50
37 41 51
36 43 51
36 43 51
36 41 51
36 39 52
37 39 52
37 40 52
36 37 52
35 37 52
35 37 52
35 37 52
35 39 53
37 38 56
40 36 53
38 42 53
36 41 50
38 40 50
38 42 49
38 41 48
36 41 48
34 42 48
32 48 48
32 49 45
31 47 44
31 49 45
29 49 46
29 48 46
30 49 45
31 53 47
30 50 43
26 52 44
29 50 46
31 51 46
33 49 45
35 48 45
36 45 45
37 44 47
39 43 45
42 41 48
42 40 49
42 39 50
43 38 50
42 39 50
42 37 50
42 36 50
42 36 50
41 35 50
41 33 50
41 34 50
42 33 51
41 33 51
41 33 51
41 33 52
41 31 50
42 32 51
41 32 52
41 32 52
42 32 50
41 31 51
41 31 51
41 30 51
40 31 51
40 30 52
41 31 52
41 29 52
41 30 51
41 31 51
42 31 51
40 30 51
41 31 51
41 30 52
42 31 51
41 29 50
42 30 51
42 30 50
42 31 51
41 31 49
41 31 50
42 31 50
42 31 51
40 31 50
43 32 50
42 33 50
41 34 48
41 37 52
39 40 50
38 42 49
39 41 50
40 43 48
39 44 48
38 46 48
36 45 48
36 44 47
33 48 47
30 49 48
30 50 48
29 49 47
31 49 46
31 48 46
31 48 46
31 48 44
32 48 47
30 48 45
29 48 46
31 49 47
31 48 47
28 47 45
31 48 45
30 48 45
31 50 45
29 49 46
30 50 46
29 49 48
27 46 44
24 47 46
24 48 48
24 47 47
26 48 48
26 46 46
28 46 45
31 45 47
33 44 46
34 42 48
35 43 48
34 43 50
35 40 51
36 38 51
35 39 56
33 38 53
