32 36 52
32 37 53
32 37 52
31 37 52
30 38 53
30 37 51
32 38 52
33 37 53
30 37 52
31 37 52
32 36 54
31 36 52
31 36 53
32 37 52
32 37 53
32 38 53
32 38 52
32 36 53
35 34 55
36 37 53
36 37 52
34 38 53
33 36 51
33 40 50
31 40 49
30 40 50
30 39 50
28 43 49
29 45 49
27 46 46
28 48 47
29 47 47
31 47 47
31 47 47
31 48 46
29 48 46
29 48 45
28 50 45
26 50 46
28 51 48
31 51 47
34 49 47
35 47 46
37 45 46
37 43 48
39 42 48
40 41 48
41 42 49
40 39 50
40 39 51
40 38 50
41 38 51
41 37 50
40 37 50
41 37 50
42 36 50
42 35 51
42 36 50
41 35 51
42 36 51
42 34 51
41 35 52
41 33 51
42 34 51
40 36 50
41 34 51
42 34 51
40 33 52
42 34 51
41 35 52
41 35 51
42 34 51
41 33 51
41 33 51
41 33 52
41 33 51
41 34 51
42 33 52
41 33 51
41 33 51
42 33 50
41 34 51
42 33 50
42 33 52
41 33 50
41 33 50
42 33 52
41 35 51
42 33 50
42 34 49
41 35 49
40 37 49
40 39 52
40 41 50
39 42 49
37 44 50
35 46 46
34 44 49
34 47 49
34 47 48
34 46 46
33 47 47
33 45 46
30 48 46
30 47 46
30 50 46
29 47 47
29 48 46
30 48 45
30 48 46
28 49 45
29 48 46
30 49 45
29 49 45
30 50 45
30 48 44
28 48 44
28 48 45
29 49 45
29 48 46
29 47 45
25 50 45
22 46 45
22 48 46
24 48 48
26 45 48
28 44 50
28 42 48
30 39 51
30 38 49
32 38 50
31 37 50
31 37 52
33 35 52
33 36 52
