30 45 49
38 30 45
29 46 49
29 44 49
29 44 50
30 45 49
28 45 49
29 44 49
30 44 48
30 44 49
29 45 49
28 45 50
29 43 49
30 45 50
29 43 50
28 44 50
28 44 49
29 44 49
30 44 49
30 44 51
31 43 52
33 42 55
32 51 56
34 50 53
34 48 47
32 46 45
29 44 42
29 45 41
28 45 41
28 43 44
27 49 45
28 47 46
29 48 47
30 47 47
27 45 47
31 49 45
28 50 46
29 51 45
27 51 45
30 51 46
32 52 46
33 51 46
34 49 46
37 47 46
38 45 46
38 44 46
39 44 47
41 43 48
41 43 50
41 42 49
41 41 50
42 39 50
42 39 50
43 38 49
43 36 51
44 34 51
43 34 51
43 34 51
43 34 51
43 33 51
42 33 51
43 33 50
43 30 50
43 29 50
42 29 50
43 30 50
44 28 50
43 27 49
43 27 50
43 29 50
44 27 50
43 26 50
43 26 49
43 26 48
43 25 50
43 25 49
43 25 49
43 25 50
42 24 49
45 25 49
44 25 48
44 24 47
43 25 46
43 24 47
44 23 47
45 23 46
44 25 48
43 26 47
43 26 49
44 26 48
43 25 49
44 30 48
44 33 49
41 36 48
38 42 47
35 47 48
33 52 48
30 51 48
27 52 45
27 53 45
26 51 46
27 47 45
26 47 46
26 47 48
27 48 45
25 47 42
22 45 41
25 46 45
30 41 43
30 42 46
28 42 48
25 50 52
25 47 51
29 49 45
32 39 57
31 45 49
29 46 50
28 47 51
28 46 49
29 45 50
29 44 48
30 44 48
28 46 48
29 45 47
29 44 48
30 46 49
29 46 48
29 46 48
28 46 48
29 47 49
28 45 48
29 45 48
30 45 49
29 45 48
28 46 48
29 44 48
29 45 50
29 45 48
28 46 49
29 46 48
29 45 48
28 45 48
30 45 48
29 47 49
30 45 48
28 46 48
30 46 48
28 45 48
29 46 49
29 45 49
29 46 48
29 46 48
29 44 48
28 45 49
28 44 48
28 45 48
29 45 48
29 46 49
27 45 48
28 45 47
28 46 48
27 43 48
27 46 47
27 44 49
27 44 48
27 44 48
27 45 48
