31 33 54
31 35 53
30 34 52
30 36 53
30 34 53
31 34 52
31 33 54
30 35 53
29 35 52
30 35 53
30 34 52
30 34 53
29 34 52
29 34 53
31 33 52
32 34 55
36 34 54
36 33 57
37 37 53
35 38 53
36 38 49
33 39 51
31 41 50
29 42 48
29 44 46
27 46 44
27 48 45
27 48 46
28 49 44
27 49 41
28 50 45
30 47 46
30 49 45
30 49 44
29 48 46
29 50 45
29 49 44
28 50 44
28 53 46
28 52 46
29 49 45
31 49 43
34 47 46
36 46 45
35 47 46
37 47 47
38 46 48
38 44 49
39 45 49
39 43 49
41 42 48
41 43 49
41 41 49
41 39 48
42 39 50
42 39 49
43 36 50
42 35 48
41 37 50
43 35 50
41 33 51
41 33 51
42 32 51
40 32 51
40 32 51
40 32 52
41 31 51
40 31 51
41 30 51
41 30 52
40 29 51
40 30 51
41 30 52
41 29 52
40 28 51
40 28 51
40 28 50
39 29 52
39 27 51
39 28 51
41 28 51
40 27 50
39 28 51
39 27 50
41 27 51
40 28 51
40 28 51
40 28 51
39 28 52
39 28 50
40 28 51
39 28 51
40 27 50
39 26 50
41 28 51
39 27 51
40 27 51
40 26 50
40 28 51
40 26 51
39 26 51
40 28 50
39 27 50
39 27 50
38 27 51
39 27 51
39 28 51
41 27 51
40 27 50
39 26 51
40 27 50
40 26 50
40 25 50
39 25 51
40 27 50
39 26 49
41 26 50
40 27 50
40 25 50
41 27 50
39 27 50
39 27 51
40 27 50
41 28 51
40 29 51
40 30 50
41 31 49
42 32 51
39 36 49
39 39 50
39 40 52
39 42 50
39 42 51
39 45 50
38 45 47
