30 33 37
31 36 53
30 36 53
30 36 53
31 36 52
31 37 53
31 37 53
31 37 53
32 37 53
30 36 52
30 37 52
31 36 52
31 36 53
30 37 53
31 36 52
31 36 52
30 37 53
31 37 53
31 37 53
30 36 52
31 36 52
31 36 53
31 36 52
30 37 53
31 35 53
31 37 52
32 37 52
31 37 53
30 37 53
32 36 53
30 37 53
30 36 53
32 36 53
32 36 52
30 37 53
31 36 52
30 37 52
32 36 53
31 38 53
30 37 54
32 36 52
30 36 53
30 37 53
30 37 53
32 37 52
31 37 52
31 35 53
31 37 52
32 36 53
31 37 53
29 36 52
31 37 53
30 37 54
30 36 52
31 37 54
31 36 52
29 35 53
30 36 53
31 38 52
32 37 53
32 36 52
32 38 52
30 37 53
31 36 53
32 39 53
30 36 53
31 37 53
30 37 52
31 37 53
31 37 52
32 38 53
29 34 52
30 37 52
30 37 52
30 36 53
31 36 53
30 37 53
30 36 52
30 36 52
30 37 52
30 36 53
32 37 52
31 39 53
31 38 53
31 37 53
31 37 53
30 37 52
31 36 52
32 36 53
30 36 53
31 36 52
31 36 52
31 36 53
31 37 53
30 37 52
30 37 52
32 37 52
31 36 52
30 37 54
31 37 53
31 38 51
30 36 53
29 39 52
30 37 52
31 37 52
31 37 53
31 37 52
31 37 53
30 38 52
31 36 52
30 37 53
31 39 52
31 38 53
31 37 52
32 37 53
32 42 52
34 38 52
32 39 53
35 39 53
32 38 53
32 38 54
33 40 50
34 40 52
29 42 51
30 42 51
32 39 52
31 40 54
30 41 52
30 42 52
30 43 50
30 42 50
31 42 49
30 43 48
29 43 48
30 41 51
29 43 51
30 43 51
28 43 50
30 42 51
31 42 51
30 44 49
31 43 51
31 45 50
30 44 50
30 46 49
30 47 50
31 47 50
31 48 51
31 47 49
34 43 48
33 45 47
35 42 47
38 42 48
35 42 50
37 43 49
37 43 49
39 43 51
39 41 49
38 38 51
40 41 52
39 40 53
40 40 54
41 37 51
40 35 51
41 34 50
40 35 50
41 32 50
41 34 51
42 29 53
42 32 51
40 31 51
40 31 50
41 31 52
41 31 51
41 29 52
41 29 51
40 28 52
42 29 51
41 29 51
41 27 51
41 27 51
42 27 50
42 27 50
42 25 49
42 25 50
42 25 49
43 24 49
43 25 49
42 25 49
42 24 49
43 24 49
42 24 48
42 23 48
43 24 49
42 24 49
42 23 48
42 25 49
43 22 49
42 24 48
42 23 48
43 22 49
43 24 48
43 22 48
42 22 48
42 23 47
41 22 48
43 22 47
43 21 48
43 21 47
42 20 47
43 21 48
42 20 46
42 20 47
43 21 47
41 22 46
43 21 46
42 19 46
42 21 46
43 22 47
43 19 46
42 20 45
42 20 47
43 20 46
42 21 47
44 20 44
43 20 45
42 19 45
43 20 45
43 20 45
42 20 45
43 18 45
43 19 46
43 20 45
43 21 44
42 20 46
44 19 45
42 20 45
44 20 44
42 18 45
42 20 45
43 21 45
43 18 45
43 19 45
44 19 45
42 20 45
43 19 45
43 19 44
43 18 45
43 20 45
44 20 45
43 21 46
43 23 47
42 23 50
44 25 50
44 27 50
44 28 49
44 28 49
42 30 50
43 29 48
42 30 49
42 33 48
41 33 51
40 38 52
38 41 53
37 42 50
38 45 49
36 45 47
35 47 48
34 46 47
34 48 50
33 46 49
31 46 48
33 46 48
32 46 49
31 48 48
34 48 49
32 45 49
33 47 48
33 44 48
32 45 47
31 49 49
31 46 47
31 44 48
32 48 50
32 47 48
32 46 49
29 43 48
28 44 47
30 45 49
30 44 49
30 45 48
30 46 49
31 47 49
28 46 48
30 47 49
31 47 49
33 45 48
34 46 47
31 45 47
35 41 49
37 39 50
39 45 52
35 45 46
34 46 49
30 42 47
32 40 52
33 41 52
31 41 51
31 41 51
31 38 52
31 39 52
31 38 52
31 38 52
31 38 53
32 38 53
32 39 52
31 37 52
30 39 52
30 38 53
31 37 53
31 39 52
31 39 51
31 37 53
31 38 53
31 38 53
30 39 52
32 38 52
30 36 53
31 37 54
31 37 52
31 36 53
30 37 53
31 37 53
30 38 52
31 36 53
31 36 53
31 37 53
31 36 52
32 35 52
31 37 53
30 37 51
31 36 52
30 38 52
31 38 54
30 37 53
31 37 53
31 37 53
30 37 53
30 38 52
30 36 52
30 36 52
30 38 52
31 36 53
29 37 52
30 33 53
30 34 52
30 36 54
30 33 53
32 34 54
31 34 53
30 34 53
29 35 53
30 35 52
30 36 53
30 35 53
30 37 52
30 35 53
32 36 53
30 36 53
31 35 52
31 35 53
30 36 53
31 35 52
30 36 52
31 37 53
31 37 53
31 37 54
