32 37 52
33 37 52
32 38 52
32 38 53
32 37 53
33 38 52
34 37 52
34 38 51
33 38 52
32 38 53
33 39 53
33 38 52
33 37 52
33 38 52
32 38 52
32 39 52
34 38 52
32 38 52
33 38 52
33 38 52
33 37 53
34 38 53
34 39 52
33 37 52
32 39 52
33 38 53
32 37 52
33 39 53
33 37 54
33 37 53
34 37 52
34 40 52
35 38 51
34 38 50
35 41 51
36 42 50
37 41 50
36 40 51
35 43 50
35 40 50
35 41 50
36 42 51
35 40 50
34 41 51
32 42 51
33 42 51
34 42 50
35 42 52
35 41 51
34 43 49
35 43 50
34 41 49
34 42 50
35 43 50
35 42 51
35 42 50
33 42 50
34 40 51
36 42 50
34 43 51
34 42 51
34 43 50
34 43 50
34 43 50
34 42 50
34 43 52
35 45 51
36 43 51
36 43 51
36 39 50
37 39 51
38 38 51
39 36 52
39 38 51
39 36 51
40 35 52
41 35 51
42 34 51
41 34 52
42 33 50
41 32 52
41 33 51
42 32 51
40 32 52
43 32 50
42 31 51
42 32 49
43 31 49
43 30 50
42 32 49
43 30 48
44 30 49
43 30 49
45 29 50
45 29 50
44 28 49
45 30 48
45 29 48
45 29 48
45 29 49
45 31 48
44 29 48
45 30 48
45 29 48
44 30 48
46 30 49
45 29 48
47 31 49
45 29 50
44 30 49
45 30 50
45 30 50
44 30 50
44 31 47
45 31 48
44 34 48
44 36 48
44 39 48
42 39 48
42 41 50
39 41 50
40 40 51
39 42 50
39 42 50
39 41 50
39 42 50
38 43 49
39 42 50
37 44 49
36 42 50
38 41 50
36 41 49
36 41 50
36 44 50
35 42 51
36 43 49
35 43 50
34 46 54
34 40 53
34 40 51
38 35 49
39 32 51
41 31 50
38 35 50
37 37 50
36 30 51
35 40 54
33 34 54
33 34 52
32 38 54
34 35 50
32 37 53
33 38 51
32 39 52
33 40 52
33 38 52
33 38 53
34 39 52
33 38 51
33 38 51
32 39 52
34 39 52
33 39 52
34 39 53
33 37 52
33 40 52
32 39 52
33 39 51
34 38 52
33 38 52
33 38 52
33 38 53
34 39 52
34 38 53
33 38 52
33 40 53
32 40 52
