28 43 49
27 44 50
28 43 50
28 43 50
28 43 51
28 43 49
27 42 49
27 44 49
28 43 50
27 43 49
27 44 49
28 42 51
27 43 50
27 42 50
28 43 51
27 44 50
28 42 51
28 43 49
29 43 50
28 43 50
29 43 49
29 44 49
29 43 49
28 44 49
28 43 49
29 43 50
28 43 50
28 43 49
29 43 50
28 43 50
27 44 49
28 50 49
31 45 47
31 45 45
30 48 45
29 51 43
27 53 44
28 51 44
28 48 44
30 48 43
30 52 42
30 49 43
28 50 45
28 48 44
30 51 43
30 50 44
29 50 44
29 52 44
29 52 43
28 50 43
28 50 42
27 52 44
27 52 44
29 50 44
31 50 44
31 48 46
32 48 45
33 48 47
34 48 46
36 48 47
37 48 47
37 46 45
39 46 46
41 45 47
41 45 49
42 44 47
43 43 48
43 42 47
45 39 47
45 39 47
44 39 48
45 37 47
44 36 49
45 34 49
46 35 49
45 33 49
45 35 49
45 32 49
44 32 49
45 31 49
45 32 50
44 31 50
45 30 49
45 30 49
45 30 50
44 31 50
45 31 49
45 29 49
44 30 50
45 29 50
44 31 49
44 28 50
44 28 50
44 29 49
44 29 49
44 29 48
44 28 50
44 28 49
43 29 49
44 29 50
43 28 49
45 27 48
45 29 49
44 28 50
44 28 49
44 28 49
44 28 49
44 29 49
44 31 49
44 30 49
44 31 50
45 33 48
44 32 49
43 34 48
45 36 46
43 39 48
41 42 47
39 44 47
36 48 46
35 50 46
33 49 45
31 51 46
30 52 45
30 51 46
28 51 46
29 51 45
29 50 45
28 50 45
30 54 47
28 49 45
29 49 44
27 48 44
25 49 43
26 49 43
26 50 44
29 50 44
27 52 43
29 51 43
31 50 43
34 49 44
35 47 47
34 45 48
31 42 51
30 42 48
24 35 56
29 44 49
27 43 52
29 42 50
30 41 51
31 42 53
29 37 52
29 41 52
31 43 50
30 41 50
28 39 51
28 38 53
30 36 51
30 37 52
27 37 53
29 35 55
32 36 49
32 33 52
30 34 54
31 37 53
31 37 53
31 36 52
31 36 52
30 37 54
29 35 53
31 35 53
30 37 53
31 37 53
30 37 53
31 37 53
29 38 52
29 38 53
30 39 52
31 37 53
29 38 52
30 37 52
30 37 53
30 37 52
30 36 53
30 38 52
31 37 53
