57 11 36
11 37 35
11 39 34
12 36 35
12 37 34
12 36 34
11 38 34
11 36 34
11 37 34
11 36 35
12 37 34
10 38 35
11 40 36
11 44 36
13 46 37
17 53 39
24 51 38
26 48 40
30 53 41
32 46 43
35 49 42
36 47 40
34 48 40
30 44 42
22 40 44
16 39 44
15 33 44
13 30 48
14 32 48
16 32 49
16 29 44
18 30 48
17 30 47
17 32 47
18 31 45
17 31 46
16 29 46
15 31 50
15 28 48
13 31 47
14 31 48
16 30 49
16 36 50
22 38 49
25 39 48
32 43 43
38 40 40
38 45 41
36 47 48
32 51 46
27 55 46
23 56 47
24 52 43
27 51 41
28 51 40
30 53 42
31 52 44
32 50 45
30 48 45
30 48 46
28 45 48
26 43 47
24 42 47
24 42 47
23 38 49
23 38 51
19 32 50
20 41 49
24 34 50
22 36 52
23 37 51
21 33 50
21 33 50
22 33 49
22 33 49
22 33 50
22 33 48
22 32 50
21 33 49
22 34 51
22 32 49
21 32 50
22 34 50
21 33 49
20 32 50
20 33 50
19 33 50
19 36 49
18 38 51
21 34 49
32 34 55
30 32 52
24 36 47
21 35 46
22 34 50
28 34 49
24 34 45
22 32 47
22 37 49
23 36 48
20 44 50
21 43 48
27 43 44
33 44 44
31 48 48
28 47 46
25 55 45
26 51 41
26 50 38
26 53 34
27 57 28
27 52 30
27 53 30
26 52 31
27 52 31
25 54 32
26 53 34
27 54 34
28 52 36
28 50 41
29 47 44
27 46 45
26 47 46
26 47 46
26 47 46
27 46 48
26 45 46
27 46 48
27 44 48
28 45 48
27 46 47
24 46 47
27 46 48
26 46 48
27 45 48
27 46 48
26 47 49
26 44 48
27 46 48
27 44 49
26 44 48
27 44 48
27 43 49
26 44 49
27 45 48
27 44 48
26 43 50
27 43 49
26 44 48
27 44 48
26 44 50
27 43 50
26 44 49
26 44 49
26 44 48
28 44 49
27 43 49
26 45 49
26 44 49
27 44 49
26 43 49
26 43 48
26 44 48
27 44 49
26 43 47
26 41 48
26 44 49
24 49 48
28 54 43
33 49 39
35 51 38
32 48 37
31 50 42
26 50 35
23 53 29
21 51 27
20 51 24
23 47 22
18 47 21
18 47 18
16 47 25
19 49 24
23 53 25
24 51 30
29 53 30
31 53 28
35 55 29
35 52 28
32 51 31
28 53 29
25 52 29
27 49 28
28 50 24
29 52 24
29 51 24
27 52 22
26 50 23
27 51 23
26 53 23
27 50 25
25 50 26
25 52 25
26 50 27
27 50 26
24 53 27
23 51 28
24 51 28
23 50 30
25 50 30
24 51 30
26 50 30
27 48 29
29 49 29
20 52 25
15 52 24
17 49 24
23 47 25
25 49 26
19 51 26
22 51 27
26 52 29
31 50 30
27 51 28
21 52 26
21 52 26
23 51 29
25 53 30
21 51 26
19 50 28
24 51 29
26 53 31
27 51 31
22 51 29
19 51 32
20 49 33
24 48 36
27 50 37
19 51 34
19 49 33
22 50 35
22 51 36
25 51 37
23 51 37
25 53 37
27 52 36
28 56 35
26 50 35
30 34 39
24 63 21
24 52 32
30 53 45
34 63 16
22 19 31
28 51 40
37 63 15
27 35 32
26 46 41
37 63 14
27 31 33
26 56 36
33 62 21
26 23 40
27 61 22
31 51 24
24 34 49
31 63 18
27 56 27
25 46 40
28 61 20
30 46 27
21 41 46
31 63 23
27 41 31
28 47 41
34 63 18
29 40 38
28 43 37
37 63 18
26 31 35
29 54 31
35 61 21
28 24 39
30 61 26
35 47 23
25 42 39
32 63 21
31 48 24
27 45 38
31 62 21
35 44 25
22 38 38
38 63 11
29 44 35
25 44 40
40 63 12
28 33 31
28 51 33
41 59 18
31 32 41
33 63 15
38 50 26
29 44 38
37 63 18
33 32 36
26 62 27
36 58 22
29 36 39
32 63 16
32 39 31
30 46 35
40 63 19
27 28 40
30 62 20
32 44 28
28 47 38
33 63 17
28 27 35
30 50 33
31 61 27
28 26 40
27 62 22
31 42 27
25 39 39
29 63 18
30 37 35
25 44 36
35 63 18
27 38 35
25 57 28
35 62 20
25 28 40
29 63 19
37 60 22
29 32 38
31 63 23
31 35 27
28 41 36
35 63 18
28 25 39
28 63 22
31 48 32
27 48 38
35 56 26
22 37 39
26 63 34
34 56 39
28 55 27
15 28 17
23 61 39
32 50 39
37 56 34
5 48 37
27 43 31
53 63 36
15 48 37
1 51 32
54 63 35
25 37 36
2 58 39
45 54 33
26 59 38
1 42 35
46 58 28
31 59 39
0 48 39
17 52 34
53 55 29
11 49 33
6 58 28
47 62 37
38 47 35
0 43 36
19 54 35
55 63 34
16 57 36
0 62 27
37 60 38
45 49 34
7 41 39
12 52 33
56 61 31
33 49 39
0 41 37
19 60 35
59 62 29
14 56 35
0 56 27
50 63 31
41 53 41
0 37 36
15 62 29
59 63 31
22 52 36
0 63 38
41 54 30
49 53 38
12 51 40
6 52 30
50 62 34
42 48 39
0 28 48
19 57 31
57 61 32
26 57 34
0 50 33
34 54 34
48 43 40
14 59 38
4 54 34
41 62 39
46 46 37
0 50 37
16 60 27
55 60 34
32 45 38
0 48 40
28 44 33
51 53 32
2 45 40
23 54 34
40 56 36
7 51 36
50 58 26
12 41 40
19 41 25
18 61 37
19 57 34
20 53 34
24 50 34
21 48 34
18 48 34
17 47 33
16 48 33
15 48 33
16 46 32
17 47 31
16 45 32
17 46 33
19 45 33
20 46 34
23 49 32
22 49 34
16 50 33
16 50 32
18 51 34
19 51 34
18 50 35
19 52 34
22 49 35
25 50 38
20 46 40
21 49 39
24 52 40
24 51 37
27 51 33
27 57 33
27 28 42
23 63 29
16 42 37
24 60 42
29 63 26
21 30 37
24 49 35
27 57 25
23 43 41
34 63 19
25 38 30
19 47 34
33 63 23
25 25 35
28 58 27
29 45 27
24 49 36
31 63 17
24 30 29
28 48 37
34 61 21
21 27 34
27 63 22
26 29 27
25 46 36
32 62 20
23 32 36
25 63 28
28 30 25
22 48 36
30 63 19
23 21 34
26 52 26
31 54 28
23 51 35
28 63 18
26 29 27
21 58 38
28 63 18
27 25 30
23 56 33
33 59 24
21 47 36
29 63 20
26 41 30
24 53 35
32 61 23
26 32 34
27 62 29
30 37 21
23 48 37
30 63 16
27 26 33
27 52 29
31 56 19
24 35 38
31 63 21
28 29 28
24 49 37
31 62 20
25 23 37
29 63 22
26 36 32
23 56 34
33 57 20
25 34 35
30 63 25
27 39 29
23 52 39
34 62 20
27 31 36
25 57 21
31 51 23
24 48 35
33 63 22
27 38 31
21 55 27
35 50 26
38 61 29
22 41 32
27 61 17
31 48 28
28 51 33
32 63 21
31 37 23
19 55 35
40 56 22
41 54 32
17 40 29
19 46 30
48 63 21
23 37 34
23 49 32
38 63 21
24 44 32
26 59 19
37 53 29
22 46 31
23 51 30
43 55 22
20 51 29
23 48 33
35 56 25
39 62 27
21 32 32
30 46 29
32 63 27
21 39 33
28 63 24
26 44 29
25 52 36
32 62 22
21 43 36
32 63 18
26 36 29
26 51 35
33 63 21
24 27 35
29 63 26
29 32 30
25 51 41
34 63 21
25 30 38
25 63 23
29 42 29
19 50 41
35 62 21
24 32 40
26 63 23
29 32 28
23 52 39
34 63 21
22 25 40
33 63 18
20 26 30
16 49 25
17 49 22
17 62 25
22 60 32
27 48 28
25 47 32
22 47 32
18 47 32
17 48 27
17 47 31
17 48 29
18 46 30
18 49 30
18 47 29
19 48 31
20 48 33
18 48 32
19 50 34
18 50 33
18 50 34
20 49 36
20 50 36
21 49 36
21 50 36
22 48 39
23 47 39
21 47 40
19 47 41
20 47 43
22 50 42
25 49 42
25 50 40
31 51 39
35 59 36
23 46 31
12 52 38
24 49 35
54 59 28
29 52 35
7 58 32
39 53 29
44 54 31
11 42 37
18 41 36
45 63 12
27 47 34
15 54 39
32 62 15
28 34 29
19 46 37
35 62 12
24 32 37
27 46 32
36 52 12
23 41 43
30 62 19
31 49 28
21 47 40
32 58 14
29 29 24
20 50 35
36 63 4
25 49 34
30 48 32
35 58 14
25 43 46
33 41 16
34 41 25
22 45 39
35 63 9
25 43 26
25 53 34
36 62 8
26 47 29
25 50 31
38 51 12
25 44 38
33 48 21
33 54 14
24 48 40
34 60 13
26 35 27
24 50 32
36 62 5
26 50 30
27 55 29
35 62 6
23 36 44
29 53 18
24 56 27
22 44 46
30 53 12
35 46 18
22 42 44
33 63 8
25 39 37
26 53 32
33 56 16
23 32 42
25 58 22
27 58 26
21 41 44
32 62 17
24 35 24
18 48 41
31 63 8
23 42 42
21 48 37
33 62 17
25 40 37
25 44 31
32 59 22
24 37 40
25 62 23
30 49 20
23 51 38
35 61 11
26 41 31
23 51 35
36 63 16
22 38 39
24 53 24
31 55 20
25 46 35
34 60 17
26 36 28
24 49 33
35 63 9
23 29 34
26 53 31
35 51 22
24 45 37
35 63 3
25 47 28
24 48 33
34 63 9
26 48 34
25 51 34
38 62 7
20 26 40
27 54 31
36 60 17
19 36 37
22 43 29
21 53 27
25 54 28
25 50 32
28 41 30
21 54 35
20 48 34
19 50 35
18 49 34
17 51 34
18 51 32
22 48 35
20 49 35
20 52 32
22 54 35
23 51 36
26 54 35
26 52 28
28 14 41
30 63 20
22 46 25
23 46 40
32 63 16
28 52 28
24 52 40
30 63 10
28 31 30
25 41 36
39 63 13
27 21 40
30 60 26
37 63 10
27 24 37
32 58 26
34 60 21
25 45 40
32 63 8
28 22 35
26 61 29
34 61 18
26 36 42
26 63 15
28 37 27
27 46 40
39 63 12
28 32 38
32 63 13
30 28 33
30 60 24
33 45 24
29 46 34
38 61 17
24 45 43
36 63 11
23 24 41
14 58 29
17 57 30
27 63 24
30 54 37
27 48 34
18 49 33
17 48 33
18 49 35
17 48 38
17 48 36
18 49 36
16 52 40
19 53 41
23 48 37
27 47 40
35 48 37
26 52 30
0 36 36
24 49 39
54 59 28
1 47 45
15 52 38
58 63 31
30 50 36
2 50 39
41 51 39
47 54 33
0 44 40
22 55 35
57 62 31
11 57 33
1 57 36
55 62 35
42 53 37
0 33 43
21 59 34
60 63 30
12 52 38
4 52 36
55 61 35
36 44 39
0 48 43
25 46 39
48 58 34
1 44 41
38 54 31
21 59 40
20 50 38
50 62 27
5 36 34
26 39 23
30 48 37
24 56 36
18 53 38
16 53 32
16 53 31
18 51 34
20 49 33
20 48 34
20 48 35
19 48 34
19 50 35
19 51 37
17 51 37
20 53 40
22 52 39
26 50 37
34 48 36
32 50 30
0 29 37
15 61 33
62 63 29
22 53 35
1 52 40
23 56 38
58 60 29
7 58 40
5 51 37
59 62 30
30 42 40
0 46 41
46 56 31
34 52 41
0 51 40
55 53 28
19 54 40
15 47 36
49 63 34
6 35 40
54 56 29
14 48 42
18 39 26
22 55 35
28 49 34
23 58 37
21 58 38
17 50 32
17 51 31
18 50 33
20 50 35
18 50 33
17 50 33
17 49 36
21 56 35
24 55 36
27 56 31
27 53 30
27 33 34
31 50 41
31 62 26
19 17 42
31 60 27
31 52 25
22 42 44
31 63 18
27 40 27
24 53 44
35 63 14
24 46 38
28 51 39
36 62 22
21 26 45
31 63 18
24 40 40
33 60 35
26 52 29
26 38 43
41 63 23
16 23 36
13 50 40
25 62 30
30 59 36
24 56 32
19 49 33
17 47 34
16 50 35
19 48 38
19 50 37
19 49 37
18 49 36
19 52 36
22 53 36
25 53 38
27 53 37
29 55 35
29 32 35
28 50 43
30 61 26
21 22 42
31 62 27
31 48 24
19 35 46
33 63 20
28 33 30
25 49 40
40 63 22
28 30 41
33 63 23
27 31 33
31 50 36
38 62 24
26 32 44
34 63 20
27 37 35
29 50 41
38 63 23
27 26 42
29 60 33
35 53 27
27 39 44
32 63 22
30 50 31
25 51 43
38 63 20
24 8 37
35 51 37
37 62 26
27 25 43
31 63 24
28 44 27
26 45 41
36 63 22
30 28 33
29 62 31
35 54 27
30 43 42
37 63 20
30 25 42
34 63 21
32 33 31
28 53 40
30 59 29
20 47 43
32 63 34
36 61 32
30 55 28
16 34 31
9 37 35
27 59 36
51 48 29
6 48 37
9 53 38
55 62 28
5 37 44
33 53 30
21 51 35
20 38 28
22 42 37
27 57 35
20 61 38
15 49 41
15 53 35
16 52 36
20 47 38
16 52 40
19 55 40
22 50 38
26 50 39
33 48 36
36 42 34
2 50 36
11 56 40
58 62 35
31 47 37
0 38 38
23 55 41
56 58 31
6 53 39
2 57 41
44 52 39
52 46 32
0 50 42
18 50 43
62 63 28
22 42 37
2 47 36
33 52 40
52 51 32
6 55 40
8 49 30
53 61 33
34 48 37
0 46 38
31 52 42
51 54 36
3 54 40
19 45 37
49 58 32
1 51 42
22 55 39
52 57 34
0 43 40
35 48 34
39 53 38
9 37 28
28 53 37
41 63 38
29 57 34
22 30 34
30 60 18
33 56 25
25 43 40
36 63 16
24 38 36
28 52 42
38 62 19
20 24 45
23 63 28
36 55 34
35 52 27
19 54 31
11 50 39
28 55 39
58 59 27
0 32 44
16 54 43
62 63 23
6 37 44
27 49 43
34 52 32
18 42 32
27 40 44
39 57 46
36 53 40
26 56 42
21 49 43
22 51 43
25 54 44
28 49 44
30 50 42
32 51 43
31 51 44
31 48 42
31 51 44
29 50 42
29 48 45
31 47 45
27 49 43
22 50 38
23 53 38
27 54 37
26 54 38
27 52 38
29 51 36
27 51 38
27 48 36
25 50 33
22 54 34
22 52 33
22 50 30
21 53 33
22 51 33
22 54 32
23 53 34
23 53 33
26 51 36
25 51 36
27 52 38
27 52 42
25 52 39
25 51 35
29 51 38
31 49 39
32 47 43
26 45 47
24 40 48
20 29 46
18 31 47
16 32 49
17 34 46
16 32 47
15 30 48
17 28 47
16 29 46
14 28 46
13 33 48
11 31 47
13 38 47
15 34 44
19 36 44
23 39 44
26 40 50
30 40 44
29 42 47
27 45 47
27 43 45
24 40 43
19 40 42
10 42 40
6 41 39
6 38 35
11 37 36
12 36 35
12 36 35
14 38 34
14 38 34
13 39 33
11 39 34
11 39 33
11 39 34
13 38 33
11 38 34
12 38 34
12 38 34
13 39 34
13 38 35
13 38 34
13 38 35
12 38 34
13 39 34
13 37 33
14 38 33
13 37 34
13 38 34
12 38 32
12 38 34
13 38 34
12 39 33
11 38 34
13 38 34
12 39 34
12 38 34
13 37 34
13 37 34
