10 37 34
11 37 34
12 36 34
14 36 34
13 36 34
11 37 33
11 37 35
11 37 34
12 36 35
11 36 34
11 37 35
13 36 34
12 35 34
11 37 34
12 37 34
12 35 34
13 36 35
12 36 35
13 37 33
11 38 35
11 38 35
10 40 35
11 40 35
14 41 35
12 43 35
12 43 36
12 45 38
16 44 39
17 41 40
18 42 42
22 40 46
24 43 50
27 43 49
27 45 46
28 41 50
28 37 46
21 42 43
15 37 42
14 37 44
13 35 43
15 36 47
17 36 46
16 36 50
15 35 47
14 32 48
12 37 44
16 40 48
19 43 45
25 44 44
28 45 42
29 46 41
30 48 42
30 54 39
31 52 41
31 53 41
29 52 38
31 52 38
29 53 37
29 53 37
30 51 35
31 55 33
30 54 33
32 55 31
31 55 28
32 52 27
31 52 24
31 52 26
30 53 31
29 55 34
27 53 37
30 56 37
33 52 37
33 58 33
32 50 36
30 48 37
31 47 47
29 49 44
33 50 46
30 50 46
30 47 46
30 51 42
32 51 43
29 51 45
35 44 45
30 55 38
33 60 42
31 45 52
31 47 39
33 44 42
32 45 48
32 43 48
28 49 52
28 48 50
29 45 45
29 44 43
32 44 49
31 49 49
30 46 48
28 43 52
28 46 47
30 45 47
29 45 50
30 44 47
30 43 50
30 42 51
27 42 48
28 40 52
33 36 48
36 39 47
31 45 37
24 62 44
21 55 41
18 48 36
19 49 42
19 49 41
21 48 41
19 50 43
11 53 44
14 53 40
24 51 39
28 50 35
32 48 39
35 46 40
33 50 41
28 55 47
29 51 42
29 53 33
30 57 33
32 54 33
31 54 34
29 54 34
31 51 31
32 49 37
30 51 39
27 49 40
28 49 44
25 48 47
27 47 43
29 50 46
27 51 46
28 48 43
28 49 44
28 47 45
28 48 45
29 47 46
28 48 45
29 47 46
29 46 47
30 46 48
29 46 46
29 47 48
29 46 48
28 46 47
28 46 47
28 46 46
28 45 46
28 48 49
27 47 45
28 45 47
27 47 45
27 51 44
28 50 42
28 50 40
28 50 41
28 49 42
27 51 40
29 53 41
28 53 39
28 51 40
27 52 38
28 52 38
25 52 37
27 51 38
26 50 37
26 53 36
27 54 35
28 54 36
28 53 36
29 53 37
26 53 37
28 53 37
28 56 39
28 53 37
30 53 36
29 53 34
26 54 33
25 51 31
26 51 35
25 54 36
26 53 32
27 53 34
27 52 32
27 53 32
26 51 29
27 51 29
25 51 29
26 53 29
24 52 29
25 51 31
25 52 30
26 51 29
25 52 28
26 53 30
24 51 30
25 53 29
25 51 30
25 52 28
24 51 29
23 51 30
23 51 30
24 52 31
25 53 31
24 51 31
25 52 32
24 51 31
24 52 31
24 52 32
25 52 32
24 51 31
25 52 32
24 52 32
24 52 31
23 52 32
23 51 31
22 51 32
24 52 32
24 52 31
24 52 32
24 51 32
25 51 32
24 52 32
24 52 32
22 51 32
25 51 32
23 52 32
24 51 32
24 52 32
25 51 32
24 52 31
23 51 32
24 52 32
24 53 32
24 51 31
23 52 31
23 52 31
24 51 31
24 51 32
24 52 33
24 51 31
25 51 32
23 52 32
23 52 32
23 52 32
23 52 32
23 52 33
24 51 32
23 51 32
23 53 32
24 52 33
24 52 32
24 52 31
24 52 32
24 53 32
23 52 31
23 53 33
24 54 34
25 53 34
28 52 35
29 49 33
30 50 31
28 51 29
25 50 30
28 49 34
25 51 35
23 51 36
25 55 35
24 55 33
23 51 31
22 49 27
24 49 27
23 51 26
25 51 25
22 52 25
22 51 25
24 52 27
27 52 29
21 54 27
19 50 25
21 48 31
24 53 34
28 51 36
27 51 35
24 49 32
23 50 30
19 52 29
17 51 30
21 51 30
27 52 32
24 52 33
20 51 30
20 48 32
23 54 35
24 52 34
26 54 34
26 52 34
27 52 32
24 62 37
28 46 24
26 50 34
31 63 28
28 31 31
27 47 36
31 63 15
25 30 37
30 62 19
28 33 22
24 48 40
33 63 9
24 34 33
26 62 25
29 50 22
24 46 36
32 63 8
26 44 35
22 60 29
32 56 12
23 14 43
23 62 24
30 59 18
26 20 45
31 63 10
28 44 24
24 41 38
34 63 6
24 49 33
16 56 32
38 58 10
24 17 41
26 61 19
29 44 18
22 37 45
33 63 15
29 53 28
19 45 39
35 63 11
26 29 29
29 45 40
35 62 15
23 13 36
19 63 28
30 57 16
25 19 44
32 63 17
30 50 19
23 44 43
37 63 10
26 28 32
23 62 24
31 49 22
25 46 41
37 63 13
25 27 38
28 62 19
31 41 24
25 42 37
36 63 11
23 30 41
26 63 16
29 40 17
18 45 41
39 63 8
25 27 34
22 62 25
32 57 16
19 44 42
34 63 9
26 30 36
22 62 25
31 56 16
25 18 41
27 63 18
28 33 27
25 50 38
34 63 16
25 31 38
22 61 29
32 61 18
26 27 45
25 63 21
26 41 24
20 44 38
30 63 12
26 43 36
27 47 41
34 62 15
23 15 38
20 62 22
29 52 21
21 38 41
28 63 13
26 48 32
23 49 30
35 54 21
30 44 39
33 63 18
27 32 35
21 62 35
25 57 30
21 57 29
32 62 33
33 55 32
20 46 34
11 47 29
29 59 32
51 52 28
8 41 26
12 46 24
53 62 25
28 47 34
10 45 27
34 61 29
36 55 32
0 49 31
35 55 27
34 59 36
5 40 29
43 53 26
24 53 40
3 43 35
53 59 21
15 49 43
1 46 35
47 61 23
20 45 41
9 48 27
50 62 26
11 45 42
10 47 32
49 57 25
0 45 46
21 46 28
47 59 25
3 41 42
11 48 31
55 63 23
20 38 32
1 61 40
35 62 32
44 52 28
0 48 38
16 60 31
57 63 23
25 46 32
7 36 28
34 58 29
56 53 26
0 43 42
5 52 25
59 63 25
30 48 30
6 38 26
34 58 27
53 52 31
1 44 37
9 61 29
61 63 13
25 46 32
3 38 28
35 57 26
51 53 29
0 48 38
16 57 33
57 62 19
15 46 32
1 57 32
39 60 30
47 47 31
0 51 44
10 52 29
58 63 22
27 44 28
1 50 35
38 61 29
45 53 35
3 45 36
13 53 25
58 62 20
17 41 39
6 51 29
52 60 24
26 43 33
0 45 32
21 49 26
58 62 21
13 40 29
6 49 27
46 63 24
29 50 32
0 49 34
39 56 21
37 52 34
2 46 33
51 58 13
3 40 43
39 49 20
18 37 21
14 52 33
21 51 23
27 59 27
23 52 29
20 49 27
17 50 25
19 49 25
18 51 26
20 48 29
19 47 28
17 48 28
18 48 29
17 48 29
20 50 30
20 49 31
18 49 31
18 50 32
16 50 32
17 55 34
21 53 32
23 49 34
26 44 36
33 45 35
28 50 26
0 38 34
21 48 32
53 60 21
3 49 40
13 54 30
54 63 12
32 43 29
0 33 36
18 43 32
58 54 17
5 46 32
2 34 21
48 63 24
31 50 32
1 22 28
31 57 26
50 60 30
0 41 38
14 53 26
51 63 26
18 42 28
4 48 26
43 62 28
35 56 30
5 36 25
24 46 28
34 63 29
22 57 34
21 44 32
28 63 19
21 29 32
23 53 32
31 63 18
21 37 34
25 51 25
24 45 26
19 50 40
29 63 14
20 26 34
22 60 22
25 31 19
19 51 40
29 63 12
22 24 40
25 63 15
22 30 28
22 55 34
28 63 15
21 30 39
27 63 16
22 39 31
21 54 37
30 60 11
20 27 41
30 63 10
25 42 29
19 59 42
29 62 13
21 29 34
24 46 18
26 39 24
20 48 37
31 62 5
20 38 34
20 56 34
29 62 13
22 20 39
22 62 19
23 35 26
19 56 37
27 63 10
19 25 35
23 45 21
26 48 21
21 43 36
28 63 10
19 48 34
19 58 36
28 62 12
21 23 37
21 62 18
25 37 22
19 56 36
28 61 14
21 47 27
20 54 36
31 63 3
19 16 41
21 61 19
25 40 21
19 55 35
29 63 4
23 45 28
23 47 36
32 63 10
26 40 24
20 45 41
30 63 4
22 22 41
29 63 12
28 32 31
21 58 29
31 53 17
10 35 36
10 45 18
22 62 17
30 50 32
26 49 28
24 47 31
19 51 28
19 49 29
18 49 28
18 51 27
21 49 27
21 49 28
25 52 31
19 49 29
18 50 29
20 49 32
23 52 31
23 53 30
25 55 30
26 54 25
25 43 35
27 43 44
30 63 10
20 14 36
29 52 30
34 62 16
20 12 41
21 61 19
30 54 20
23 23 43
24 62 27
33 57 12
21 20 43
23 61 11
30 40 20
19 36 41
28 63 6
29 43 28
19 54 37
33 63 0
24 34 31
25 54 28
35 55 11
22 37 37
30 63 11
28 33 28
25 50 25
33 52 15
19 48 37
33 63 6
24 36 40
22 63 16
33 44 19
19 48 38
32 63 2
26 39 34
25 51 32
36 54 13
17 38 40
38 63 5
13 23 37
16 42 30
19 63 17
28 54 30
27 46 30
24 47 31
18 49 29
16 48 30
16 51 33
19 50 33
18 52 30
21 49 29
21 49 30
19 48 33
21 49 32
20 49 35
20 51 31
20 56 31
22 52 32
25 52 32
27 55 26
27 41 35
30 43 40
28 63 13
23 23 39
28 48 38
35 63 14
23 13 39
22 62 28
33 61 16
26 21 43
22 62 26
29 55 20
24 24 41
25 63 13
28 45 28
21 53 36
27 63 8
29 41 29
26 49 38
32 63 11
27 22 35
23 62 30
35 61 16
24 26 40
22 55 21
36 63 13
26 33 36
24 62 21
31 34 26
23 48 36
35 62 15
26 30 39
24 62 21
32 50 22
20 53 38
32 63 9
27 36 34
23 56 29
35 55 18
22 44 35
28 63 13
28 34 31
24 54 33
32 51 17
20 42 34
24 62 19
19 41 32
25 55 25
30 51 24
26 37 27
22 51 25
21 44 26
24 52 27
24 55 27
21 47 27
8 31 29
18 58 27
54 62 20
24 41 24
0 42 29
25 55 23
49 57 16
0 46 43
12 58 25
51 62 13
26 50 30
3 50 29
46 58 12
18 51 34
7 44 31
49 46 13
0 47 34
41 47 22
21 55 28
14 37 28
25 38 20
27 56 24
27 57 36
25 50 30
17 51 34
17 52 30
19 50 32
21 52 30
22 51 30
22 48 32
22 50 34
21 46 34
19 53 33
18 52 35
19 55 33
20 51 33
21 45 36
23 47 35
26 50 34
31 51 31
32 48 29
6 49 30
3 51 29
48 63 19
39 51 31
0 42 37
12 55 22
50 62 21
34 52 34
3 44 35
13 58 32
57 62 23
30 51 33
0 52 35
21 44 28
53 62 26
29 45 28
1 53 36
30 49 31
47 56 25
17 46 28
8 50 28
28 62 40
48 49 23
13 45 24
4 55 37
43 59 20
44 49 30
0 51 35
19 55 35
58 62 16
24 53 32
7 53 35
21 60 35
47 51 26
7 47 38
19 56 32
47 56 25
1 49 42
31 48 24
34 55 29
6 60 43
49 50 11
12 40 39
24 44 18
22 47 25
26 54 24
23 57 27
20 57 34
19 45 27
18 46 26
17 52 26
18 51 29
18 49 27
19 46 27
20 49 29
21 50 30
18 49 30
19 52 31
22 53 30
24 52 30
26 55 31
26 48 26
29 33 38
30 50 36
30 63 16
23 33 36
31 55 28
31 52 19
25 33 36
29 62 17
28 46 20
25 46 41
30 63 15
26 54 27
24 54 40
31 63 15
28 41 27
23 51 38
28 63 10
30 35 33
24 49 36
39 63 15
26 27 38
28 62 18
31 48 23
25 49 38
34 63 9
30 33 29
25 44 34
38 62 13
26 31 44
30 63 18
30 35 25
24 52 35
38 63 11
23 26 41
29 61 14
31 52 21
20 44 40
35 63 7
27 31 38
29 61 21
33 48 22
23 54 36
33 63 10
28 34 37
27 61 28
37 61 18
23 47 37
33 63 8
26 34 34
26 57 32
37 62 15
27 26 40
25 54 37
30 63 16
26 29 34
27 51 29
37 62 16
27 17 42
21 62 21
31 51 20
26 25 38
25 63 17
29 45 27
22 54 37
29 63 14
29 35 32
27 57 36
31 63 17
27 33 36
26 54 31
34 59 18
28 29 38
26 58 27
31 55 18
26 42 36
28 63 17
29 39 29
25 49 33
37 62 12
26 30 37
27 51 34
39 62 14
27 24 43
30 63 13
29 40 27
25 50 33
36 63 12
26 30 39
28 63 19
31 45 25
25 54 34
35 63 11
27 36 37
28 62 22
23 46 28
18 57 29
32 62 24
31 53 27
20 38 28
12 20 28
35 62 28
46 50 28
12 47 25
4 50 26
34 59 25
41 50 31
18 54 25
2 50 30
38 61 24
54 51 25
0 46 35
15 54 31
55 62 17
24 46 32
6 49 29
42 59 24
25 52 34
13 47 31
42 56 13
10 35 34
14 52 30
24 51 23
25 62 32
23 51 31
20 51 31
19 46 31
18 50 34
18 50 33
19 51 35
19 51 36
21 55 31
24 53 33
26 48 36
29 54 31
38 43 32
9 47 30
6 53 29
46 59 25
40 54 27
0 47 42
14 56 32
60 63 15
32 44 36
0 41 38
21 45 34
55 58 20
13 54 31
4 54 33
42 61 26
47 51 29
0 48 44
15 58 31
60 63 18
23 48 29
9 49 29
32 52 31
52 49 25
0 54 36
23 45 33
50 58 24
19 44 39
5 50 23
57 62 20
17 45 37
12 49 23
51 56 19
2 51 41
25 58 34
44 58 25
0 47 35
48 53 21
30 59 35
12 39 28
29 43 29
38 63 25
30 55 25
26 46 29
32 43 32
31 63 5
24 33 32
33 52 31
42 59 11
21 32 41
34 63 9
30 32 32
29 54 30
36 56 16
26 28 44
31 63 12
26 32 32
21 49 35
15 43 18
24 61 22
29 58 28
27 53 33
21 49 31
17 47 30
16 50 32
16 51 32
17 49 35
23 55 33
24 52 32
26 52 30
28 50 27
29 32 38
31 51 41
33 62 20
19 17 44
31 63 24
30 40 21
22 34 41
26 63 19
29 41 25
24 18 42
28 62 23
31 35 22
23 45 41
27 63 15
29 37 25
24 50 39
33 63 10
28 33 35
24 60 23
35 51 21
24 42 39
32 63 7
27 34 37
26 59 28
36 53 22
24 49 36
33 63 16
26 34 35
28 53 34
35 62 17
25 22 43
27 63 20
29 42 32
23 55 38
32 63 13
25 21 41
26 52 37
30 61 22
20 31 44
19 62 29
38 62 28
28 50 23
24 47 28
6 32 38
23 62 30
55 59 17
26 44 23
2 41 30
28 61 27
53 55 24
1 47 34
14 57 34
61 62 16
22 53 30
2 62 31
34 55 25
53 49 25
8 51 32
8 48 28
45 60 26
40 52 32
1 45 35
7 50 31
49 61 21
32 48 36
3 51 32
49 47 15
29 50 31
12 50 28
50 63 22
19 47 32
21 46 25
39 44 22
42 63 26
28 51 27
21 63 33
25 43 16
29 45 36
37 61 19
31 37 15
22 38 37
36 63 7
30 36 39
30 62 25
34 54 20
10 50 35
19 39 28
19 61 22
27 58 20
29 55 28
27 48 32
25 50 32
22 50 33
20 49 31
19 48 31
19 48 31
20 49 30
20 50 30
20 49 29
20 50 32
19 50 30
19 50 30
20 49 30
20 50 30
20 51 29
19 49 30
20 49 31
19 47 30
19 46 29
20 48 30
20 50 32
20 51 31
20 50 31
21 48 29
19 50 29
20 51 28
19 52 28
22 49 30
20 50 29
24 50 28
23 50 30
24 51 29
21 51 32
25 52 31
27 51 31
29 52 31
28 51 31
27 52 32
26 52 32
24 52 32
24 52 32
22 51 33
21 50 34
23 51 34
24 51 32
25 53 32
27 50 32
24 51 32
22 52 32
21 49 34
21 50 34
23 47 36
21 48 36
19 44 37
16 44 36
13 48 39
12 43 38
15 42 36
12 40 36
12 40 36
12 40 35
10 39 35
11 38 36
11 38 35
12 38 36
12 38 35
13 37 34
12 38 34
12 39 34
13 38 34
12 37 35
12 38 34
13 39 34
10 39 34
12 38 35
12 39 35
12 39 34
12 38 36
12 39 35
12 38 35
13 38 34
13 39 34
13 39 34
