12 38 35
12 39 35
12 38 35
14 39 35
13 38 35
13 39 36
11 37 35
12 37 33
12 35 33
12 36 33
12 36 34
11 38 35
13 37 34
12 37 35
11 38 34
13 38 35
13 37 35
13 38 34
13 38 35
11 38 35
11 38 35
11 35 35
12 37 34
10 39 35
11 43 38
15 45 40
17 49 40
18 49 37
20 50 36
22 53 35
24 51 33
26 50 35
26 49 37
24 47 41
24 44 43
20 41 44
17 41 46
16 40 45
14 40 45
18 41 47
22 41 49
19 39 46
20 42 48
20 40 48
21 39 47
20 40 46
17 42 47
17 42 48
16 41 45
16 46 45
19 52 45
25 50 44
30 46 39
37 47 44
39 45 50
34 41 46
25 46 50
23 58 40
3 48 48
27 50 40
25 49 46
22 44 47
23 46 47
24 49 42
28 48 42
31 51 39
28 52 38
25 52 42
25 47 44
27 51 43
23 49 44
20 36 46
25 40 46
21 49 47
24 47 47
21 48 42
18 48 47
16 49 45
22 46 42
25 49 42
29 50 39
26 50 41
25 48 48
25 47 50
28 47 48
30 46 50
31 47 46
29 44 43
27 47 43
33 46 40
37 53 40
37 52 37
36 54 36
36 53 38
35 56 35
35 54 33
36 51 31
35 53 35
37 50 37
35 52 40
36 48 40
37 48 47
37 47 46
37 45 46
36 46 46
36 48 49
36 45 49
35 44 49
36 43 49
36 45 49
36 44 48
35 44 48
36 44 49
35 43 49
35 42 49
35 43 50
35 44 50
35 42 50
34 43 49
34 44 51
34 43 51
35 43 50
34 42 49
34 43 51
34 43 50
34 43 50
33 42 50
33 43 50
33 42 51
33 41 48
34 46 50
35 46 47
36 50 42
35 50 42
34 49 42
33 52 45
35 52 40
35 50 41
36 48 40
36 51 41
34 52 41
34 52 41
32 48 39
34 52 41
35 53 41
33 52 39
34 52 40
34 54 39
34 51 40
35 53 39
35 51 41
35 52 39
35 53 39
34 52 39
35 53 41
34 49 38
36 51 39
34 53 38
34 55 37
34 56 36
36 53 36
35 52 37
36 52 36
35 53 38
35 52 43
36 49 45
35 49 45
36 48 46
36 46 47
36 44 49
35 45 48
37 45 48
35 47 48
36 44 49
35 45 49
37 44 50
36 46 49
36 44 49
35 44 50
35 44 50
35 44 49
35 44 49
34 43 50
35 44 51
34 44 50
35 42 48
35 42 49
36 44 50
35 42 48
35 42 52
32 42 50
31 53 49
33 51 42
35 54 40
33 51 39
34 53 37
35 52 36
33 52 38
33 53 39
31 50 38
29 55 41
28 54 42
30 53 43
32 49 43
32 49 45
32 47 48
29 45 49
27 41 50
25 38 50
23 37 48
23 37 48
22 34 50
23 32 50
21 32 53
25 35 49
24 35 52
24 35 51
23 34 52
23 33 53
23 32 48
22 34 51
23 32 51
24 32 49
23 32 50
24 33 50
24 32 51
23 34 51
25 33 51
22 31 49
22 35 53
19 40 52
19 37 50
22 39 50
27 43 48
32 44 43
37 46 42
36 50 40
33 57 40
31 55 37
29 54 36
30 52 33
29 51 31
29 54 28
28 52 27
30 53 26
30 53 27
28 53 25
28 51 26
25 51 25
28 51 25
28 51 28
26 53 29
27 53 31
25 53 32
25 52 31
26 55 32
26 53 33
25 54 32
26 51 32
28 52 36
27 51 35
24 54 33
23 51 31
23 53 32
25 52 33
27 52 34
26 51 33
24 52 34
25 53 33
26 51 33
26 51 33
27 52 34
25 52 34
27 53 34
26 52 36
28 52 35
27 53 35
27 53 34
26 50 35
26 51 34
26 54 35
23 52 35
22 52 36
24 49 39
26 55 39
27 53 40
27 52 38
27 53 39
29 52 37
29 53 35
30 42 36
31 40 41
32 63 26
27 32 29
30 54 44
37 63 18
30 36 35
32 51 40
32 61 20
27 25 42
29 61 25
28 50 23
26 34 42
33 63 16
29 43 26
28 45 40
31 63 12
24 25 34
27 54 40
37 63 15
28 38 33
29 49 37
36 62 19
25 25 39
26 62 24
32 51 24
27 36 42
29 63 19
30 37 24
23 52 41
36 63 16
25 37 35
24 59 37
36 63 12
28 31 42
26 62 27
31 46 24
25 49 43
35 63 16
26 31 33
26 55 36
35 63 15
28 40 33
26 52 35
39 60 19
29 34 46
34 63 22
30 37 27
28 49 39
39 63 21
29 27 38
34 63 22
30 33 27
29 52 35
39 62 25
28 25 39
29 63 25
35 49 25
27 25 42
37 63 16
28 36 32
29 50 38
34 63 20
30 31 36
26 62 31
35 63 15
28 28 36
25 58 31
36 61 19
30 30 39
31 63 19
32 37 29
28 48 35
38 53 18
28 36 39
35 63 17
29 35 33
29 60 28
34 51 21
21 52 39
29 63 29
33 54 25
30 53 23
14 34 30
19 49 32
30 48 41
41 53 36
9 54 39
16 61 31
49 59 31
27 50 34
0 40 35
28 44 36
42 52 32
10 58 36
11 63 37
48 63 31
33 51 36
0 52 34
16 46 36
46 62 33
17 51 40
2 55 37
39 61 37
40 48 38
0 48 39
13 48 41
52 62 31
21 45 39
5 52 35
22 52 43
48 60 33
17 51 35
5 55 36
38 52 41
43 50 37
0 51 37
15 49 40
53 63 29
23 49 40
7 53 33
32 47 37
45 48 37
2 50 37
15 42 34
47 61 36
20 49 38
10 54 33
39 48 37
39 55 41
0 34 39
25 53 35
41 63 36
23 45 39
16 45 44
42 63 30
13 45 35
33 47 28
25 49 36
12 54 40
48 60 25
8 40 41
24 48 27
26 61 31
28 58 33
25 49 36
23 56 30
22 50 29
23 53 30
22 51 28
24 49 29
26 51 33
25 49 33
23 50 34
21 51 34
21 49 34
24 52 35
26 50 36
27 50 34
28 50 34
26 53 36
22 49 39
24 53 40
25 51 39
26 52 38
27 51 35
25 54 37
25 48 39
26 53 37
27 52 37
26 53 37
25 53 35
25 52 36
27 49 35
26 54 33
27 54 34
27 52 34
27 50 33
27 54 34
25 52 33
26 52 34
25 54 31
24 53 34
22 54 33
21 56 33
21 54 35
24 51 35
23 51 38
23 46 39
27 53 38
26 49 37
24 50 39
21 49 40
19 49 39
21 51 41
22 50 40
22 49 40
22 49 40
21 50 41
24 54 41
25 51 40
25 49 41
27 51 40
28 53 37
30 48 38
31 59 42
34 59 34
29 44 40
31 45 43
32 63 22
27 45 36
27 49 46
34 63 20
22 23 40
26 62 31
31 57 23
22 21 44
27 63 23
28 39 29
22 52 41
32 63 23
27 41 37
22 60 32
32 56 26
28 20 43
28 61 33
29 45 31
26 33 42
30 63 24
25 34 37
28 45 44
35 63 28
26 31 44
28 63 27
27 35 37
24 49 41
35 59 27
26 34 43
33 63 27
25 44 36
25 51 42
32 63 28
23 35 39
35 63 29
27 35 39
30 63 28
24 37 30
27 52 42
36 63 23
25 28 38
27 53 37
32 62 25
22 11 42
28 62 27
27 46 30
23 46 38
31 63 24
29 38 38
25 54 44
34 62 29
28 31 36
27 63 26
26 35 29
23 54 39
32 63 23
21 31 29
28 58 35
33 60 26
24 22 42
32 63 26
29 31 32
24 59 37
33 63 30
29 38 31
25 55 29
30 53 30
27 31 36
32 63 23
27 29 30
22 51 40
36 60 24
25 35 37
30 63 27
28 29 28
24 53 35
31 63 25
25 17 35
26 56 24
29 45 27
24 47 35
30 63 24
25 42 32
27 57 41
34 63 28
25 14 35
25 55 41
31 62 29
25 18 38
28 62 25
27 38 31
22 60 39
30 63 27
24 26 35
27 63 27
26 45 34
25 59 36
32 62 29
25 17 39
28 63 28
28 46 30
22 59 41
30 63 28
25 32 38
30 63 32
28 31 29
26 56 37
25 57 30
24 37 37
26 57 32
33 56 35
26 46 31
24 49 29
24 48 38
36 52 29
35 59 33
3 25 29
17 54 33
42 55 28
36 55 29
1 45 37
21 56 29
60 63 22
9 40 40
26 41 22
20 40 29
31 63 35
27 54 35
23 51 35
24 51 31
26 51 32
24 52 31
25 54 32
26 50 34
26 58 36
26 50 36
26 51 38
26 54 33
27 53 35
27 54 35
27 49 35
27 55 36
29 51 34
28 54 35
29 55 34
24 54 33
23 52 36
21 55 36
23 51 38
25 52 38
25 53 37
30 49 40
28 50 37
27 49 38
22 51 37
22 51 38
21 49 40
22 51 40
23 52 43
24 52 42
24 53 39
26 50 42
27 48 42
29 48 38
33 47 37
20 48 39
13 58 48
44 55 34
41 57 40
0 44 49
23 53 36
54 62 32
17 51 42
10 57 39
48 62 33
29 54 39
8 52 43
31 44 35
44 51 33
0 50 49
31 45 34
51 46 31
1 52 50
23 52 33
50 63 28
14 55 45
15 54 35
50 62 26
27 48 44
8 48 38
39 49 31
35 55 39
0 47 45
28 46 35
49 50 33
4 55 44
21 50 35
46 62 30
3 46 49
25 46 33
42 55 27
6 52 51
44 53 21
21 49 46
15 52 40
50 61 21
3 49 51
31 54 29
42 54 29
8 51 46
48 51 23
19 53 46
21 56 38
41 48 31
9 49 51
34 50 34
33 60 43
20 53 46
43 50 34
27 54 46
23 49 45
39 46 37
34 50 45
17 47 49
43 46 39
28 49 55
25 49 43
41 47 43
23 50 52
25 48 41
42 47 43
32 54 50
17 45 38
28 42 48
42 55 36
15 55 42
14 45 42
38 58 31
27 52 46
20 37 51
33 57 30
27 44 29
20 55 45
30 59 19
27 53 26
21 51 48
31 62 16
24 51 26
21 40 44
37 63 24
26 48 31
22 52 36
36 63 18
24 49 31
22 44 35
34 63 21
28 46 32
23 49 33
39 63 13
18 60 39
32 47 33
38 54 16
22 38 39
27 63 21
27 58 28
25 46 40
35 62 20
29 36 28
23 52 38
37 62 20
23 38 37
31 62 19
26 44 25
22 46 40
36 63 21
22 45 36
33 62 25
25 53 32
24 46 32
28 63 20
22 32 38
32 62 22
19 43 28
19 61 23
27 58 25
31 53 29
28 49 31
25 49 31
22 48 33
22 54 32
23 53 33
24 51 33
26 48 32
28 49 34
28 49 33
25 57 35
24 51 37
24 55 38
22 54 36
26 55 36
25 53 34
28 51 37
29 53 36
28 53 34
26 53 36
22 52 34
23 54 37
22 49 37
25 53 40
26 54 40
25 50 38
25 50 39
24 50 38
24 51 38
23 48 36
22 56 39
23 47 37
22 53 37
22 50 34
24 50 37
23 52 37
24 51 37
23 51 35
24 53 35
22 53 37
22 51 38
23 52 39
23 51 36
25 55 39
26 51 38
29 52 38
30 59 34
27 42 36
29 34 43
34 55 31
32 54 27
23 44 48
39 63 24
25 30 35
28 54 42
43 60 24
23 32 41
38 63 18
26 28 39
28 58 26
36 54 26
22 47 43
36 63 17
25 28 39
28 62 26
31 55 31
24 53 39
38 62 19
24 28 44
34 63 22
27 38 35
23 57 38
36 63 18
29 39 33
27 52 40
38 63 21
24 27 36
30 61 28
33 53 27
23 32 37
31 60 19
28 41 25
25 45 45
39 63 14
25 32 32
26 52 36
39 61 25
25 35 37
39 63 22
30 35 36
27 57 33
38 58 24
24 36 39
38 63 17
25 32 37
28 53 38
41 60 17
23 30 40
34 63 19
30 35 27
28 51 41
41 63 15
23 24 40
37 63 18
29 38 28
27 51 37
44 62 19
24 26 41
32 62 22
30 42 29
26 56 40
41 63 18
25 26 40
33 62 24
31 55 30
26 50 34
34 63 23
29 36 36
34 54 40
39 63 27
24 24 41
29 63 27
22 38 37
22 55 38
42 63 36
35 58 33
25 48 28
11 47 32
26 54 33
51 54 28
15 54 38
10 53 35
57 59 24
24 52 40
13 50 38
56 63 17
13 36 41
25 53 30
20 44 32
31 61 42
27 52 37
24 46 39
21 52 39
21 52 37
22 50 40
22 49 40
22 51 41
23 50 40
22 51 40
23 48 39
22 50 41
25 48 40
24 50 41
24 50 41
22 51 42
22 50 43
26 52 42
29 46 41
34 51 40
35 49 36
11 50 40
9 49 43
41 53 35
51 42 29
0 55 50
22 55 41
62 63 25
28 45 36
6 48 40
43 57 35
45 46 34
0 50 44
21 54 40
58 63 25
27 43 37
2 51 46
40 44 36
46 46 35
7 51 43
13 45 37
53 63 29
31 46 42
4 50 37
39 51 31
47 53 37
10 51 42
21 53 38
47 59 34
17 46 39
16 56 36
52 58 30
28 50 38
4 44 40
24 58 40
50 58 28
20 57 36
12 61 28
42 58 35
44 47 35
3 49 42
21 47 34
50 61 33
34 48 36
0 40 40
21 61 32
55 63 33
24 48 37
6 46 39
26 47 37
44 59 31
8 46 48
30 55 35
39 51 32
10 50 40
49 50 28
26 55 42
16 53 38
53 60 24
17 49 47
20 56 35
44 62 28
9 48 47
29 53 31
40 57 33
4 45 41
45 50 31
34 51 38
13 43 30
28 52 30
38 62 35
37 62 31
32 55 28
19 32 36
34 56 25
34 58 19
27 40 40
38 63 19
29 32 29
25 52 36
40 62 21
27 33 43
32 62 20
32 50 30
31 56 38
36 63 14
23 23 40
30 61 31
35 54 19
25 33 40
33 63 17
31 43 31
25 57 44
34 62 21
21 38 40
27 63 33
41 62 32
31 48 24
8 39 36
20 53 38
56 61 27
25 46 41
11 50 42
41 63 24
20 39 38
21 46 34
25 57 33
27 55 38
27 51 36
23 48 36
22 50 36
21 46 37
22 51 38
21 50 36
19 51 35
19 49 36
19 51 35
20 50 35
20 48 35
20 50 35
22 49 35
21 50 35
21 49 35
20 49 35
21 50 35
22 50 35
20 51 34
21 51 34
24 51 36
23 52 35
22 52 35
21 51 35
22 50 36
24 50 37
25 51 37
24 50 40
23 52 39
22 51 43
22 51 41
24 51 41
25 48 43
28 51 41
30 47 41
36 49 36
32 53 34
0 27 39
21 44 40
60 63 28
17 52 41
9 50 39
45 62 33
43 46 35
0 44 49
20 62 35
58 63 26
18 55 41
12 60 35
48 59 31
43 43 37
0 47 44
34 51 29
46 54 30
6 50 39
17 51 32
42 52 28
47 62 30
30 63 35
22 34 36
29 57 29
41 62 19
26 23 44
34 63 18
30 41 30
29 51 39
37 57 21
18 29 39
17 50 33
31 63 29
32 51 33
31 51 30
33 52 34
36 53 39
32 55 38
28 56 36
25 54 35
24 50 35
29 54 37
33 51 37
32 54 38
32 51 38
35 55 37
35 51 38
34 54 35
33 52 36
29 51 35
33 53 39
35 50 34
28 52 38
27 54 33
30 54 34
29 53 34
30 52 35
31 54 35
31 51 36
30 52 33
28 54 33
26 56 33
28 53 34
25 53 33
25 53 30
25 52 32
26 52 32
25 53 35
27 50 35
27 52 39
26 54 39
23 53 42
24 50 42
28 48 43
29 46 45
30 46 44
25 45 42
21 45 39
22 43 43
22 42 49
20 42 46
19 40 47
20 41 49
18 40 48
19 41 48
19 40 47
18 41 46
19 41 48
19 40 46
20 39 49
17 40 47
18 39 47
18 42 47
17 42 46
19 42 46
20 42 45
21 42 46
24 42 44
22 42 46
23 46 46
25 45 46
26 45 44
24 45 41
23 45 43
18 46 44
14 45 42
11 45 40
11 44 38
12 42 40
15 42 38
15 42 37
14 42 38
12 41 35
13 41 37
14 39 34
14 42 36
14 41 36
15 41 37
13 42 36
13 43 36
12 40 36
14 41 35
12 42 35
14 42 36
14 41 36
15 40 36
14 42 36
14 40 36
13 41 36
13 43 35
12 41 36
15 43 36
14 43 37
15 41 35
14 43 35
13 43 36
14 43 34
14 41 35
14 42 36
14 41 35
14 41 35
15 41 35
13 42 36
13 42 35
13 41 36
14 41 36
14 40 36
14 40 36
