13 36 36
57 12 37
12 36 35
11 36 34
9 34 36
12 34 38
13 36 39
11 34 38
13 36 40
12 35 42
12 39 46
16 42 50
22 41 50
29 43 51
31 40 50
32 40 47
31 42 46
28 39 42
24 36 44
17 36 47
13 30 44
13 31 44
14 29 48
14 30 45
16 29 50
20 32 47
19 31 47
18 30 47
18 30 48
17 31 47
15 30 46
11 30 46
13 31 47
12 36 49
16 37 46
21 41 48
31 43 46
38 39 48
40 34 53
35 23 54
33 41 57
35 53 54
41 47 49
29 48 39
23 53 42
20 45 41
18 42 46
17 37 46
17 44 53
15 46 51
19 48 50
26 49 48
32 43 48
38 41 45
41 35 44
41 30 46
40 26 50
34 18 53
38 42 62
37 47 49
30 45 46
28 46 41
29 48 43
29 57 41
30 47 48
28 58 39
34 46 43
25 44 57
26 46 38
33 45 41
33 50 46
28 42 47
23 43 53
28 46 49
29 43 47
27 42 48
28 35 53
30 39 52
28 41 51
29 41 51
30 36 50
29 35 53
28 38 58
29 37 53
25 42 45
33 31 44
32 32 37
25 48 47
18 55 45
14 51 45
18 48 47
15 46 48
20 53 50
29 49 47
31 43 46
27 37 43
13 30 46
23 29 57
25 36 52
22 25 48
19 36 57
32 41 54
23 39 48
21 33 45
28 40 50
25 36 52
19 33 52
20 33 47
21 22 51
29 42 47
19 36 51
23 31 51
22 29 51
23 32 51
23 32 49
23 31 50
23 31 50
22 31 50
23 31 50
22 32 51
23 32 50
22 30 51
23 32 51
22 30 50
22 31 51
23 31 50
22 32 51
23 30 50
23 31 51
23 30 50
21 31 51
23 31 50
22 30 51
23 30 50
22 31 50
23 31 50
24 31 51
23 30 50
20 29 49
15 35 50
13 34 49
20 41 48
33 45 42
38 45 42
33 45 46
30 54 47
22 52 45
26 56 38
31 54 36
29 52 32
28 55 32
29 52 32
27 54 33
28 52 34
28 54 34
27 53 37
26 53 39
26 53 42
25 50 43
26 46 46
26 44 48
27 42 48
25 43 48
26 41 49
25 42 50
26 41 50
27 41 49
27 43 49
26 42 49
26 41 50
26 42 50
25 40 49
27 41 50
26 41 51
25 41 50
27 40 50
26 40 50
27 41 49
25 42 50
26 40 51
27 41 50
27 41 49
27 42 50
25 40 48
25 43 50
25 44 50
27 51 46
30 50 45
30 48 41
25 51 37
26 53 34
21 53 29
21 52 29
22 50 27
21 48 23
19 50 22
16 48 22
17 51 24
16 53 26
22 51 27
27 52 31
32 52 36
31 53 32
32 52 37
28 52 35
28 50 34
27 56 30
28 50 30
28 52 30
25 52 28
26 54 30
24 50 28
28 49 30
27 48 29
28 52 27
29 51 27
23 52 25
23 52 30
23 51 29
24 52 30
24 54 29
26 53 29
26 53 31
23 51 29
20 50 29
22 50 29
24 51 32
25 52 33
26 52 34
26 49 32
22 51 30
21 51 30
21 50 31
24 53 33
27 51 31
22 52 32
19 50 31
20 49 32
20 48 31
22 51 29
23 52 33
24 51 33
23 50 34
22 49 33
22 52 34
23 51 32
25 51 31
24 53 32
23 52 33
25 50 32
22 55 33
18 59 33
22 52 40
24 41 43
23 32 49
23 35 42
25 44 49
26 46 43
23 49 38
21 50 38
19 51 35
20 51 33
22 55 35
25 48 29
23 53 29
22 51 28
21 51 27
22 51 29
23 53 30
24 50 32
21 51 31
22 49 32
20 51 31
22 51 35
24 49 35
26 50 38
24 50 38
25 52 35
26 52 36
28 52 34
25 40 33
26 55 35
30 58 31
29 50 39
30 62 30
19 44 25
28 44 47
29 63 26
29 44 35
26 47 37
29 60 21
25 18 40
28 63 21
25 32 20
25 41 44
29 63 19
27 46 39
24 62 35
30 53 17
26 15 42
27 63 24
29 39 23
22 40 46
32 63 21
28 44 19
22 42 47
32 63 22
28 58 31
20 45 43
34 63 20
27 43 34
26 51 40
32 62 21
26 35 35
23 62 25
29 45 23
21 46 42
33 63 15
25 28 31
25 56 34
33 56 20
22 49 42
30 63 20
26 28 27
24 47 38
36 62 16
27 38 35
29 58 30
29 49 23
23 25 45
29 63 22
28 34 18
17 45 48
37 63 14
24 38 28
24 38 41
38 63 11
28 34 30
20 53 37
36 56 12
26 36 42
35 63 15
27 36 27
28 42 34
38 58 12
27 26 40
33 63 16
27 36 24
25 42 39
37 62 14
26 35 36
30 62 19
33 39 20
24 45 42
33 63 11
26 30 37
27 60 24
31 53 18
25 44 46
32 63 16
25 34 30
33 46 37
33 61 18
28 19 36
29 52 28
30 58 23
28 27 41
28 62 21
33 61 24
26 18 39
25 60 21
27 44 23
25 40 43
30 63 19
27 41 18
25 45 41
31 63 16
28 59 35
23 39 37
35 63 18
30 38 35
24 46 38
36 63 16
28 22 32
26 55 33
36 62 21
34 30 37
22 58 35
30 59 21
26 18 40
26 63 27
29 53 24
26 23 43
29 63 22
29 42 23
23 40 45
37 63 14
30 42 32
23 47 36
38 61 18
30 36 34
24 62 29
34 57 22
27 33 44
36 63 19
28 31 31
27 58 32
35 57 19
29 31 42
36 63 20
29 30 27
25 49 35
38 60 18
27 28 41
31 63 19
30 27 28
22 53 36
26 54 26
23 57 36
37 61 32
32 58 29
8 30 22
19 46 35
23 43 39
27 59 32
39 42 33
15 58 32
3 57 43
52 63 25
39 51 39
0 28 28
28 45 36
59 63 31
13 49 32
4 53 36
37 59 42
44 51 32
0 44 42
16 51 37
55 63 34
26 43 38
0 40 39
31 46 43
51 47 38
6 41 41
12 50 40
49 61 43
33 48 42
0 30 46
23 46 44
50 56 38
7 51 39
8 53 43
47 59 41
30 50 41
0 47 46
18 48 39
53 62 33
18 57 38
0 62 35
43 61 36
41 56 40
0 37 41
20 42 40
53 62 33
31 49 38
0 44 34
28 46 42
54 56 31
10 47 36
12 56 36
53 61 35
42 47 36
0 32 41
22 47 39
58 62 30
17 49 35
6 62 35
51 61 34
41 49 45
0 47 38
24 45 38
60 59 31
0 46 41
11 59 35
59 63 27
10 47 40
7 58 34
57 62 31
20 42 43
9 48 32
50 61 30
9 47 46
20 53 34
44 59 34
4 45 40
18 49 33
52 58 28
10 52 41
13 53 39
55 62 24
35 47 34
3 45 34
31 52 39
55 53 27
4 49 40
13 49 36
57 60 29
34 44 36
2 34 35
37 52 35
45 54 30
0 45 41
37 43 34
32 56 38
14 50 28
21 40 27
29 52 37
27 54 35
25 53 35
20 52 31
16 48 32
16 49 30
18 49 29
20 48 28
20 49 30
24 50 33
22 51 33
20 49 32
18 51 32
17 51 30
17 51 32
22 48 32
24 50 32
23 50 32
23 51 31
25 53 29
23 51 32
22 51 30
22 51 29
23 51 28
21 49 24
19 48 26
18 49 25
18 51 29
20 48 29
21 50 31
19 48 31
18 47 29
20 46 29
20 46 28
19 49 28
20 46 27
19 46 29
21 49 29
19 49 29
18 48 30
18 48 29
16 47 28
17 48 29
20 49 30
22 50 31
20 48 31
16 49 30
19 49 30
20 48 32
19 51 30
21 50 31
22 51 36
24 49 38
26 53 37
29 47 30
25 37 31
34 45 41
28 63 22
20 23 34
33 54 38
34 62 16
22 18 39
31 59 21
28 42 20
24 41 40
33 63 16
27 42 21
25 47 41
36 63 12
29 35 35
28 54 36
38 62 14
25 21 35
29 58 34
34 50 13
25 26 42
30 57 23
34 62 12
26 24 39
29 57 31
33 54 20
25 34 42
29 63 14
29 37 23
20 49 44
34 63 9
32 45 29
26 48 38
38 62 12
27 22 33
21 60 28
37 62 14
25 22 40
28 58 23
32 55 20
25 45 42
31 63 17
29 32 28
28 50 37
36 60 20
28 31 38
33 62 18
33 49 30
27 46 36
36 63 15
28 36 37
31 60 26
34 53 19
27 50 39
38 63 14
29 39 34
28 46 36
42 62 16
28 31 40
36 63 20
32 29 28
32 49 33
38 57 17
27 28 38
36 63 15
32 26 27
30 51 35
40 59 17
27 31 39
37 63 15
32 31 28
29 49 36
39 61 18
29 28 39
33 63 21
31 37 25
26 45 37
38 63 17
27 34 37
29 61 25
34 55 24
26 41 37
31 62 17
28 33 29
25 51 38
34 63 16
27 31 33
31 54 40
39 63 15
29 26 36
27 54 40
38 61 15
27 25 38
26 60 32
33 56 17
25 21 41
31 60 24
30 47 22
26 36 41
32 63 20
29 38 22
28 41 35
39 63 15
26 27 38
32 62 15
31 32 26
29 48 31
40 56 14
28 35 39
34 63 10
28 29 24
31 43 34
40 59 16
28 30 40
34 63 14
31 34 24
28 46 32
40 63 14
28 29 38
31 61 19
32 43 24
27 50 41
28 63 19
30 56 40
27 50 34
32 62 24
27 27 36
29 61 26
28 45 22
21 48 42
38 63 18
25 34 32
23 60 31
28 59 22
24 48 36
31 63 23
29 37 27
24 37 40
33 63 23
27 41 28
27 42 38
38 63 24
30 36 30
28 50 38
33 63 22
28 32 36
24 58 37
34 63 22
26 31 38
31 63 30
29 51 30
23 42 40
36 63 23
28 20 30
22 51 28
32 63 24
26 27 33
24 49 30
32 59 23
26 32 35
25 63 31
30 41 26
20 48 39
31 63 18
26 56 34
22 48 39
32 63 25
25 19 32
22 43 29
31 58 25
25 20 38
27 63 32
29 29 27
22 46 40
30 61 16
26 56 33
23 50 41
33 63 24
25 28 34
24 55 25
27 35 25
23 45 39
30 63 17
22 61 40
24 51 42
29 61 26
28 50 29
29 52 32
15 35 31
20 57 36
39 56 27
41 57 32
4 39 35
15 57 28
57 62 24
14 56 34
14 54 30
47 62 26
25 51 30
24 38 34
22 62 34
21 60 35
20 57 34
22 51 32
19 56 31
21 51 35
20 47 34
19 52 32
22 51 31
24 51 32
25 52 31
23 51 30
23 50 30
22 54 29
22 51 27
24 48 29
20 50 29
21 49 32
21 53 32
21 48 33
21 49 30
20 51 30
20 49 28
18 48 25
18 51 27
20 50 31
22 48 32
23 50 33
22 50 31
20 51 28
19 49 29
21 48 30
19 48 32
17 48 33
17 50 34
23 51 35
21 51 35
16 50 36
16 47 38
19 54 40
23 50 40
24 46 40
29 47 41
35 51 34
24 50 31
5 41 40
29 44 43
49 55 33
0 46 44
15 49 35
60 63 28
33 49 36
0 40 37
44 48 38
41 51 34
0 42 44
19 58 34
54 61 30
7 55 39
10 49 39
59 63 32
31 44 37
0 45 37
37 53 35
46 57 36
0 33 47
17 56 38
54 56 32
28 50 36
3 53 37
35 50 41
46 44 38
1 57 36
14 44 39
54 63 30
5 55 42
12 44 37
46 63 34
1 47 43
30 47 36
30 62 39
6 53 36
41 48 30
25 55 46
11 49 38
48 62 31
4 35 39
22 45 28
28 54 36
22 56 36
19 53 36
18 57 37
18 49 32
17 49 31
19 50 29
17 47 30
18 49 32
16 49 31
18 47 31
19 49 31
20 46 30
22 44 35
18 50 33
16 52 35
19 53 37
23 50 35
25 51 35
26 53 33
29 49 27
29 36 32
34 54 36
23 62 17
21 25 37
34 59 23
24 44 18
22 48 38
31 59 19
28 44 21
24 28 41
33 63 12
25 42 20
25 52 40
34 63 8
30 46 31
21 51 37
37 63 9
29 42 32
26 46 36
37 63 5
30 47 34
25 54 35
41 59 13
29 33 37
33 63 16
32 27 23
27 47 34
41 63 16
28 36 39
29 62 23
32 56 22
27 48 39
40 63 11
26 39 36
30 60 26
36 57 20
25 44 35
39 63 16
30 36 31
28 49 36
38 63 17
30 33 36
33 63 25
31 46 24
27 52 36
40 63 16
31 40 33
32 56 29
39 60 15
28 28 37
34 63 22
31 36 24
27 47 38
36 63 14
30 32 36
30 60 28
34 60 21
26 24 39
30 60 26
32 50 24
27 27 46
34 63 21
32 55 22
25 50 40
34 63 19
28 54 26
22 49 37
38 63 13
29 45 28
26 51 36
39 62 16
26 39 35
33 61 29
29 51 23
23 52 41
37 63 10
19 19 37
15 49 35
22 59 21
28 56 30
28 54 31
25 48 32
18 48 30
17 50 31
19 46 33
20 50 33
19 49 33
20 50 34
19 49 34
19 50 35
20 49 35
19 49 34
20 51 35
22 53 37
24 54 35
24 52 35
26 55 32
31 51 34
30 22 39
33 63 25
22 49 22
25 48 42
33 63 23
32 53 21
23 21 40
27 63 26
34 49 20
23 39 39
29 63 16
29 55 28
25 52 38
34 63 11
30 45 23
22 44 36
36 63 12
29 45 28
31 54 31
42 62 14
32 34 38
33 63 16
31 28 23
30 46 34
39 63 12
30 31 34
33 59 25
37 56 20
30 47 37
34 63 11
33 35 32
31 58 31
34 53 19
25 40 41
29 63 34
33 59 31
38 54 27
27 42 26
20 40 33
13 48 45
32 56 38
50 45 24
17 56 29
5 55 30
40 56 29
47 52 35
5 51 35
19 60 30
47 58 33
39 49 32
0 46 43
16 57 31
59 62 28
23 51 33
2 60 35
44 60 29
35 55 38
1 45 37
39 51 26
34 54 34
13 45 29
22 40 29
26 51 37
24 57 42
21 49 36
19 51 38
17 47 35
17 52 36
18 46 38
18 48 37
19 47 37
16 51 39
17 50 39
20 51 39
23 52 37
25 45 40
29 45 41
37 49 38
17 54 31
1 62 42
38 59 37
49 57 34
0 45 42
12 58 41
60 62 27
31 47 37
0 43 39
31 44 29
47 51 31
7 49 40
4 56 30
43 59 37
47 48 38
0 41 41
15 56 37
53 62 33
34 42 33
0 40 37
21 48 38
51 58 31
12 56 34
1 58 32
42 63 35
39 50 35
3 49 37
18 43 29
56 61 32
33 51 42
0 49 45
30 45 34
55 54 31
12 54 39
7 56 34
55 62 32
27 47 38
2 57 41
57 54 32
25 55 43
3 44 27
47 52 34
34 59 42
7 50 35
57 49 28
26 51 38
2 57 43
52 54 26
27 45 40
9 50 36
55 62 29
22 49 38
13 41 27
39 54 29
47 63 30
32 58 29
21 33 35
32 50 27
39 63 9
29 42 33
31 51 36
42 63 7
30 25 40
33 62 23
37 56 16
29 31 37
38 63 9
32 32 28
31 48 35
40 63 9
28 35 42
32 58 23
37 57 15
28 38 39
36 63 14
27 34 29
30 57 38
34 63 9
28 23 38
28 59 29
37 59 17
28 32 39
29 62 27
32 54 21
27 27 44
30 63 15
31 35 29
25 44 38
32 63 12
21 38 40
19 61 39
38 59 29
36 53 25
17 46 33
8 41 42
35 61 34
49 51 33
6 48 37
13 53 37
55 60 25
29 51 32
2 42 40
29 43 32
51 56 28
12 49 35
15 45 32
25 36 28
25 57 31
20 50 31
21 55 41
19 51 35
19 48 35
18 49 34
16 49 34
19 51 35
20 50 35
17 48 35
17 46 35
18 48 36
19 48 36
19 50 35
21 48 36
19 48 38
16 51 37
20 53 39
21 52 39
24 47 39
26 49 36
29 55 37
30 53 30
0 30 35
19 55 33
58 63 29
22 48 27
1 60 39
39 59 37
49 48 33
0 48 43
13 49 35
59 63 26
35 43 38
0 49 47
24 51 36
55 60 28
16 53 37
7 50 33
38 61 38
50 49 33
7 53 39
6 48 29
52 63 33
42 48 33
0 46 42
22 60 33
60 63 31
17 44 37
5 50 35
33 55 39
47 53 36
8 50 50
21 53 37
46 51 34
14 43 44
17 49 40
57 62 37
21 44 43
11 52 40
40 58 46
43 46 37
4 42 48
31 50 41
46 51 46
6 42 48
33 46 43
45 53 47
10 45 47
26 49 40
49 57 40
25 45 43
13 48 39
34 52 46
51 56 37
22 50 40
5 57 45
28 50 44
56 60 30
29 53 35
4 52 40
35 51 33
54 63 30
20 49 33
6 51 31
54 62 29
32 59 39
10 47 24
32 55 36
43 55 34
19 47 24
11 53 30
47 60 27
41 53 37
2 47 37
26 53 28
50 55 26
7 46 40
32 51 29
43 59 29
5 45 38
33 54 32
46 61 31
5 43 33
24 49 24
39 56 27
35 62 35
34 62 26
30 46 23
30 41 32
37 63 11
26 42 27
30 48 34
43 63 7
27 31 35
30 48 32
40 63 9
30 31 37
33 58 29
41 62 15
29 30 39
27 62 27
37 61 15
29 33 42
30 62 13
30 39 30
26 48 37
34 63 12
28 27 38
29 63 23
18 50 30
18 42 27
24 61 27
25 57 32
24 48 32
24 50 31
22 47 29
18 50 30
16 48 31
17 48 30
19 47 30
19 48 30
20 49 32
19 49 31
19 49 31
18 49 32
18 49 33
18 48 33
18 51 33
21 48 36
22 52 36
23 50 34
25 53 36
25 52 33
28 56 30
31 35 37
27 48 40
28 63 15
22 27 37
35 49 42
35 63 16
24 23 35
30 53 37
36 62 17
27 28 39
31 52 37
38 63 16
26 25 39
23 59 34
37 63 15
30 34 39
25 54 33
39 61 18
28 26 38
29 56 27
34 56 19
27 38 41
29 62 19
33 41 25
27 45 37
34 63 12
29 41 38
28 56 27
38 63 17
27 31 41
28 60 24
32 55 23
24 50 40
31 63 21
19 45 38
23 63 32
33 59 32
34 55 31
21 42 39
12 30 33
29 51 35
45 55 33
13 47 33
9 49 34
47 58 31
29 43 36
5 49 32
27 55 35
47 54 32
14 54 37
7 58 33
27 48 39
56 58 27
25 52 30
3 55 37
25 55 33
53 52 31
27 52 29
3 52 34
24 55 33
51 51 25
21 50 27
3 50 31
18 59 31
54 61 25
28 54 31
3 48 36
32 55 28
52 50 27
11 52 34
10 54 32
48 61 27
21 42 36
12 44 33
49 55 20
12 46 42
15 49 26
46 63 28
16 49 37
20 45 30
38 62 31
36 62 34
26 45 37
27 48 36
32 63 16
29 18 40
35 57 24
29 51 25
23 52 42
40 63 13
15 29 39
16 49 40
18 60 24
26 59 29
29 54 30
25 50 33
25 46 31
22 46 33
19 48 31
17 49 31
16 50 32
18 50 32
18 50 32
18 48 30
18 49 30
18 47 32
19 47 33
20 46 32
21 48 32
20 50 32
19 50 32
19 50 33
20 51 34
19 47 34
21 47 34
20 50 33
20 50 34
20 49 35
19 48 33
19 48 36
18 48 33
19 50 35
20 50 36
20 48 35
21 49 34
18 49 35
20 47 36
20 47 37
21 50 38
24 49 41
28 51 46
29 50 47
27 48 45
25 47 41
20 45 39
20 44 43
15 44 42
17 46 43
20 49 42
20 47 43
22 45 42
20 46 42
18 48 43
21 41 45
18 45 46
19 46 45
20 41 48
16 41 49
11 45 45
15 46 42
22 50 40
26 46 38
31 48 34
32 51 31
32 49 29
32 50 29
30 51 28
31 51 28
29 51 27
27 51 27
24 55 22
26 53 22
27 51 23
25 50 23
27 49 23
24 52 24
23 52 24
25 50 27
24 50 30
23 55 30
23 51 34
22 49 35
22 49 39
20 49 40
20 49 41
20 37 42
19 35 48
20 39 48
20 37 47
20 37 48
20 41 46
18 44 44
18 44 43
20 48 41
18 47 39
20 48 38
19 48 38
16 45 40
18 46 40
17 44 42
17 44 42
15 43 43
19 43 41
20 44 41
19 44 42
18 44 42
17 43 41
17 42 44
18 43 44
20 45 44
21 47 43
23 48 41
24 49 40
26 48 41
27 49 40
25 49 38
23 51 37
22 50 36
19 50 36
18 52 34
19 51 33
20 49 33
20 51 32
21 50 33
19 50 32
16 56 33
21 51 39
23 52 35
21 51 31
20 47 33
20 51 31
20 51 33
19 51 33
21 50 33
23 54 33
25 53 32
27 50 32
26 50 31
24 49 32
23 49 33
20 52 34
18 51 33
20 50 33
20 49 33
21 51 34
21 49 35
20 49 34
21 49 34
21 50 35
22 51 36
24 52 36
25 51 36
27 53 36
24 48 34
22 47 40
22 48 40
25 51 41
24 51 38
25 53 37
26 51 37
22 51 39
23 51 39
22 51 39
25 52 38
25 50 37
25 53 37
