28 33 29
28 53 32
28 53 31
26 53 33
26 53 30
24 52 31
26 51 32
26 54 32
27 51 34
27 51 36
28 53 37
29 51 38
25 53 36
24 52 36
24 52 36
25 50 37
24 51 38
22 50 38
18 50 37
18 50 38
20 50 36
24 50 38
22 50 40
20 49 42
19 43 42
19 44 46
20 41 45
21 45 45
19 43 45
13 46 43
17 48 43
19 52 42
30 50 39
33 53 40
33 45 42
33 45 43
30 49 40
26 48 43
29 56 37
35 48 40
32 52 37
28 53 35
24 54 36
23 50 37
25 52 38
23 52 40
23 54 38
23 55 39
24 56 37
31 52 36
34 49 36
35 53 32
34 53 34
31 55 33
32 52 35
32 56 32
29 52 31
26 54 34
27 55 35
31 52 33
30 50 36
31 50 36
27 56 35
30 53 35
28 54 38
30 50 36
28 51 36
28 51 35
25 52 36
26 52 35
27 53 34
28 53 33
29 54 34
29 54 32
29 54 32
28 51 34
29 53 32
30 55 30
32 53 32
32 60 33
31 60 34
33 55 35
36 52 35
36 52 38
38 51 36
38 52 38
39 50 38
38 52 38
38 51 38
37 52 36
36 54 34
38 57 32
39 53 32
39 51 32
39 52 33
39 50 33
39 50 33
39 49 35
39 51 33
39 53 34
39 51 34
38 53 35
36 53 34
36 53 34
37 52 34
37 53 35
36 53 34
36 54 34
38 52 34
36 52 33
36 55 33
35 55 32
37 50 32
39 52 32
38 54 31
38 52 28
39 51 30
36 54 29
38 53 30
38 54 33
38 54 31
40 53 33
39 53 32
40 51 34
39 50 35
41 51 35
40 52 36
39 52 34
40 51 34
40 52 35
41 52 36
41 51 36
43 52 35
40 52 36
40 51 36
42 50 36
40 52 37
42 51 37
41 50 37
41 49 38
40 52 38
41 51 37
41 53 39
41 47 40
41 50 39
40 50 38
41 51 39
40 49 40
41 51 40
40 50 39
39 50 39
42 50 39
41 50 39
41 51 40
41 50 39
40 50 39
42 51 40
42 50 41
41 48 41
41 51 40
40 48 39
41 54 39
41 51 43
41 50 39
41 48 39
41 49 39
41 49 39
42 50 39
40 50 40
38 50 40
38 53 41
37 52 40
37 51 39
38 50 38
38 54 37
37 54 36
37 54 37
36 52 38
37 51 38
37 51 37
38 51 38
38 52 38
38 51 39
36 51 39
36 51 37
37 53 37
37 51 37
36 53 38
35 55 38
36 53 37
35 54 37
33 51 38
38 51 38
38 51 38
38 52 37
38 51 37
36 52 34
39 52 38
39 53 36
38 54 38
40 52 38
40 51 38
38 51 40
38 52 37
38 50 37
39 52 38
38 51 40
38 53 38
39 51 38
39 50 37
38 53 37
40 51 37
38 52 37
39 51 37
38 54 39
41 54 32
41 52 41
38 48 37
39 52 36
39 51 37
38 52 38
39 49 36
39 51 38
38 53 37
38 53 37
38 51 38
37 52 39
38 50 36
40 56 37
39 51 37
38 53 38
36 50 38
37 53 38
39 50 39
37 53 38
39 51 38
40 48 39
39 50 41
37 50 36
38 54 35
37 55 32
35 53 31
33 53 31
30 54 32
30 53 33
26 55 35
22 55 31
19 56 31
21 54 32
26 55 31
29 52 35
31 54 38
35 52 40
37 50 38
37 45 36
30 53 40
29 50 39
30 50 38
33 53 38
35 54 36
35 53 36
36 53 36
33 54 36
26 55 35
29 54 35
30 52 36
35 55 36
35 51 36
34 51 36
34 51 35
30 57 33
30 54 34
32 53 33
31 54 34
31 54 33
31 51 34
30 53 32
29 53 32
30 54 33
29 54 32
27 53 34
27 55 33
25 53 35
25 54 33
27 52 34
26 54 34
26 51 34
25 52 34
27 52 33
27 53 33
26 53 34
25 52 34
24 52 34
25 52 34
26 52 35
26 51 34
26 53 33
26 53 34
26 52 33
25 53 33
26 51 33
26 52 33
26 52 34
26 53 32
24 51 33
24 52 34
24 53 33
24 52 34
25 51 34
26 53 34
26 49 33
27 50 34
25 50 32
23 50 32
21 50 34
20 51 33
20 50 33
21 49 32
20 50 30
20 50 32
19 49 30
17 49 31
19 49 30
19 49 31
18 49 31
19 49 30
20 48 30
19 49 32
19 50 31
19 50 31
21 50 32
20 48 31
21 49 31
20 50 32
17 49 31
17 48 31
19 49 32
22 50 31
21 49 31
21 49 31
17 48 30
17 50 31
18 49 32
17 49 31
19 49 32
20 48 32
20 50 31
19 50 32
20 49 33
23 49 31
21 51 32
21 51 30
21 51 32
21 50 32
22 50 33
23 50 33
23 50 33
23 50 32
23 51 34
23 51 35
23 51 36
25 52 36
26 52 34
27 52 34
25 52 35
26 53 34
26 52 33
26 53 33
24 56 36
27 55 37
30 55 37
32 55 36
32 54 37
33 54 37
33 53 39
35 53 39
36 50 41
35 47 40
37 46 42
35 47 41
36 48 42
35 46 44
38 49 45
37 50 46
38 50 47
39 50 46
37 50 46
33 45 46
38 44 45
51 45 43
43 45 45
23 47 52
31 42 49
62 46 39
34 46 44
22 49 52
53 43 48
55 45 40
27 45 49
24 49 53
63 41 38
58 41 43
16 43 55
33 43 50
63 56 38
38 44 38
17 49 52
59 45 41
60 45 40
35 45 44
19 53 54
63 41 39
56 40 43
15 45 50
39 42 46
62 46 49
27 38 49
21 46 52
63 48 39
46 43 45
11 48 49
55 44 40
60 52 40
19 45 45
28 50 48
63 50 33
41 46 41
15 50 47
49 49 43
60 50 37
33 46 45
20 57 50
62 44 37
56 48 46
17 46 47
31 40 49
63 54 48
30 40 48
20 47 52
63 47 44
45 31 50
20 41 46
55 37 50
53 41 48
24 39 43
47 50 42
50 54 46
27 38 42
42 45 43
50 60 47
29 25 41
38 44 44
57 63 46
41 44 42
31 42 44
52 63 45
40 46 43
35 39 45
49 63 47
41 46 41
33 32 45
48 63 44
43 54 43
33 23 45
45 63 42
43 43 41
36 27 44
46 61 45
46 46 39
34 22 43
40 45 42
48 53 41
41 45 46
38 39 47
55 63 46
39 52 44
35 28 44
50 62 46
42 46 42
37 29 43
44 53 42
49 45 43
34 30 40
43 41 41
53 62 42
35 32 39
38 40 39
53 63 39
38 35 42
40 44 43
55 63 38
39 37 40
40 49 45
45 56 39
48 50 43
33 31 43
45 57 47
48 50 48
33 30 40
37 42 47
48 56 50
32 32 41
37 39 46
47 62 51
34 34 43
37 39 45
48 62 53
33 34 44
36 38 45
49 63 57
35 33 41
39 33 43
47 63 50
41 47 43
35 24 41
43 62 47
46 48 44
35 24 43
43 63 49
46 53 45
38 28 40
39 57 44
46 47 42
38 30 41
40 62 44
45 51 42
41 32 42
47 63 47
39 39 42
38 41 41
49 63 43
36 28 41
42 41 41
51 62 43
37 27 40
40 43 41
50 63 46
38 30 39
42 39 42
50 63 45
39 34 40
40 40 42
49 63 46
37 30 41
39 44 42
48 53 42
41 31 43
42 50 45
47 53 43
42 39 42
40 42 43
50 62 43
39 40 40
42 39 44
48 63 46
43 45 41
37 28 44
41 57 43
47 40 39
40 33 43
43 41 43
48 63 51
38 32 43
36 34 44
45 63 55
41 43 43
37 32 44
44 63 56
41 38 44
37 32 44
43 62 56
41 42 43
37 38 47
44 62 55
38 39 43
36 47 48
37 45 43
39 52 46
47 51 45
46 50 44
43 51 45
46 43 43
42 47 45
31 29 47
32 44 50
62 51 36
50 45 42
24 38 49
36 43 49
62 57 36
43 44 44
27 44 47
49 42 44
59 56 39
35 42 42
27 50 50
60 42 38
57 39 42
28 43 47
30 54 51
60 43 37
58 43 43
27 48 49
30 49 46
63 47 34
54 43 44
23 44 46
37 45 45
63 52 39
47 40 41
23 37 47
44 38 47
61 54 42
41 42 46
28 41 49
53 35 44
59 46 49
37 36 45
33 41 48
58 49 45
55 45 45
32 35 39
39 50 45
56 59 44
41 39 41
39 36 39
52 60 43
46 48 39
37 28 40
45 55 40
52 44 42
40 25 41
41 51 43
49 44 38
41 31 41
37 45 41
49 55 39
41 34 44
39 45 44
50 63 42
42 48 43
38 29 41
48 63 40
45 50 43
40 26 43
44 60 42
44 46 38
39 31 38
41 54 36
49 46 39
41 33 40
41 48 40
50 57 36
39 28 37
40 53 40
50 53 35
42 31 38
42 47 39
50 62 39
42 35 39
40 46 41
45 63 43
45 51 41
42 32 42
42 54 41
46 50 38
40 39 41
41 48 37
51 63 43
42 41 42
39 38 41
46 63 43
45 51 41
38 25 38
40 45 40
49 54 38
39 36 40
40 47 43
49 63 40
42 41 39
39 39 44
42 55 41
46 51 40
39 20 39
41 49 38
47 50 40
41 37 41
41 49 42
49 63 44
41 39 40
38 45 42
47 63 42
42 51 43
38 25 42
44 63 42
43 52 43
39 33 40
45 62 49
41 40 41
39 33 43
47 63 53
39 40 39
38 32 41
41 63 51
40 39 42
38 35 46
47 63 51
40 39 43
38 37 43
45 63 47
45 46 40
37 32 42
42 59 43
40 44 38
38 31 39
39 62 40
44 49 39
38 29 40
43 55 41
45 48 39
39 29 37
41 49 40
47 50 37
39 34 38
42 41 41
49 62 38
41 33 37
41 41 41
50 61 37
39 33 38
41 45 41
47 52 37
38 32 38
39 47 40
44 55 37
39 42 42
43 56 45
45 55 43
38 45 40
40 47 40
44 54 39
44 49 41
43 44 43
35 44 45
35 49 43
50 56 39
42 51 42
35 49 41
53 42 36
54 51 35
36 51 42
32 49 46
62 52 30
54 36 32
28 54 45
31 54 45
62 49 31
48 48 35
21 53 44
46 49 37
51 53 31
29 52 38
27 56 42
61 52 30
52 48 31
29 52 41
26 54 41
63 51 27
50 51 32
18 53 44
41 49 37
58 53 26
30 52 38
26 52 42
63 52 22
46 52 36
19 48 45
49 49 31
61 46 27
32 51 40
27 56 39
61 50 26
51 50 31
26 54 40
30 51 39
63 50 24
46 55 31
20 55 38
29 55 39
63 53 22
45 52 31
19 49 42
39 53 38
63 61 29
37 43 39
22 43 42
58 50 34
54 55 34
23 45 41
31 44 40
59 63 33
35 35 38
29 59 40
46 60 36
41 47 27
40 51 31
45 59 35
42 45 30
41 42 28
46 60 30
39 54 37
41 35 34
40 57 35
44 44 34
38 33 31
40 51 33
47 58 40
40 40 38
42 45 35
49 62 36
44 38 38
43 45 36
43 63 35
42 48 40
35 41 38
40 62 37
40 52 41
33 32 37
40 61 33
46 62 39
36 44 38
34 52 37
45 63 37
39 43 34
38 51 31
43 62 29
42 38 29
38 50 31
41 63 28
42 49 30
37 38 31
41 63 30
40 51 32
41 44 25
45 51 30
45 62 32
40 42 27
42 49 32
50 63 33
42 36 28
39 51 31
48 63 34
42 39 31
40 44 32
45 63 32
41 39 33
40 51 33
45 60 34
35 36 33
35 56 33
45 58 37
46 54 40
40 48 36
36 44 39
45 48 38
51 49 38
44 57 40
27 48 46
28 49 41
63 61 26
36 48 39
19 52 45
49 47 32
60 51 28
20 51 45
30 53 38
63 52 21
34 54 39
17 51 43
63 47 23
59 50 31
11 49 44
41 47 34
63 59 25
25 53 40
19 53 40
63 57 22
45 55 33
4 50 46
61 49 26
59 45 28
12 52 43
38 51 41
63 58 31
34 44 39
17 48 48
63 58 31
45 44 40
15 50 45
61 49 33
57 55 36
12 45 49
38 43 40
62 62 36
29 49 43
21 50 43
62 50 28
57 48 34
9 52 46
34 51 38
63 62 29
35 51 43
15 51 39
62 46 25
60 53 32
21 51 44
22 46 41
63 46 33
49 46 39
18 44 41
42 44 39
59 57 41
27 40 36
26 49 38
49 63 37
40 50 37
35 45 34
45 62 35
44 50 30
35 30 31
40 59 34
49 47 36
40 30 35
42 61 34
49 47 37
41 29 34
42 45 33
53 59 34
42 21 41
42 60 34
50 50 39
40 33 37
39 53 35
49 46 35
41 32 36
43 57 33
49 51 34
42 34 38
42 63 35
49 51 34
39 45 38
47 63 34
42 32 37
41 44 38
48 63 34
39 35 38
42 48 36
52 62 33
42 43 36
36 38 38
45 63 36
46 50 38
39 28 40
43 63 38
47 53 37
38 30 37
40 49 38
50 57 37
39 33 38
39 41 42
51 63 38
45 55 38
40 35 41
40 44 40
51 60 38
41 35 41
40 39 44
48 63 33
46 48 38
39 34 38
42 44 36
49 62 35
40 39 37
41 49 45
47 63 38
45 51 37
39 35 38
47 58 41
44 44 37
39 31 40
44 60 44
46 44 40
36 27 38
41 56 48
47 47 40
36 25 39
40 50 46
49 59 42
39 34 40
37 41 43
49 63 46
42 38 38
40 30 43
44 61 38
47 47 40
38 26 44
37 62 38
49 48 36
41 30 41
39 54 38
51 55 37
42 31 39
39 48 40
52 57 37
40 30 39
40 48 40
52 52 36
40 20 41
42 63 39
49 52 39
38 30 44
47 63 37
45 49 37
39 37 42
45 60 45
42 47 42
38 44 41
45 50 40
49 53 42
51 45 42
37 44 44
27 49 43
55 41 41
58 50 44
29 42 42
29 52 43
63 53 34
48 46 39
22 42 45
43 47 42
63 60 36
34 50 41
27 53 48
55 47 42
62 46 29
18 54 44
25 50 45
63 51 30
45 44 42
17 45 46
44 36 42
63 53 49
39 38 48
25 41 48
62 36 41
52 40 48
20 34 46
35 41 53
62 60 51
44 37 45
25 46 48
49 41 44
62 55 44
29 44 46
25 53 45
56 43 40
61 57 42
26 46 43
26 52 47
63 41 31
54 38 43
17 47 49
35 47 47
63 57 35
43 44 41
14 43 47
46 45 43
63 59 40
34 48 44
22 52 48
61 40 35
60 49 41
26 43 48
26 54 40
62 53 32
46 47 42
24 48 44
25 53 39
62 50 36
47 47 40
17 49 43
30 52 38
61 54 35
37 49 40
19 50 40
39 32 43
59 42 55
36 38 57
25 39 49
62 36 47
45 33 53
19 34 50
36 34 50
62 44 55
36 38 48
27 44 49
56 37 47
55 46 50
27 43 46
28 45 43
60 42 37
41 37 51
29 49 46
60 38 42
52 43 55
19 43 45
49 39 45
60 45 41
25 46 51
27 42 46
63 45 38
41 42 52
26 48 49
62 40 33
50 37 51
19 43 50
53 39 44
54 44 46
19 44 48
28 47 43
61 46 36
32 42 44
25 52 34
38 52 43
37 55 42
36 54 37
33 53 36
28 56 37
27 56 37
26 56 34
25 56 34
25 55 36
24 54 35
23 51 36
24 51 34
25 51 34
24 51 33
26 52 34
26 52 35
24 53 36
23 52 35
25 52 34
26 51 33
25 52 35
24 52 35
24 51 35
24 52 34
25 52 34
25 52 34
25 51 34
25 53 34
26 53 35
26 51 34
25 51 34
25 51 33
26 51 34
27 51 34
26 53 34
24 54 35
24 53 34
26 53 34
27 52 33
31 52 31
33 52 30
28 51 32
21 52 34
19 53 35
19 53 30
25 49 33
26 54 30
24 52 30
22 50 32
24 52 31
25 51 33
26 52 30
24 54 30
24 52 31
26 52 28
24 49 32
26 52 29
23 52 32
22 53 30
21 55 32
22 54 32
25 52 33
25 51 32
27 49 33
27 49 33
26 50 32
27 52 33
26 50 33
25 52 34
27 51 34
25 56 33
26 55 35
26 57 35
27 55 35
29 52 37
29 53 37
31 55 36
34 55 37
37 49 37
31 49 40
23 52 41
44 51 36
50 52 36
19 50 46
27 53 41
56 43 31
51 46 39
17 51 47
32 51 45
60 52 35
35 48 38
18 50 45
42 44 41
52 56 41
29 50 44
28 51 50
56 46 39
50 38 47
22 40 47
37 42 43
52 56 46
25 44 44
28 49 42
47 63 37
39 49 38
37 49 32
38 56 34
37 55 31
30 39 32
45 63 34
38 47 30
32 45 30
43 63 34
38 52 30
32 44 31
45 63 31
40 43 32
36 50 35
46 63 31
37 43 35
33 49 38
48 63 30
37 36 34
35 46 36
47 62 33
35 38 34
36 47 37
45 62 32
37 43 34
38 35 36
41 63 33
40 52 34
35 35 37
43 63 35
40 51 36
36 35 36
41 63 38
39 48 34
37 36 36
39 58 32
44 50 32
35 36 35
34 60 30
42 55 38
36 43 35
38 55 36
43 55 37
32 31 35
38 60 36
42 55 39
34 32 35
39 46 39
46 62 39
33 33 34
36 48 38
49 61 38
35 29 34
38 46 38
47 61 34
37 33 36
35 51 35
46 58 35
36 35 35
39 56 34
46 59 36
37 32 39
41 63 36
45 53 36
36 47 37
41 63 35
42 48 36
37 44 40
45 63 35
42 53 36
34 31 36
45 63 33
40 48 36
36 35 39
38 63 35
43 60 37
31 26 37
35 61 32
41 56 40
35 48 38
42 49 37
41 56 39
38 51 38
49 48 40
44 49 44
31 51 46
31 52 46
54 42 40
45 54 45
23 50 45
31 50 43
62 45 32
48 47 39
11 43 46
46 48 39
57 62 31
24 51 44
26 56 45
62 46 31
53 43 36
15 50 42
35 54 44
62 63 33
32 46 44
24 50 47
55 43 42
48 41 47
24 41 44
34 45 46
53 63 47
37 51 40
33 57 38
44 63 39
45 44 36
33 43 39
43 63 32
36 37 31
33 43 38
46 63 31
31 33 32
34 51 28
45 56 31
29 35 31
31 59 26
33 57 28
32 57 29
33 57 29
30 54 31
31 50 28
31 56 29
28 53 29
25 56 28
26 53 29
25 52 29
25 52 30
25 52 31
26 54 30
26 51 33
26 53 32
28 52 33
25 52 35
26 52 33
23 53 34
26 53 32
24 53 32
25 52 37
28 52 28
24 50 32
24 51 39
29 51 28
26 52 31
24 51 39
26 51 29
25 51 32
25 52 39
28 50 29
25 53 31
24 52 35
22 52 28
24 53 30
25 54 34
26 52 32
28 52 32
29 52 32
27 52 31
27 52 32
26 51 31
26 52 31
26 52 31
28 53 32
30 53 32
30 51 31
30 51 32
26 52 32
25 54 33
25 55 30
26 53 35
29 52 30
28 53 33
27 53 33
26 53 33
26 53 32
28 52 34
27 53 32
28 54 33
27 53 33
26 53 31
28 52 33
26 53 31
27 51 32
27 51 31
24 53 36
26 52 32
28 53 31
26 53 34
27 54 33
26 52 33
26 52 33
26 52 33
26 53 33
25 52 34
25 51 34
26 53 33
26 52 34
26 52 34
25 52 33
25 54 34
26 51 33
25 52 34
25 51 34
26 51 34
26 52 34
26 52 34
25 53 33
25 54 33
26 52 34
27 52 34
27 53 34
26 53 33
26 53 32
31 53 31
32 51 32
27 54 32
25 52 35
24 55 35
23 55 35
28 53 34
28 52 34
29 54 36
28 53 32
27 51 31
27 53 35
29 54 31
28 54 35
29 53 34
28 53 33
28 51 37
30 54 30
26 54 35
28 53 32
28 50 31
25 53 37
32 55 31
29 53 33
28 52 37
29 54 30
25 55 35
28 53 37
29 55 31
26 54 38
26 52 34
26 52 34
27 52 35
27 52 35
29 52 35
29 53 36
27 55 37
27 51 37
25 52 38
27 50 37
26 50 37
26 51 35
27 53 37
25 53 36
27 53 36
28 53 37
25 54 37
26 53 36
26 52 37
27 54 36
28 52 36
29 52 34
31 41 33
27 60 46
9 62 27
26 49 40
30 37 33
30 37 41
3 63 27
23 50 41
39 44 37
25 45 44
2 63 40
24 50 41
40 38 37
15 49 50
3 63 42
29 37 33
37 44 40
10 53 40
15 57 44
33 36 30
35 38 42
4 54 29
16 50 46
38 29 33
29 42 45
0 49 24
18 46 43
25 48 37
23 47 37
23 48 37
23 50 38
24 52 41
27 49 40
29 52 40
28 52 41
28 51 38
25 52 41
22 49 41
20 48 42
18 47 43
17 44 42
17 43 41
17 40 43
16 42 46
18 41 43
15 46 42
15 48 40
20 48 40
26 45 41
28 44 43
27 40 45
19 36 46
15 39 44
12 40 44
15 62 61
19 41 38
15 42 40
15 44 41
16 42 39
14 41 40
15 41 38
16 43 38
15 41 40
15 42 39
14 42 39
14 40 39
14 41 38
17 41 38
16 40 39
15 41 38
15 41 38
14 40 39
13 40 38
14 39 38
15 40 38
13 40 37
13 40 39
14 40 37
14 39 39
14 40 38
14 40 39
14 39 40
15 41 39
15 39 39
14 41 39
14 39 38
13 39 39
14 40 39
14 40 39
15 39 39
14 41 39
