39 57 42
40 59 39
41 51 36
37 44 35
40 50 37
37 50 39
36 52 41
38 52 42
38 52 42
39 48 38
35 47 38
34 53 44
33 53 43
31 51 44
35 52 45
34 48 43
33 50 43
36 50 44
37 47 44
35 48 45
36 49 44
34 49 44
33 50 44
33 49 46
31 50 45
33 49 45
34 49 46
33 50 45
33 50 45
32 49 45
33 50 44
32 50 45
33 49 45
33 50 44
32 50 45
33 48 45
32 49 44
32 47 45
33 45 45
35 49 48
33 49 49
36 43 47
36 47 45
33 47 43
32 48 44
30 51 44
31 50 44
29 51 45
28 51 44
31 50 45
29 50 44
30 51 43
31 50 42
30 49 43
29 52 43
29 50 43
28 50 43
29 49 44
28 50 44
28 49 44
30 49 43
29 50 42
30 54 42
28 51 41
27 51 42
28 51 39
29 51 37
29 52 42
31 52 40
30 51 40
29 52 40
28 52 39
28 50 39
28 51 38
27 52 38
28 53 38
28 52 38
28 52 38
27 53 38
27 53 36
27 53 37
27 54 33
27 53 32
25 52 31
25 49 30
24 50 29
24 54 24
28 49 26
26 52 27
26 53 27
28 51 27
26 53 26
26 52 28
27 53 28
27 51 30
25 51 30
26 52 31
28 51 31
27 51 31
26 52 29
25 53 29
25 53 29
26 52 29
25 53 29
26 52 29
25 53 29
25 50 29
26 52 28
26 52 29
25 51 29
24 51 29
23 53 32
25 52 33
21 49 34
20 55 31
21 51 31
23 51 33
24 52 33
24 49 35
24 52 36
25 49 34
25 52 33
23 51 31
19 49 32
23 52 29
23 53 31
24 53 29
25 52 29
23 52 28
19 49 30
19 52 29
20 51 31
24 51 30
28 50 30
29 51 30
19 52 29
14 51 29
19 51 29
27 52 29
27 51 31
24 53 34
23 51 31
23 50 31
23 51 31
22 52 29
25 48 31
25 51 31
23 48 38
22 53 32
24 51 33
24 51 30
23 52 31
24 49 35
27 49 29
21 52 31
20 54 28
21 51 29
23 51 36
23 50 34
27 53 35
23 48 33
25 50 33
22 54 33
20 48 34
26 53 34
23 50 35
23 50 33
24 55 34
22 52 31
23 51 32
25 52 33
23 51 32
25 50 33
23 51 32
24 52 31
25 54 33
24 52 31
26 53 30
27 51 32
24 53 33
26 51 35
24 52 36
24 49 37
25 52 33
26 52 35
25 53 33
24 52 35
25 52 35
24 53 35
24 53 34
25 51 34
25 51 33
25 52 33
25 52 32
23 55 38
24 51 36
25 52 39
25 47 39
25 47 44
26 48 42
25 47 41
26 48 44
25 50 42
23 49 43
25 48 42
24 48 43
24 48 42
24 48 44
25 50 43
26 49 42
25 50 41
23 51 41
24 50 39
23 49 39
23 50 40
23 50 38
23 51 39
25 51 38
25 51 39
25 52 38
26 51 37
24 49 37
23 52 41
23 51 41
25 51 41
22 49 39
23 45 40
26 50 38
24 54 34
25 52 28
22 53 28
24 49 29
25 50 24
24 52 26
24 53 29
26 49 27
27 49 28
24 51 29
24 54 29
24 52 31
24 51 32
23 51 33
25 52 33
25 53 32
25 53 33
25 52 33
27 52 32
25 51 33
26 52 33
25 54 33
25 54 33
26 53 32
26 52 33
27 53 34
26 53 32
25 53 32
25 52 32
26 52 32
26 54 32
27 53 32
26 53 32
26 52 32
26 53 33
26 52 33
27 51 33
26 53 33
26 52 33
27 52 33
26 53 34
26 53 33
26 53 32
25 52 33
27 52 32
25 52 32
26 54 32
26 52 32
25 53 33
27 53 32
26 53 33
27 52 32
26 52 32
26 54 32
26 51 32
26 54 31
26 53 31
26 53 32
26 52 31
26 53 32
25 53 32
26 52 33
27 52 32
25 52 33
26 52 33
26 53 33
24 53 34
25 51 35
25 53 34
24 53 35
24 50 36
24 51 35
24 51 35
24 51 33
28 49 36
26 51 37
26 48 37
25 49 38
22 51 38
21 54 39
20 53 38
19 50 39
19 50 39
18 51 40
21 49 42
24 50 40
27 51 39
28 47 37
25 49 40
23 49 41
24 50 42
26 50 41
26 51 43
27 52 39
27 53 39
27 51 38
28 50 38
28 54 39
29 53 37
34 51 39
34 51 37
34 50 39
33 50 34
31 48 35
42 55 39
35 51 46
32 59 49
44 56 30
30 45 51
31 59 39
47 53 33
28 42 48
29 58 37
43 55 28
27 41 48
27 62 41
45 55 26
21 44 49
31 58 37
43 53 32
20 42 55
37 58 33
43 58 28
23 44 49
34 55 39
42 60 28
20 43 56
38 53 35
41 48 41
25 44 52
41 59 32
32 57 22
22 44 55
42 53 36
34 53 18
19 42 38
35 62 41
37 59 40
36 59 28
24 47 25
29 55 50
34 60 29
29 40 18
20 50 63
44 63 18
24 40 26
21 42 58
45 62 34
30 47 10
11 45 62
47 63 45
39 53 14
16 45 62
41 61 46
38 62 18
14 42 48
33 49 53
43 62 26
21 37 26
16 42 59
48 63 45
34 53 23
14 46 57
41 56 45
37 61 22
18 36 38
29 43 57
45 62 28
19 52 19
18 40 56
45 63 43
33 56 18
16 41 55
45 61 44
36 61 17
18 39 52
42 57 47
40 62 22
23 47 27
25 43 56
47 62 42
30 48 28
17 42 49
45 59 47
41 55 26
19 60 43
41 62 42
18 42 23
25 55 33
53 62 37
21 30 36
32 61 44
46 58 31
20 30 52
40 61 34
41 60 31
18 35 45
29 59 41
50 61 32
21 26 50
30 62 38
48 62 22
24 35 45
23 63 42
50 63 27
31 43 40
22 60 43
51 63 28
33 46 37
18 54 41
47 63 29
37 51 28
23 34 51
41 60 32
39 60 28
20 41 45
28 51 42
45 63 31
25 32 35
26 44 51
48 62 43
26 38 39
25 46 52
50 63 34
26 45 40
26 48 49
48 62 37
29 41 38
24 46 49
40 62 40
32 41 37
27 39 48
35 63 40
37 60 38
24 33 40
29 41 49
39 61 37
25 37 38
31 49 43
38 61 41
24 35 34
31 49 49
40 62 39
21 30 32
31 56 44
45 63 38
21 31 32
32 55 36
37 55 37
24 41 33
35 54 38
36 58 33
22 38 37
32 50 39
41 62 34
21 46 36
30 49 38
41 62 32
22 44 39
33 53 38
41 60 31
14 39 46
35 53 38
39 53 33
17 33 49
29 53 39
48 61 31
20 39 47
24 56 44
51 63 33
16 36 46
22 49 46
56 63 34
28 36 41
24 50 42
50 63 35
27 39 39
23 56 46
48 62 35
34 45 41
24 45 43
46 61 40
38 49 41
20 41 43
45 60 42
35 61 37
13 58 27
36 49 41
35 62 40
18 55 35
32 53 42
47 62 37
25 37 41
29 52 46
50 62 38
24 38 41
27 58 45
46 63 30
30 50 37
20 51 42
46 63 36
35 42 39
25 37 46
38 58 39
39 51 36
22 29 49
34 51 49
41 62 39
26 35 43
29 48 50
41 62 39
24 34 40
29 49 49
42 61 39
25 40 38
26 49 51
43 63 36
25 39 37
28 48 48
41 63 40
27 43 37
30 44 45
39 63 42
29 48 37
29 49 45
36 63 46
35 57 35
25 29 36
32 59 44
38 62 40
23 31 35
32 49 45
41 58 44
26 30 33
29 49 44
39 62 43
28 33 28
28 48 41
42 63 45
31 45 26
28 48 37
41 63 41
30 45 28
28 42 41
42 63 39
31 45 28
29 51 37
38 63 35
33 51 28
25 45 38
37 63 33
33 45 31
25 41 38
33 63 38
33 53 33
27 42 38
37 63 37
33 55 32
22 39 39
42 62 36
34 52 34
18 40 37
37 57 35
50 63 32
20 47 31
25 52 38
50 53 30
35 48 35
22 37 42
43 62 40
45 50 30
16 41 46
34 57 38
48 63 29
22 40 45
33 49 39
49 62 33
23 37 48
33 52 39
47 56 31
25 36 45
29 50 42
47 62 32
37 43 39
27 36 44
44 63 31
36 47 38
27 42 49
39 58 33
38 56 35
20 37 51
35 55 41
47 57 33
20 40 48
28 55 44
48 62 27
32 38 39
27 55 43
47 63 34
35 40 39
25 46 47
39 48 42
41 62 37
20 36 45
33 50 45
54 54 45
26 39 43
25 52 48
52 63 38
29 37 43
26 52 51
44 62 37
35 45 36
26 34 53
36 54 39
43 57 38
23 33 48
35 59 46
41 56 32
17 40 50
30 50 50
46 63 36
25 32 42
25 38 47
45 63 40
27 45 38
26 44 46
40 63 42
28 43 35
27 46 47
40 63 45
28 40 34
29 46 42
38 63 46
32 43 37
26 39 35
33 53 46
40 59 39
23 35 34
30 47 43
40 62 43
27 33 27
29 47 41
40 63 50
32 42 29
27 52 36
38 61 46
33 47 33
26 39 34
40 62 45
35 53 30
27 44 34
35 62 36
34 54 30
26 38 35
35 63 33
36 52 33
21 32 38
32 50 37
45 63 34
25 42 37
28 52 36
45 63 37
20 46 36
30 51 41
48 60 32
27 42 41
26 44 42
48 63 37
34 41 33
24 43 46
43 63 39
36 43 37
23 32 52
37 59 42
44 57 34
26 38 50
30 56 46
46 59 33
28 38 48
23 49 40
47 63 40
33 44 40
24 46 41
44 60 38
32 47 40
24 40 42
39 61 44
40 55 34
21 34 53
32 58 44
43 62 32
23 37 40
30 52 45
42 62 47
31 46 42
19 37 47
36 61 48
38 54 36
21 23 44
36 62 48
35 50 34
22 35 46
34 60 46
39 62 39
22 37 41
30 50 52
39 54 39
23 40 38
28 48 48
37 63 40
25 35 37
28 43 42
38 63 45
22 32 33
26 42 41
40 63 43
28 42 32
23 47 38
39 63 40
26 44 31
25 46 42
40 63 38
25 47 34
24 48 40
41 63 38
26 45 37
25 52 42
46 62 31
31 57 37
23 39 42
43 62 37
32 50 34
19 38 46
32 51 41
46 59 34
18 28 47
27 56 50
46 62 34
20 38 42
28 53 45
46 63 37
22 37 40
25 53 45
44 63 38
31 42 38
26 39 45
44 63 39
32 45 38
25 39 47
39 62 43
37 53 29
19 36 49
28 54 43
43 63 34
28 39 35
28 42 46
38 60 43
33 46 39
21 41 46
36 63 45
31 45 39
25 46 44
35 62 45
31 44 37
24 34 41
35 62 43
32 52 38
26 38 41
34 62 48
34 58 36
24 37 37
29 41 48
39 63 43
22 31 35
29 42 41
39 63 47
28 36 31
26 49 37
38 59 50
32 51 34
23 52 32
33 48 49
36 54 35
21 38 37
32 58 41
33 51 37
26 43 34
33 58 40
36 62 40
20 35 35
33 48 40
39 62 39
20 43 36
25 48 41
42 63 38
24 47 33
22 48 42
41 63 35
33 47 33
21 34 38
37 63 40
32 44 38
22 45 44
43 62 38
36 45 39
22 49 46
33 52 46
43 62 37
17 31 47
32 48 45
49 63 37
20 32 41
26 54 42
45 63 38
24 35 38
29 43 48
42 62 41
36 50 34
22 32 50
32 57 42
43 60 35
17 31 47
29 50 44
45 63 37
34 48 31
24 36 47
28 61 45
42 63 31
21 31 41
25 48 44
47 63 38
27 42 39
21 44 45
42 61 41
38 46 39
23 32 44
31 58 47
46 63 34
22 33 39
25 56 44
45 63 37
31 50 32
26 31 47
31 55 45
42 63 32
20 35 35
26 54 44
44 63 36
29 42 34
26 47 42
38 62 41
38 58 31
19 29 43
29 59 44
43 63 33
22 34 38
26 52 46
44 63 38
32 48 38
25 40 43
42 57 44
40 54 36
23 31 41
33 53 49
44 63 35
25 47 35
26 52 45
41 61 42
34 53 33
18 34 50
32 62 48
42 57 32
19 35 47
35 62 40
37 60 34
22 40 41
30 61 46
41 59 33
21 37 43
26 47 44
44 63 36
33 51 37
21 45 41
36 63 44
35 52 34
19 38 39
31 62 41
41 62 36
23 39 37
26 38 45
40 63 38
26 50 36
26 48 42
36 63 44
30 37 32
27 34 37
31 60 45
35 62 36
25 35 37
29 47 45
40 63 45
29 45 31
27 50 38
36 63 41
32 59 35
24 37 32
34 61 43
38 61 42
21 31 30
30 45 47
41 63 45
20 28 30
29 48 43
39 63 47
27 39 29
29 55 31
37 53 48
33 52 28
25 41 38
36 57 40
37 60 36
24 35 32
30 44 39
39 62 37
23 39 33
29 47 41
39 63 36
21 40 36
27 45 36
40 63 39
24 51 32
25 49 37
40 63 36
29 47 33
23 46 38
34 63 38
30 48 32
23 39 39
34 63 40
35 52 32
23 40 38
27 49 36
43 63 36
25 45 34
24 49 38
43 63 37
35 48 35
11 35 47
30 54 43
47 61 35
25 50 36
25 44 40
46 62 36
26 43 41
25 51 40
44 61 39
34 49 33
23 43 47
38 63 39
38 59 33
19 43 38
25 52 43
49 63 41
29 42 36
21 45 45
43 62 42
35 51 34
27 42 46
39 53 42
42 58 35
19 36 43
30 49 44
46 63 32
23 32 37
25 56 46
45 63 34
28 38 38
28 40 47
38 61 42
42 63 32
21 33 39
29 50 43
41 62 44
30 50 37
21 44 49
39 63 41
30 44 37
20 47 44
40 63 39
30 46 34
20 47 43
37 63 42
35 48 33
19 36 40
32 61 44
38 61 33
19 33 35
31 60 44
40 61 37
26 48 34
26 50 41
37 63 42
31 41 35
26 38 38
31 62 44
35 61 36
25 38 35
29 46 43
36 62 40
27 39 33
29 47 40
36 63 45
33 48 34
26 42 34
33 57 42
38 62 42
21 29 30
32 61 43
42 63 49
27 38 30
25 46 39
42 63 45
28 47 32
25 47 32
36 63 41
31 44 32
24 47 35
36 63 39
31 44 32
25 45 36
39 63 42
31 52 34
15 45 39
36 57 37
39 51 37
20 37 45
30 58 39
48 62 32
27 43 40
22 52 43
46 63 40
32 46 33
21 37 48
36 51 42
42 62 34
18 28 43
31 54 47
47 63 36
23 33 39
25 55 39
46 63 36
30 41 39
24 54 41
40 63 40
35 55 34
16 30 50
28 55 43
40 63 37
28 37 38
25 45 48
44 62 38
29 40 38
25 45 44
41 63 37
26 42 36
28 46 45
41 63 38
26 44 34
27 45 46
39 63 44
29 43 32
26 45 39
35 63 50
33 53 32
23 39 35
30 51 46
42 63 41
23 33 27
27 52 41
43 63 42
27 40 27
25 49 38
40 63 39
23 35 34
26 45 38
37 63 38
29 48 28
27 49 36
35 63 36
32 49 29
25 46 36
34 63 36
35 49 28
22 42 36
30 54 39
38 60 33
22 36 36
31 54 41
41 62 32
23 39 36
27 50 37
43 63 34
27 44 31
23 45 38
43 63 35
32 45 33
19 39 40
36 62 39
40 51 28
17 39 40
28 53 38
44 61 34
28 47 34
29 48 43
39 62 36
34 48 35
21 44 45
38 62 39
41 52 37
17 41 46
31 53 44
48 63 34
21 35 42
26 53 43
45 63 37
31 41 41
22 50 38
41 62 37
35 52 33
20 35 45
37 57 40
41 58 33
21 40 42
27 59 39
41 62 34
36 56 34
26 36 51
30 53 46
42 63 24
20 35 37
26 42 39
36 62 43
39 62 40
23 51 23
23 46 43
42 63 37
29 40 26
21 46 50
39 63 43
35 46 22
16 44 51
34 61 43
44 61 30
26 43 28
22 43 52
38 63 45
35 62 26
17 34 48
31 53 44
41 62 34
18 33 33
26 62 41
37 58 34
20 32 29
28 61 42
35 57 36
23 35 34
33 59 44
36 59 36
19 43 35
31 52 44
46 63 40
22 48 30
19 51 43
33 62 44
37 63 35
14 35 43
25 50 40
48 63 42
30 42 36
20 47 45
36 61 45
38 56 32
12 25 51
31 50 46
46 63 35
24 35 42
21 50 43
44 63 41
34 41 37
25 35 43
31 54 47
43 61 37
20 29 44
28 49 44
47 63 37
25 43 42
23 53 43
41 62 43
35 54 32
16 36 53
33 54 45
42 61 43
23 32 38
25 48 47
42 62 37
24 34 43
26 51 45
38 63 39
30 42 36
24 45 44
35 62 42
32 48 36
24 37 41
32 62 43
36 59 35
22 35 38
33 61 42
39 62 39
23 41 33
30 50 45
37 63 44
24 43 29
24 50 41
39 63 48
30 47 33
22 46 35
30 60 43
37 59 31
24 34 34
28 57 37
34 58 34
24 38 35
29 60 38
36 62 35
21 38 34
31 53 39
38 61 38
18 43 34
30 50 44
40 62 32
19 39 41
25 47 40
45 63 32
27 40 41
23 48 40
34 63 41
39 51 35
18 41 45
31 47 45
46 63 38
25 44 35
23 49 42
43 63 38
31 47 36
23 41 41
31 62 41
42 61 32
16 41 45
28 49 42
45 63 34
25 42 32
25 50 46
38 62 43
33 54 21
12 29 33
28 53 38
39 63 39
36 60 33
22 43 24
27 49 39
44 63 26
26 33 18
22 56 40
43 63 25
17 35 25
25 60 37
53 63 30
32 51 39
11 33 31
39 63 33
39 57 28
15 36 50
35 63 37
47 62 30
13 36 40
28 41 49
49 63 31
21 35 32
22 58 42
25 50 41
31 61 40
32 47 36
28 43 38
27 51 44
16 47 42
12 49 48
21 46 50
27 48 44
31 44 42
22 48 39
15 47 43
19 45 46
27 45 45
33 50 44
22 50 40
13 47 44
22 44 47
32 52 42
25 49 41
16 45 44
21 43 46
28 51 44
28 47 43
21 45 41
20 44 44
24 50 47
26 49 47
31 50 46
24 48 43
21 47 46
29 46 46
33 50 44
22 49 42
20 47 49
23 49 49
31 56 44
35 48 44
28 51 39
29 49 36
28 42 40
30 54 33
41 55 37
23 42 48
36 56 39
39 61 28
14 42 47
34 51 44
47 60 26
17 41 43
27 49 50
40 61 37
30 50 18
24 45 39
32 56 35
38 63 37
31 53 26
19 35 31
37 63 35
36 41 16
23 48 38
41 63 27
21 41 20
24 57 37
57 63 29
25 50 42
14 38 29
49 63 27
30 43 32
19 46 45
40 63 33
36 54 25
8 40 47
42 63 37
38 50 27
2 33 45
25 51 43
30 63 42
39 50 36
27 46 37
18 48 42
10 47 46
19 47 50
31 46 45
30 51 41
14 46 40
13 45 44
30 47 44
32 51 45
22 48 41
11 46 44
25 45 46
34 52 44
26 49 41
15 47 42
19 43 47
30 51 45
30 49 42
18 45 41
18 46 43
21 46 45
24 45 46
24 47 44
24 47 46
25 47 46
26 48 46
26 46 45
25 42 38
31 54 55
14 20 32
25 48 57
24 44 45
23 44 44
24 49 45
26 50 44
28 49 41
27 52 39
28 53 41
28 49 42
30 51 38
29 48 40
32 53 42
30 47 43
29 54 48
29 46 46
30 45 45
27 53 44
25 48 42
28 47 45
28 47 45
30 51 45
30 51 43
29 50 44
27 48 44
27 49 42
27 49 44
28 51 43
27 50 43
26 50 41
25 52 42
25 52 41
27 49 41
27 50 41
27 51 41
27 51 41
25 51 41
25 51 41
24 49 42
24 51 43
25 48 44
25 48 44
24 48 44
25 48 44
26 50 44
26 51 45
24 51 46
23 51 47
24 50 45
29 46 39
31 44 36
35 38 46
15 36 47
31 63 49
29 50 41
29 53 43
30 54 44
29 54 42
28 52 42
30 48 44
29 49 44
30 47 45
30 47 44
32 49 45
30 48 45
31 48 45
30 49 44
29 49 44
31 51 46
29 48 45
31 48 45
30 50 46
30 48 45
31 50 45
30 49 44
31 48 45
31 47 45
31 49 45
31 49 45
31 49 45
32 49 44
30 50 44
32 50 45
