16 45 34
16 44 35
15 44 36
14 44 36
14 43 36
15 44 37
16 45 35
14 44 36
16 45 36
14 44 36
13 45 37
12 47 38
15 48 38
18 51 38
25 51 41
30 51 43
32 50 41
32 50 42
32 49 40
31 51 43
32 50 40
30 50 38
29 50 37
28 50 35
23 51 38
20 49 38
20 48 41
19 51 42
23 51 44
25 50 39
25 51 39
26 55 42
28 60 38
28 53 37
29 57 38
34 54 41
35 48 45
36 43 48
38 39 45
37 34 55
40 43 47
39 43 49
35 52 51
35 51 39
35 50 43
33 48 43
33 50 43
33 56 50
27 43 56
34 42 42
34 41 46
38 51 46
32 46 49
30 48 45
34 44 49
34 45 51
34 41 50
31 36 53
35 44 50
32 42 55
30 43 49
32 48 48
36 45 46
37 38 49
31 47 52
29 45 50
28 47 54
27 38 52
33 34 46
35 38 43
32 49 43
25 53 40
25 55 43
22 52 42
22 50 42
19 52 40
16 54 40
18 57 41
21 54 39
27 50 39
32 49 42
35 47 42
38 47 41
38 50 41
36 49 40
38 52 40
35 54 38
30 54 37
28 52 38
26 50 38
22 48 38
20 52 39
24 50 40
23 55 41
26 52 40
24 51 39
27 52 39
26 51 40
25 51 38
26 52 40
24 51 39
23 52 38
24 54 39
27 56 34
30 56 32
37 53 32
40 52 38
40 51 40
40 48 42
37 49 40
35 52 41
33 49 43
37 56 39
41 51 35
37 50 33
35 48 33
34 49 31
37 57 30
36 51 23
37 54 31
37 52 30
38 54 28
37 50 32
38 54 31
37 53 30
38 50 33
38 51 39
36 51 37
36 51 38
40 55 43
37 50 41
36 49 41
38 50 45
36 49 44
36 49 44
36 49 45
36 49 45
36 49 44
38 47 45
37 50 44
36 49 44
35 47 43
37 49 44
36 49 43
36 48 44
36 51 45
36 49 43
35 49 44
36 50 44
36 49 44
35 48 44
36 49 45
37 49 44
36 50 44
36 50 44
36 50 45
35 47 45
36 49 47
35 47 45
35 46 45
34 45 48
34 50 48
36 48 45
38 49 44
40 50 39
41 48 38
42 55 38
37 56 35
36 52 32
39 50 35
38 52 34
38 52 37
37 50 37
35 50 40
33 56 40
31 53 38
31 53 41
29 52 43
29 53 41
25 50 39
20 54 40
19 58 43
23 53 43
28 47 47
35 39 51
39 40 51
40 49 49
35 48 43
37 51 44
32 43 49
30 45 50
27 43 53
24 43 49
22 39 47
25 39 47
22 42 49
25 41 52
25 37 53
22 40 49
23 37 52
25 36 48
23 37 52
23 37 48
24 36 51
24 37 51
24 35 50
23 35 49
23 36 49
23 35 52
21 36 50
23 35 51
23 35 50
23 37 49
22 35 49
23 36 51
24 37 50
24 35 50
23 36 49
22 35 50
23 35 50
24 36 51
23 35 51
24 35 51
22 35 50
22 36 52
24 35 50
23 34 49
21 36 49
22 36 51
22 36 49
21 38 50
20 40 49
21 43 51
25 44 47
31 44 43
33 46 46
35 46 44
37 48 44
39 52 45
39 52 40
38 55 33
35 54 31
35 53 26
35 51 25
36 55 28
35 53 27
34 49 27
34 51 27
33 50 27
30 52 26
30 51 24
30 51 23
29 53 22
29 52 23
30 51 25
29 53 23
28 52 22
29 54 22
30 52 23
29 51 24
29 53 23
30 52 24
27 53 24
27 51 25
29 52 29
32 51 32
31 54 32
31 55 30
31 54 30
31 53 33
32 55 33
35 61 30
30 33 37
33 62 24
30 47 20
26 44 41
42 63 15
34 51 21
25 48 42
46 63 11
27 30 29
31 58 39
44 56 16
24 27 40
38 62 20
32 40 20
27 48 40
40 63 13
31 45 30
29 48 37
47 63 12
28 30 31
31 61 29
41 60 15
28 41 41
41 63 14
31 31 26
30 49 41
46 63 7
26 30 35
35 62 23
38 49 22
31 51 38
46 62 12
27 29 38
40 62 13
30 32 28
34 52 28
40 57 17
30 49 38
42 63 11
26 31 35
36 62 19
37 49 23
28 49 38
46 63 14
23 31 39
29 63 36
40 63 31
43 62 26
27 39 27
6 45 36
27 57 33
55 49 28
17 51 39
15 56 28
52 62 30
38 54 38
0 30 43
22 44 36
54 53 29
21 53 35
12 54 31
45 62 32
40 51 38
0 53 44
20 51 34
55 61 33
37 50 39
0 48 39
25 44 41
49 59 32
26 55 34
5 58 36
44 60 36
47 48 36
1 51 39
20 58 35
54 63 30
37 48 37
0 49 46
25 54 28
59 62 31
25 41 40
9 57 35
46 52 35
44 55 38
0 55 42
19 45 39
58 62 25
27 51 34
18 58 30
45 53 29
28 49 38
30 49 34
30 61 34
26 50 43
35 63 25
17 22 33
31 62 29
31 50 26
26 52 41
38 63 20
23 24 33
31 47 26
32 54 26
24 53 40
37 63 21
28 36 34
27 55 31
34 55 24
23 41 40
38 63 19
20 27 35
28 55 23
28 59 25
24 49 39
38 63 15
19 30 30
18 51 28
21 56 21
26 59 24
27 54 27
26 50 30
23 47 32
23 50 30
23 50 32
25 49 30
24 50 28
24 49 29
23 50 28
26 52 30
25 51 31
21 54 29
19 53 30
24 53 29
25 52 32
24 55 31
25 52 31
24 53 33
26 53 35
29 52 38
32 55 35
33 59 32
33 60 35
22 39 41
38 63 14
29 46 24
27 54 43
40 63 10
26 39 29
29 49 41
43 63 15
21 23 43
36 62 11
26 40 21
25 52 40
46 63 5
26 30 37
30 62 23
32 56 18
22 38 42
41 63 5
23 27 35
29 62 21
32 57 18
24 34 39
35 63 16
29 36 32
28 56 36
34 54 25
25 34 38
39 63 19
25 37 30
28 58 32
32 55 22
18 34 43
44 63 12
24 34 30
25 52 31
38 62 18
20 18 35
28 56 19
28 38 19
23 56 39
40 63 14
22 26 32
24 52 37
40 63 18
19 27 36
35 63 24
27 34 21
25 53 35
40 63 20
22 25 34
37 63 22
26 45 26
27 55 37
37 60 19
21 29 37
40 63 19
27 40 29
26 55 37
35 63 20
22 25 36
31 62 25
34 55 20
23 41 37
36 63 13
22 25 35
28 62 27
29 43 28
24 48 31
30 60 29
31 54 33
12 48 34
36 39 30
55 61 19
21 48 33
10 55 36
57 61 16
13 34 41
31 48 25
31 51 26
29 61 33
29 57 26
26 53 32
21 51 29
22 60 27
24 52 31
23 52 33
28 52 30
30 49 29
31 50 27
32 53 30
29 58 33
27 50 34
25 56 35
25 54 34
28 55 35
27 48 39
29 53 35
27 53 33
29 50 34
31 54 34
31 53 33
32 55 32
30 56 33
29 54 33
30 51 32
29 53 35
28 52 34
27 54 30
26 53 30
24 53 29
24 52 34
27 55 34
30 54 37
32 51 35
27 55 33
24 51 34
24 53 34
24 52 34
25 51 37
26 52 37
26 52 38
24 53 40
26 57 38
26 50 40
30 47 41
34 50 36
38 38 33
12 53 35
8 62 37
49 54 30
36 52 41
0 43 46
31 50 32
55 47 30
0 52 45
23 46 32
53 51 27
6 57 42
16 46 34
61 62 21
36 44 39
3 48 40
37 55 26
44 55 32
0 39 45
30 54 32
50 60 28
2 45 43
23 57 31
58 62 19
21 53 41
15 49 31
53 60 18
29 49 35
14 53 38
43 63 9
25 37 38
25 55 38
39 62 14
21 37 45
27 48 33
40 60 13
22 42 43
29 61 14
32 45 28
21 51 39
37 61 7
22 40 40
33 62 26
34 58 23
22 41 47
30 54 16
26 34 25
20 53 35
39 63 9
25 44 34
34 56 28
31 61 26
26 49 48
30 50 12
30 60 23
25 56 45
34 62 9
24 36 33
33 60 24
37 50 16
25 42 45
27 54 12
26 55 27
23 53 45
37 58 8
24 38 33
26 49 32
38 57 11
27 39 32
31 47 26
40 59 11
21 50 48
30 59 8
27 46 36
24 42 37
37 59 13
25 42 32
33 51 29
42 57 13
23 41 47
31 61 14
33 52 23
21 42 47
37 59 7
23 34 27
25 51 33
38 59 15
21 44 40
36 59 13
27 37 22
24 49 35
38 60 10
23 39 38
31 54 26
36 47 16
22 35 42
35 63 10
32 57 27
21 52 36
37 62 8
27 48 40
32 55 25
33 59 23
24 44 39
40 63 12
29 36 32
21 50 32
40 62 9
25 43 36
29 61 20
32 58 27
17 49 29
14 44 18
21 62 22
27 58 24
31 51 25
29 44 30
26 49 32
26 51 31
23 53 32
23 53 31
24 54 30
24 54 27
25 52 29
27 53 29
24 54 30
24 51 31
25 55 32
24 52 33
26 55 34
28 54 36
30 54 35
33 61 26
29 43 28
27 40 43
46 63 11
20 24 35
36 55 35
40 62 19
20 21 43
38 63 21
33 52 23
25 57 39
39 63 8
28 37 29
26 52 41
48 63 3
24 24 40
35 63 16
33 36 26
30 51 35
46 59 11
26 31 41
34 62 16
33 41 23
28 49 36
46 62 11
25 30 41
41 63 9
29 35 36
30 60 28
34 52 23
31 55 32
41 62 11
24 31 37
39 63 20
33 51 25
29 58 40
47 63 10
29 38 33
31 55 33
48 61 15
24 28 34
31 58 27
44 61 18
27 39 42
42 63 7
27 30 36
34 59 26
38 55 23
27 52 37
34 62 23
25 52 38
33 63 32
39 59 25
28 38 23
8 27 37
29 57 28
53 53 27
0 49 47
39 50 18
19 40 34
24 49 26
26 41 33
33 62 27
28 62 31
27 52 30
23 52 33
25 53 24
27 53 29
31 51 29
34 49 27
31 54 28
25 55 29
26 55 30
29 54 31
28 55 31
30 53 29
29 53 27
30 52 28
28 52 28
29 51 28
30 54 30
29 53 32
31 54 28
32 55 30
30 53 33
29 53 29
29 53 28
28 52 28
27 53 30
26 53 32
25 52 33
25 54 33
28 54 31
29 51 35
28 53 32
27 53 33
25 51 34
25 52 34
25 53 34
27 50 37
27 51 37
24 53 40
24 52 42
26 53 39
27 50 38
28 50 40
33 48 39
36 44 36
20 54 30
10 54 38
29 54 41
56 53 29
6 51 48
15 50 34
61 63 24
33 48 43
9 51 39
39 52 33
44 46 33
11 55 43
12 49 34
61 63 22
11 47 45
22 48 37
46 60 28
14 47 37
26 39 22
30 60 30
25 57 34
25 56 32
23 43 30
25 50 29
24 60 29
25 51 28
24 52 30
23 52 27
23 53 29
24 53 31
22 53 32
23 54 35
26 55 33
30 54 35
30 53 35
31 58 30
28 40 38
32 51 44
42 63 21
16 16 39
34 61 31
43 62 20
19 23 43
34 61 26
35 50 26
24 32 40
38 63 15
29 43 28
30 56 40
40 63 13
26 41 30
25 43 40
42 63 11
26 29 34
30 56 34
42 61 20
26 31 38
39 63 17
32 41 29
31 54 38
41 63 15
23 32 31
32 59 38
49 62 22
27 33 41
33 62 27
32 47 19
23 36 40
39 62 26
38 47 23
26 43 36
32 62 30
38 57 20
26 28 43
32 63 22
33 49 25
25 34 39
38 63 20
35 46 27
30 48 38
43 63 15
29 33 33
32 53 31
42 60 19
29 36 37
38 62 18
34 41 28
32 49 38
45 62 15
27 36 42
36 63 11
40 56 20
24 37 39
42 63 12
29 38 37
36 62 25
33 44 26
29 50 35
45 63 12
24 27 40
35 63 18
31 42 27
32 53 33
44 62 16
26 34 40
33 62 19
34 48 32
30 54 35
42 58 20
21 38 38
28 63 28
34 62 31
36 51 30
32 49 27
12 36 35
22 57 27
61 63 23
31 49 33
2 45 34
28 54 33
54 50 25
19 50 35
4 60 34
44 61 30
50 49 34
0 51 38
21 52 35
62 63 22
21 45 37
12 57 37
52 59 24
43 53 30
2 49 39
31 61 22
42 55 34
19 49 40
33 48 36
46 63 30
29 46 31
27 56 42
40 63 19
23 24 35
33 63 31
29 46 32
28 50 38
39 63 26
23 39 34
32 54 32
39 59 26
27 43 39
35 59 23
34 47 28
27 42 32
39 63 18
30 37 32
29 45 40
47 63 11
33 49 33
30 48 35
47 63 14
24 27 43
32 60 25
19 47 29
25 53 23
35 63 27
32 51 29
30 47 27
26 51 31
24 52 29
24 54 30
25 53 29
24 52 34
23 53 33
24 53 33
23 53 34
24 54 34
26 56 35
30 54 36
30 52 34
34 60 31
31 41 35
32 54 39
41 63 18
25 32 35
37 49 40
50 63 16
24 32 38
30 56 34
48 63 19
25 24 44
31 58 32
41 62 23
26 32 45
39 63 23
26 47 40
33 60 36
37 55 31
30 49 30
8 39 37
24 55 34
58 61 23
34 49 36
0 48 46
28 53 29
59 58 25
20 58 40
12 63 37
49 50 38
50 46 33
4 53 43
12 58 36
49 56 34
48 49 34
0 51 44
26 56 37
62 63 26
16 50 44
17 48 37
51 62 35
11 42 38
45 57 29
34 49 39
17 43 41
34 53 37
45 56 35
41 59 26
29 46 42
40 59 31
33 51 24
32 40 37
46 59 30
35 47 24
27 43 44
52 63 9
19 30 37
29 56 43
44 61 31
43 50 29
37 54 33
34 54 35
30 49 37
32 55 34
31 54 36
34 53 37
34 49 39
31 51 38
35 48 39
30 54 39
28 55 36
30 54 35
32 53 33
33 52 33
32 54 33
33 52 34
32 51 34
31 54 35
28 53 34
29 52 33
26 52 34
28 52 33
26 52 34
27 52 37
25 53 38
26 51 41
28 50 41
30 50 39
28 51 37
30 53 35
25 49 35
24 50 39
23 51 40
23 55 40
23 50 40
24 51 41
24 50 40
24 50 40
23 50 38
23 52 39
20 50 41
22 50 39
23 50 39
25 50 40
27 50 41
28 49 40
27 52 39
28 51 41
27 52 40
29 50 41
27 51 42
27 51 41
27 51 41
25 51 40
26 51 41
25 49 41
25 49 42
26 49 42
26 49 42
24 50 43
26 50 42
25 50 40
26 50 41
