12 43 34
13 43 34
13 42 34
13 41 34
15 42 36
15 42 35
12 42 36
13 44 38
15 44 38
17 47 39
17 47 38
20 48 38
19 48 39
22 48 39
24 47 39
24 50 39
24 51 36
22 54 35
24 52 37
27 51 36
30 51 39
31 49 39
32 51 37
32 52 37
32 53 34
29 54 38
24 51 40
21 48 40
21 50 41
21 51 42
20 50 43
22 49 41
24 50 40
25 50 43
23 50 45
24 46 44
19 48 42
17 49 40
17 52 37
20 56 34
28 55 33
37 52 33
43 49 41
39 49 44
35 49 41
32 52 40
29 55 41
27 52 38
30 52 35
31 51 36
31 54 37
31 55 37
30 53 36
32 53 37
33 53 38
33 52 39
32 52 38
31 54 38
33 53 38
35 55 38
32 54 37
30 51 37
30 52 38
31 49 44
33 48 41
30 55 44
32 50 44
33 39 48
34 55 42
31 44 46
34 53 40
31 50 44
34 49 41
36 52 41
33 45 47
30 50 55
31 49 42
31 47 42
33 43 47
32 37 50
33 39 50
30 44 54
29 39 55
31 38 50
27 39 52
27 40 51
26 39 56
29 42 49
36 35 47
39 43 45
33 52 40
24 58 41
26 55 41
23 51 42
21 51 42
21 49 43
16 55 42
16 58 41
19 54 42
30 52 34
38 44 39
39 44 39
39 43 39
39 51 36
39 56 40
40 52 31
39 51 31
40 54 25
37 52 33
38 52 29
38 54 32
37 49 35
36 48 41
37 49 44
36 47 44
36 50 46
35 47 46
35 46 47
36 46 47
35 48 48
37 44 46
36 46 48
36 45 48
35 44 48
36 45 49
36 46 48
36 45 48
35 46 48
35 46 47
35 47 49
35 45 48
35 45 48
35 46 47
34 45 47
34 45 48
35 47 49
36 45 49
36 45 49
35 46 47
33 44 45
36 47 49
34 45 46
33 44 48
36 48 49
38 52 39
38 56 35
37 54 33
37 52 32
36 53 33
37 54 33
36 51 31
38 52 32
37 54 33
37 53 31
38 52 32
37 53 33
38 54 33
36 52 33
37 53 33
38 54 33
36 52 35
38 53 32
37 53 33
38 53 32
38 52 33
38 52 33
37 52 31
37 53 29
38 54 27
36 49 32
39 54 29
38 53 29
38 52 29
39 52 30
37 50 28
38 53 27
39 54 28
37 52 28
38 54 30
39 52 30
40 55 34
37 51 41
38 49 40
38 51 45
37 50 47
34 48 47
35 45 47
35 47 49
35 47 49
34 45 48
34 45 48
34 45 49
35 45 49
35 44 49
35 45 48
34 44 49
35 45 48
35 45 50
35 44 49
35 45 49
33 44 49
35 44 49
33 41 48
34 43 51
33 51 49
38 52 41
37 52 36
35 53 33
36 53 31
36 53 33
37 54 34
37 53 32
36 53 32
36 52 32
34 54 31
31 54 32
31 55 29
33 52 29
32 53 32
34 52 32
31 54 32
32 52 33
34 54 32
33 53 33
35 53 32
33 54 32
33 54 36
33 54 42
31 51 44
32 50 47
30 48 48
29 47 45
25 43 48
26 40 48
24 40 48
22 39 52
27 37 53
26 39 48
25 38 51
25 39 53
24 39 50
26 38 52
25 38 50
24 36 50
25 37 50
24 38 51
26 36 50
25 38 52
25 36 50
24 37 49
25 37 51
25 36 51
24 37 52
24 36 51
25 36 49
25 36 51
23 36 50
24 36 51
23 37 50
17 44 51
19 43 49
26 44 50
31 47 46
36 47 42
39 48 39
41 50 36
40 53 34
37 56 35
35 57 32
30 54 35
31 51 29
32 53 30
32 53 29
33 53 28
34 50 25
34 50 25
36 48 23
33 48 24
33 51 19
31 52 20
29 51 17
31 49 19
31 50 20
29 50 20
29 51 20
29 50 19
28 50 20
28 51 21
31 51 22
32 51 26
30 50 25
27 52 23
28 51 27
29 56 29
32 54 31
33 52 32
33 54 31
35 55 31
36 50 28
36 52 27
37 50 30
36 62 21
27 35 30
40 52 33
42 61 15
27 37 37
37 62 18
34 48 20
31 44 39
38 61 14
30 38 23
30 51 39
42 63 5
29 33 32
37 62 22
36 49 19
25 38 43
38 63 11
27 37 23
25 51 38
41 63 3
26 29 35
32 58 24
36 55 14
22 29 42
31 62 15
32 42 21
24 51 44
39 63 6
28 38 28
23 48 40
37 63 6
28 41 28
23 50 42
40 62 9
24 32 34
28 60 23
32 51 18
21 43 42
36 63 5
23 29 34
24 59 26
36 54 17
26 47 40
40 63 5
25 32 35
28 62 21
31 41 19
22 47 40
43 62 6
22 30 39
33 63 12
27 28 33
27 61 23
39 61 13
22 38 37
37 63 12
26 33 35
34 58 24
31 53 21
20 43 47
43 63 9
26 44 32
26 57 35
36 61 17
22 39 41
29 62 28
40 55 21
33 55 28
19 37 36
16 51 34
30 51 33
56 62 25
25 51 35
1 51 35
41 55 30
46 56 38
12 49 35
9 53 34
58 60 27
33 52 38
0 52 36
46 53 36
53 45 35
4 53 39
16 51 39
63 63 23
33 53 35
6 51 41
35 45 28
58 51 34
14 49 46
18 49 34
56 61 28
44 45 44
4 52 43
37 52 35
52 49 35
18 54 44
12 53 33
57 56 27
31 49 43
11 54 36
50 56 30
36 56 45
0 50 49
21 59 30
60 62 33
25 54 34
5 51 37
44 58 31
43 53 38
0 50 41
16 60 35
63 63 26
20 53 34
4 60 37
41 58 32
48 46 35
0 48 43
20 60 33
57 60 26
41 47 38
6 54 35
39 58 36
46 45 34
0 52 39
28 49 34
49 56 34
4 51 37
48 51 25
16 53 45
29 47 32
36 59 31
19 44 30
19 46 28
27 56 29
25 57 32
23 50 34
23 53 29
20 55 28
21 52 29
20 51 29
21 50 31
22 49 30
24 49 32
24 49 31
23 49 31
23 50 31
24 51 32
22 51 31
21 51 31
20 53 31
23 52 31
25 50 33
24 52 33
21 51 33
22 53 36
27 56 34
28 54 34
29 57 32
30 52 29
23 18 42
34 60 26
28 52 25
21 24 42
34 61 18
30 42 27
22 49 40
39 63 6
28 42 33
26 50 39
39 62 14
25 25 39
31 60 21
34 53 22
22 42 43
36 63 7
27 39 31
25 50 38
41 63 4
25 35 39
29 63 18
30 39 26
26 45 33
41 60 15
25 33 39
31 62 17
28 41 25
26 48 34
44 62 15
24 31 39
36 63 12
28 35 33
30 57 29
36 58 17
26 46 36
37 63 13
24 31 36
33 59 27
34 60 20
25 32 43
34 63 11
25 44 28
27 51 33
40 63 11
29 35 34
31 60 27
41 63 10
23 23 40
29 61 23
33 55 22
22 33 40
34 63 11
30 43 30
26 52 34
41 62 14
22 26 40
29 59 27
35 51 21
26 45 33
33 62 19
31 40 29
27 43 29
38 63 13
24 34 38
29 60 20
32 50 23
24 46 32
42 63 9
26 36 38
31 62 16
31 46 27
25 56 40
26 59 27
32 63 28
36 58 23
26 42 27
6 30 31
23 55 34
49 61 31
25 54 31
1 53 40
46 57 24
25 58 40
11 43 30
23 40 30
25 59 36
24 54 34
23 48 35
19 52 30
19 51 29
20 50 31
20 51 32
21 50 32
21 49 31
20 50 31
21 49 31
22 50 34
21 52 34
22 51 33
21 51 36
20 51 35
21 50 39
21 51 39
25 54 37
27 49 40
32 47 41
34 47 35
9 47 38
14 62 38
60 62 27
33 51 41
0 42 47
24 51 33
55 55 32
10 49 44
10 52 40
60 63 23
33 50 43
8 50 38
34 56 31
48 43 30
0 48 45
13 50 37
60 63 21
24 54 41
12 61 34
36 53 33
43 46 33
0 50 41
32 53 29
41 49 35
6 56 40
52 49 23
39 53 39
6 53 39
47 51 25
20 47 41
24 52 33
46 53 29
9 54 37
15 53 39
52 62 22
25 45 37
18 58 36
43 63 16
14 34 34
34 61 31
27 50 37
20 53 37
33 63 21
29 15 32
30 62 29
28 24 28
24 55 38
38 63 27
26 41 38
29 59 28
25 35 29
25 55 36
35 63 21
23 26 36
31 63 23
27 39 37
26 60 26
28 39 27
25 53 38
31 63 18
24 33 41
29 63 23
22 31 31
23 54 36
31 63 19
25 36 39
30 63 18
25 51 35
27 57 33
33 56 24
21 37 37
24 61 20
23 39 35
23 55 38
31 63 18
21 23 36
25 49 19
24 31 29
24 57 36
28 63 16
21 31 35
26 46 26
27 43 30
19 38 39
31 63 15
22 42 41
23 48 22
27 47 29
22 44 35
27 63 16
23 39 39
21 50 19
35 62 25
21 27 40
27 62 22
27 45 29
23 54 35
35 63 20
26 49 28
30 45 32
31 50 23
27 42 32
36 53 36
36 54 16
19 22 40
35 63 10
27 39 36
32 58 29
31 55 14
6 44 41
18 60 28
27 60 23
32 52 30
30 51 31
27 50 32
22 48 32
20 52 33
21 52 32
23 52 32
22 50 32
23 53 31
21 51 33
22 51 32
21 54 32
24 53 34
27 55 35
28 50 37
28 53 33
29 59 28
28 41 32
26 40 36
36 63 13
26 31 36
30 56 38
41 63 17
28 31 39
32 61 34
32 51 29
26 46 41
46 63 25
25 31 37
36 63 30
32 49 24
28 48 37
44 63 17
21 33 33
37 55 33
38 57 23
28 47 38
36 60 22
31 46 32
27 48 34
43 62 14
26 36 39
38 61 23
33 49 28
29 42 40
41 60 25
32 49 28
25 40 43
42 62 21
33 52 25
30 52 33
41 62 21
27 36 37
39 58 23
33 48 30
30 50 36
45 63 19
29 43 31
27 51 35
42 55 25
27 43 38
41 62 21
30 42 29
29 50 33
40 59 24
32 51 32
40 52 35
38 49 37
36 54 40
26 46 50
38 49 38
55 49 37
33 51 44
19 51 45
52 51 44
49 43 37
23 53 48
44 48 40
34 45 48
33 48 41
24 44 44
33 56 46
32 47 48
28 61 30
30 53 35
29 49 35
24 59 34
24 50 31
25 53 34
25 60 34
28 53 35
28 55 35
28 55 34
27 51 34
29 52 38
28 51 38
30 58 38
28 52 35
28 52 36
28 56 36
29 53 36
25 52 32
27 54 36
27 51 33
27 54 32
26 54 33
29 52 32
28 54 31
27 53 30
26 50 28
28 55 27
26 50 25
28 52 23
28 51 24
24 52 21
21 51 20
24 56 25
25 52 29
28 52 30
28 51 30
27 51 28
26 52 28
22 51 31
22 54 32
24 53 36
28 55 36
29 53 36
30 53 34
31 53 31
29 35 41
37 63 20
31 56 33
28 54 38
36 61 16
27 37 24
25 44 40
42 63 12
29 40 31
28 55 36
39 63 8
29 41 32
25 58 39
45 63 8
27 35 35
30 54 36
44 61 13
26 30 41
33 62 17
33 41 25
27 48 36
45 63 7
26 31 39
33 62 18
34 44 24
27 49 36
40 63 7
26 31 35
32 60 24
37 49 23
28 51 36
45 63 8
27 35 40
34 59 21
38 45 21
23 51 37
47 63 8
24 29 46
40 63 8
26 33 32
32 61 25
33 47 23
20 50 29
22 49 27
31 62 21
32 52 27
29 49 33
27 48 32
24 49 31
21 53 32
20 53 32
21 52 34
25 56 36
25 52 34
30 53 35
30 55 35
34 58 30
29 27 39
32 58 30
34 57 22
18 26 41
37 63 17
33 45 25
25 52 39
43 63 15
27 34 33
29 52 37
47 63 10
30 39 36
26 53 38
40 63 12
29 45 33
28 50 36
44 63 13
26 30 38
32 63 24
37 57 23
27 44 38
41 63 12
26 28 35
33 59 27
37 54 21
29 49 39
39 63 13
28 33 42
32 63 34
35 60 26
37 53 23
29 48 27
19 41 45
24 61 33
37 59 30
45 50 35
3 48 42
18 56 39
62 61 23
24 49 33
13 54 40
51 61 29
22 46 44
28 52 26
24 50 37
28 52 38
31 61 36
26 46 42
22 53 37
21 51 36
20 52 37
22 53 38
23 53 41
25 52 39
28 49 39
29 50 41
29 48 39
34 57 34
34 57 33
0 35 42
22 56 32
62 63 26
23 51 42
10 60 39
36 55 36
48 39 31
16 58 42
9 56 37
60 59 26
41 59 39
0 55 45
29 49 30
59 49 24
5 55 46
25 47 34
56 63 22
7 50 44
32 43 31
54 63 25
9 32 38
23 44 25
28 60 26
30 58 34
22 55 38
21 55 34
25 46 32
15 61 30
28 50 34
25 39 35
22 50 34
22 60 33
24 51 32
21 48 32
20 50 33
20 55 36
22 53 37
26 54 36
29 55 34
29 55 33
31 58 29
29 41 34
30 37 42
39 63 16
27 41 31
28 58 44
48 63 10
29 37 35
27 53 36
45 63 12
28 32 37
31 60 33
45 63 15
25 27 38
34 62 22
37 45 23
30 48 38
44 63 11
26 24 39
38 63 18
31 40 30
29 47 41
47 63 7
26 32 38
34 62 23
36 52 21
21 50 40
32 63 25
39 58 30
39 58 26
25 44 28
13 41 34
36 50 37
49 52 27
16 53 34
14 58 35
61 57 24
45 56 33
2 52 39
27 54 34
61 51 23
19 54 40
8 54 37
62 62 19
27 49 38
11 59 46
54 57 16
32 49 37
19 60 38
53 49 21
38 49 38
13 53 39
51 61 22
24 53 33
25 52 31
45 60 30
47 62 28
35 50 32
30 49 43
44 63 10
27 23 41
43 63 15
35 44 26
21 54 35
16 47 35
45 63 23
43 53 31
41 52 30
35 53 30
30 51 30
28 54 36
31 54 32
36 52 34
36 53 34
34 51 33
34 52 34
36 55 32
33 51 34
36 55 32
35 53 33
31 54 31
36 58 32
28 52 34
26 54 30
29 56 31
32 52 32
32 52 33
31 52 32
29 52 32
29 54 32
29 53 30
29 53 29
27 53 28
25 53 26
25 54 28
25 52 28
27 52 30
27 51 29
26 53 30
27 51 30
27 52 32
25 53 32
28 53 37
30 51 38
31 51 38
30 50 35
28 56 32
26 53 35
24 52 38
24 48 39
23 51 39
21 48 38
20 50 39
20 49 41
21 47 42
22 49 42
22 49 41
21 49 41
21 49 40
21 48 42
21 48 42
20 48 41
22 47 43
23 46 44
24 47 43
23 48 43
24 48 42
25 47 43
24 46 43
26 48 45
25 49 45
26 49 43
26 49 44
24 48 44
24 48 43
23 47 44
24 48 43
24 49 43
24 47 44
23 48 44
23 47 43
23 49 43
24 48 43
24 47 43
23 48 42
24 47 43
25 48 43
23 48 42
