12 38 36
12 40 36
13 39 36
12 38 35
11 38 36
12 38 36
13 38 35
12 37 35
13 38 36
13 37 35
13 38 35
11 37 36
10 37 35
12 37 35
13 43 35
13 45 37
14 46 37
17 51 37
23 51 39
24 52 40
28 51 36
27 51 37
30 50 36
26 46 33
22 47 34
16 45 37
11 44 40
14 47 43
19 49 43
21 52 43
24 51 42
25 49 42
22 49 41
24 49 40
24 49 41
22 50 39
24 48 41
25 49 40
23 50 39
24 48 38
25 53 38
26 49 37
24 52 39
23 52 41
23 52 40
24 49 39
22 52 39
21 54 36
23 53 34
24 54 32
25 53 30
26 55 29
31 56 29
33 54 29
37 53 35
35 52 36
31 56 39
25 52 39
32 52 42
38 50 46
42 43 39
40 44 39
34 43 40
26 45 44
16 46 43
14 45 49
15 38 48
14 36 48
17 40 47
18 37 49
15 40 45
17 38 47
12 39 49
15 44 48
21 39 49
27 46 47
31 45 46
35 40 39
36 47 42
38 52 43
37 51 40
36 47 40
37 52 41
36 53 40
36 52 37
36 52 37
38 52 40
38 53 39
37 51 38
38 51 38
38 51 39
37 53 38
38 53 36
38 53 38
38 53 37
38 51 37
37 51 37
36 50 38
37 54 37
36 52 39
36 51 40
36 50 44
37 47 48
37 47 46
36 42 48
35 45 51
34 43 50
37 43 50
34 43 50
34 43 50
35 45 51
35 43 50
36 43 50
35 42 49
33 43 50
34 42 50
35 41 51
34 42 52
34 41 51
36 43 51
34 40 51
35 41 49
35 40 49
33 37 49
31 39 53
31 47 52
34 45 51
36 47 44
34 49 45
34 51 41
34 55 40
34 52 40
34 46 40
29 47 44
27 48 44
25 47 44
22 48 46
21 46 47
22 47 48
19 51 47
14 50 47
14 49 48
22 46 48
34 36 53
41 37 53
39 42 49
37 44 49
31 42 46
28 42 48
24 42 52
23 38 49
22 35 48
19 33 48
17 37 46
22 40 51
25 32 51
22 37 50
24 35 50
21 35 51
23 36 46
25 34 49
23 34 51
23 35 52
22 33 47
23 34 52
23 33 51
24 35 55
23 33 48
22 33 49
24 34 52
23 32 52
22 31 50
22 34 52
23 33 50
22 32 51
20 33 51
14 41 50
16 42 51
25 43 50
33 41 46
39 42 40
39 51 42
34 51 39
30 59 39
30 51 32
31 55 30
32 53 31
27 55 33
27 54 30
29 50 32
30 51 30
32 51 31
30 50 32
28 54 31
28 51 32
27 50 30
26 54 31
22 55 31
22 54 29
22 53 33
26 52 32
24 49 31
23 52 32
23 52 32
23 54 30
22 53 33
25 53 33
23 50 32
24 52 34
24 51 38
25 52 37
27 53 39
25 54 35
25 54 34
28 56 33
29 58 33
32 25 41
30 63 25
24 41 29
31 49 47
36 63 16
25 19 42
30 59 39
30 62 18
28 16 49
30 63 19
29 35 30
29 47 41
33 61 19
31 14 47
26 62 19
31 42 28
22 48 42
31 63 12
30 40 35
28 54 39
36 62 15
28 12 44
27 62 25
31 52 23
26 37 46
29 63 17
30 34 30
26 54 38
36 61 18
28 35 43
34 63 15
29 31 39
23 62 25
33 55 25
28 43 42
34 63 14
28 33 40
30 63 21
29 38 29
28 57 37
37 59 17
25 32 44
32 63 14
31 43 28
26 50 39
37 63 18
29 25 41
31 63 20
27 43 30
23 47 41
35 63 15
29 43 38
29 59 35
37 62 17
27 18 40
29 63 25
30 47 22
27 41 41
29 63 16
29 45 29
26 53 41
33 63 12
30 39 28
26 49 39
32 63 14
27 42 37
24 58 31
34 54 21
26 41 43
35 63 11
27 30 42
24 63 19
30 54 33
28 56 42
25 60 31
29 56 30
33 59 28
15 39 38
17 52 35
44 47 36
33 54 34
18 55 33
12 43 37
31 46 38
51 54 34
3 51 40
13 50 37
54 63 28
26 48 40
8 48 30
39 59 36
36 50 37
0 43 33
20 43 39
53 58 27
6 50 37
14 58 36
59 63 19
11 46 42
7 49 37
49 62 23
14 41 46
14 49 33
43 61 30
3 43 43
20 52 40
45 54 30
0 37 38
46 56 28
27 55 41
7 48 35
29 57 33
46 58 32
0 43 39
17 56 33
59 63 23
14 49 34
9 53 32
57 63 22
29 58 39
6 46 30
26 41 23
25 59 30
24 52 38
22 50 31
21 56 33
22 48 30
21 49 25
21 48 26
22 49 27
21 51 27
21 49 28
22 51 26
22 52 28
22 51 27
21 49 28
22 52 28
20 49 31
19 53 28
19 51 30
22 46 37
24 53 34
25 56 34
26 55 33
25 57 33
29 21 43
29 63 24
25 42 33
25 49 46
36 63 20
25 19 39
27 61 26
27 56 21
22 44 42
36 63 18
25 27 41
25 61 26
29 52 23
27 46 39
38 63 16
24 26 43
30 63 18
30 29 30
24 54 34
33 59 19
24 32 43
31 63 17
26 31 35
23 62 27
29 47 26
25 52 35
34 63 18
26 27 39
28 62 20
30 47 31
24 52 38
26 63 19
26 43 33
24 54 35
31 63 17
25 15 36
26 60 26
31 55 24
18 32 39
25 63 17
30 36 30
21 50 38
34 62 18
25 29 43
22 63 20
26 37 30
24 51 41
28 63 33
28 56 29
30 55 29
12 34 28
6 50 32
34 53 41
35 59 28
5 26 32
16 48 34
50 62 28
11 52 37
3 49 37
58 62 19
8 35 43
26 50 33
25 32 29
16 51 44
27 54 30
24 61 33
22 52 27
21 53 29
21 50 30
24 54 34
26 54 36
27 57 33
24 50 34
22 54 31
22 52 32
22 52 35
24 51 33
24 54 35
27 48 35
23 52 37
23 51 36
26 52 35
25 49 35
26 54 35
25 52 36
24 49 37
24 54 37
24 53 36
25 51 38
24 50 37
20 53 36
20 52 33
19 52 32
20 53 33
23 52 36
25 53 39
29 48 40
28 47 38
22 51 37
22 48 36
20 50 38
21 50 41
20 50 42
19 52 41
21 48 43
23 51 41
25 46 42
29 44 40
33 44 34
15 47 34
4 54 41
42 59 35
39 50 38
0 36 44
20 46 40
50 59 33
2 46 42
19 49 36
45 54 32
2 50 42
17 43 41
50 63 29
2 45 41
14 44 37
44 63 28
26 49 38
2 47 44
41 51 32
39 51 32
0 29 46
28 57 31
45 51 33
0 35 45
39 46 28
19 51 43
12 44 28
22 43 27
26 61 29
27 49 35
23 49 33
19 58 33
21 46 31
21 56 33
20 47 37
23 50 39
23 46 39
20 48 41
18 51 34
20 49 35
21 48 35
22 50 35
23 50 34
22 52 31
19 52 33
20 48 35
21 49 38
18 51 41
20 50 41
21 52 38
22 48 36
24 46 37
31 47 36
31 48 35
6 50 28
7 63 38
51 59 28
34 52 38
0 25 40
28 39 34
51 57 28
0 42 43
14 48 38
57 62 26
31 45 34
0 47 39
30 47 35
50 50 30
0 45 41
12 60 32
56 63 24
36 48 34
0 46 43
24 43 33
48 53 26
3 51 36
14 54 31
53 63 23
11 46 41
15 52 34
45 58 24
1 46 43
38 59 28
29 56 35
8 52 35
44 62 24
5 38 39
39 49 29
28 58 36
10 44 31
21 48 27
33 49 30
37 63 29
32 52 25
20 32 34
22 59 29
29 56 16
26 34 37
29 62 16
31 45 23
22 48 38
34 63 10
25 27 36
24 62 22
29 53 23
23 44 38
31 63 10
25 27 33
26 53 35
35 63 11
28 26 38
24 61 24
34 58 17
27 25 42
29 62 13
31 38 25
27 55 34
32 63 13
29 34 38
32 58 23
29 47 27
26 53 37
29 56 16
16 38 35
18 60 25
25 61 25
29 54 26
28 48 30
26 48 29
22 48 28
18 50 29
18 48 30
19 53 30
20 49 31
22 51 32
22 51 31
20 51 33
21 50 33
20 53 34
22 49 34
20 51 35
21 51 34
23 51 38
24 50 38
26 54 34
25 54 35
25 61 30
28 37 36
27 54 44
29 63 25
23 23 36
25 59 36
32 62 23
25 14 41
23 61 27
31 57 23
23 23 41
26 63 23
29 37 28
22 49 39
30 63 14
27 40 36
26 49 38
29 63 14
27 34 36
23 52 37
36 63 18
26 35 40
26 63 19
30 39 32
26 52 40
37 62 18
25 29 38
27 63 20
31 35 26
25 49 37
38 63 19
24 23 40
28 63 18
31 35 27
27 51 37
29 63 14
29 35 35
27 57 28
34 61 25
26 28 39
31 63 15
29 39 28
25 48 34
36 63 20
25 42 36
29 62 23
34 50 24
23 48 33
28 63 17
25 38 32
25 53 34
36 61 20
24 29 41
32 63 17
30 47 27
22 54 37
33 63 16
27 32 37
26 52 34
35 62 22
30 23 43
24 61 23
30 56 25
26 21 42
27 63 17
29 34 33
26 54 38
33 61 22
17 30 35
17 44 34
20 62 24
26 54 29
26 51 30
25 48 31
21 48 32
21 50 29
22 47 30
23 51 28
23 51 28
22 50 28
21 50 27
20 52 27
20 51 29
20 52 30
20 54 31
22 51 31
21 52 32
21 53 36
25 51 37
24 57 33
27 52 38
27 56 33
26 48 33
24 25 39
24 63 21
27 44 27
26 35 40
27 63 22
29 46 31
21 57 39
21 63 13
29 26 36
31 52 39
32 63 25
25 14 36
24 62 27
29 55 27
26 15 41
26 59 28
32 56 23
28 25 39
26 63 22
29 45 24
21 46 35
29 63 18
28 39 28
25 48 37
35 63 15
26 24 38
21 62 22
32 54 26
26 43 41
30 63 12
27 29 40
25 62 20
32 48 28
25 47 39
32 63 15
28 52 33
26 61 26
33 46 21
26 36 35
29 63 24
30 42 30
26 51 38
37 62 19
26 29 44
32 63 17
27 35 30
26 53 34
31 53 26
26 54 39
27 63 24
22 51 39
29 57 28
30 50 24
23 52 35
20 50 36
8 52 40
31 55 29
44 41 28
4 52 36
19 37 36
46 63 26
16 42 35
19 39 29
19 56 34
25 53 35
21 52 36
21 45 33
18 50 32
18 49 32
19 50 33
20 49 33
19 48 33
19 48 33
17 47 34
17 46 35
19 48 36
21 47 35
21 51 35
20 49 36
22 49 35
19 49 36
19 49 34
20 49 35
20 50 35
21 49 35
26 50 35
24 51 36
21 51 36
20 51 35
21 51 35
20 51 37
20 53 38
21 50 40
22 52 39
24 52 39
23 48 36
22 43 38
22 46 38
27 49 38
33 44 33
7 49 32
6 55 40
39 59 35
45 50 38
0 41 43
15 53 36
53 63 25
29 47 40
1 34 41
20 56 32
51 63 28
18 45 40
5 52 33
37 58 31
42 51 36
0 46 45
14 56 34
54 63 23
28 44 41
2 46 38
32 44 39
50 55 32
12 50 40
4 57 37
41 51 32
46 48 34
0 52 39
12 47 35
46 62 31
39 44 36
0 46 41
18 48 36
51 62 27
17 54 35
3 61 35
49 51 26
35 53 40
5 41 42
39 45 30
37 55 35
10 34 31
18 52 24
21 62 35
28 49 31
26 52 36
22 51 32
18 49 32
17 50 32
18 51 33
19 53 34
20 51 34
18 50 35
20 49 38
18 49 36
19 51 39
20 50 39
21 43 40
23 46 35
22 46 38
26 45 41
31 42 41
27 53 29
0 31 38
20 44 39
51 63 29
27 47 39
5 40 38
27 45 44
51 58 31
3 52 41
14 52 38
53 62 27
26 42 43
6 46 37
40 59 35
37 53 34
4 48 39
48 52 26
23 51 43
17 45 34
37 61 34
14 47 37
42 59 32
15 49 36
23 43 27
23 48 36
25 55 33
22 57 35
22 53 35
19 53 31
20 51 32
20 50 32
20 53 33
19 50 35
21 54 35
24 53 34
26 55 35
27 57 32
26 46 32
24 19 36
25 62 21
27 54 29
27 33 39
28 62 23
31 59 24
23 43 43
32 63 14
29 30 36
28 52 30
34 60 21
23 35 42
33 63 13
28 33 35
28 50 31
36 60 21
24 32 41
33 63 15
27 36 35
28 50 31
36 59 20
24 40 40
30 63 18
30 36 27
26 53 35
36 61 18
26 33 40
30 63 16
29 37 29
26 51 34
36 61 17
25 26 44
30 62 16
31 47 31
27 55 37
32 63 15
26 34 37
25 61 27
30 52 24
27 44 36
31 63 20
28 44 30
23 51 37
33 63 15
31 27 37
29 57 35
36 60 25
29 26 43
27 62 23
28 40 31
24 51 36
31 63 18
27 31 38
28 49 35
35 62 26
27 24 42
24 62 23
31 54 27
22 44 37
24 63 14
30 42 29
23 44 37
28 63 14
29 32 34
24 52 38
31 63 19
27 30 33
22 61 28
33 60 25
25 36 41
29 63 12
25 30 39
26 62 21
18 35 26
20 49 30
22 59 27
26 57 22
29 49 23
25 48 23
24 48 21
23 46 21
23 47 22
21 50 21
22 49 21
23 48 23
23 50 23
23 49 26
23 53 30
24 51 30
23 52 33
21 50 31
22 49 34
19 50 35
21 50 39
22 49 40
20 51 39
20 51 41
20 50 40
22 49 41
24 46 38
29 44 41
35 42 36
21 57 35
2 50 38
30 49 39
47 57 36
6 47 41
16 46 36
57 63 29
19 47 43
11 53 37
41 56 34
39 50 37
0 50 45
19 60 38
53 63 29
35 51 40
0 35 43
20 48 33
50 63 32
32 51 35
3 43 36
26 56 34
49 62 33
11 48 39
15 47 32
48 62 28
36 51 39
0 45 41
14 57 34
53 63 26
27 50 35
3 45 34
32 46 37
54 63 26
21 50 38
4 53 38
42 54 31
41 49 33
0 46 43
18 49 37
53 63 25
27 54 34
5 45 34
29 53 35
47 55 32
2 51 41
22 43 38
39 63 27
16 36 35
21 45 23
23 63 28
29 51 28
26 46 28
24 52 32
22 48 29
26 51 30
23 61 18
27 49 23
27 43 24
22 51 19
23 48 20
22 48 21
22 47 19
23 48 21
26 48 22
23 48 22
22 49 20
23 48 21
21 48 24
24 50 26
26 49 28
25 49 29
25 48 25
22 51 26
21 49 26
19 51 28
21 51 29
21 54 31
21 49 31
23 52 33
24 52 36
26 53 33
26 54 37
26 57 31
25 39 30
28 28 40
31 60 25
28 56 24
20 30 42
28 63 22
33 60 25
24 16 42
26 62 26
33 49 26
26 29 41
25 63 19
28 43 26
21 47 43
35 63 17
27 35 36
26 62 22
30 44 26
27 49 35
37 62 16
25 25 41
33 63 15
29 33 32
28 49 33
36 58 21
25 25 42
30 62 17
31 32 30
27 52 35
36 57 19
21 43 38
35 63 10
23 29 40
15 47 31
15 62 21
26 57 22
30 52 31
27 43 35
19 55 33
17 50 32
17 51 32
19 49 34
18 52 34
19 52 34
22 53 35
26 53 37
27 50 35
26 56 32
28 48 36
26 43 43
31 63 23
26 46 34
25 52 40
36 63 15
28 38 43
25 54 40
33 63 13
29 29 36
28 50 33
34 63 18
28 37 39
25 60 30
35 63 17
23 14 39
29 62 19
29 41 30
14 47 33
16 40 29
23 62 26
26 61 29
25 50 35
20 50 32
19 50 32
17 50 33
20 50 34
22 50 36
19 50 36
18 51 36
21 49 39
26 55 37
26 49 37
25 54 34
27 48 32
24 14 41
29 59 29
28 58 25
23 26 42
29 63 28
32 57 30
24 19 40
23 62 30
27 55 23
27 26 39
30 63 26
28 39 32
24 52 36
32 63 17
27 28 36
24 62 22
32 51 24
29 32 38
29 63 21
30 37 30
27 52 34
34 58 23
27 44 36
31 63 15
27 37 36
25 58 31
33 55 21
23 43 35
23 62 28
24 52 36
25 59 31
30 54 31
25 42 27
12 34 38
13 62 36
53 63 25
38 48 33
0 42 40
19 54 33
42 63 28
7 30 42
40 62 20
14 32 36
22 53 30
22 52 36
26 61 35
23 46 40
19 55 37
18 48 35
18 50 36
18 49 37
19 51 40
19 52 38
21 50 38
23 50 40
25 50 38
33 49 36
34 45 32
0 43 38
14 61 37
53 62 27
35 48 37
3 36 37
34 43 38
53 54 31
0 48 42
15 43 36
55 63 30
31 40 39
8 46 35
45 52 30
41 52 33
0 49 40
10 61 35
51 62 29
40 47 34
2 39 38
31 49 33
49 58 32
3 54 37
20 53 27
47 62 31
15 46 43
18 46 33
41 63 33
8 45 40
32 50 29
38 59 36
9 43 29
25 49 30
35 61 30
36 62 34
28 56 30
19 41 36
30 63 9
27 37 31
29 52 38
37 63 17
24 22 43
29 61 21
31 43 24
22 49 38
31 63 13
30 32 36
36 57 36
33 63 20
23 17 44
29 62 16
30 32 32
25 51 36
34 59 22
22 38 42
20 61 32
35 62 32
34 54 28
9 34 37
15 46 36
39 59 30
32 54 39
8 36 38
39 56 22
17 34 38
24 52 39
26 62 33
34 55 41
30 51 39
23 50 42
24 52 43
25 51 40
30 52 40
30 53 40
30 52 39
30 53 40
29 47 38
27 52 39
32 58 40
26 49 38
22 52 36
24 54 36
26 53 36
27 52 36
28 52 37
28 53 37
28 50 39
26 51 37
24 51 37
22 51 33
23 51 35
20 50 36
21 49 38
21 52 41
22 49 42
25 46 41
25 46 41
24 48 40
22 46 39
19 46 38
17 48 37
19 48 41
22 46 44
21 46 46
18 53 41
20 49 44
18 50 42
22 49 38
22 49 42
22 52 41
25 50 38
27 49 41
25 49 36
26 48 34
23 51 35
22 50 36
21 52 35
23 48 34
22 49 33
19 47 33
21 44 35
20 46 36
17 45 35
12 45 34
7 44 35
10 43 35
12 41 36
12 40 37
16 38 37
14 38 37
10 38 36
12 39 35
13 39 33
13 38 35
12 39 36
13 38 34
11 39 34
12 39 34
13 40 34
11 40 35
12 39 36
13 38 35
13 39 35
13 38 34
12 39 33
12 39 35
12 39 36
12 38 35
13 39 34
13 40 34
13 38 35
12 40 34
12 38 34
14 38 35
13 38 33
12 39 35
