22 49 35
22 52 35
21 52 34
20 50 35
22 50 34
21 51 33
21 49 33
20 51 35
19 48 34
18 52 35
19 50 33
21 50 33
24 51 34
25 51 36
25 51 39
25 49 41
22 45 41
21 48 43
22 47 41
22 47 42
24 48 42
22 49 40
22 49 37
24 50 36
24 50 37
23 52 36
23 50 37
21 52 37
22 52 38
23 50 39
22 53 37
23 50 39
22 50 38
23 49 38
23 49 37
22 51 38
22 49 38
22 50 37
22 49 38
23 51 39
23 49 38
22 51 38
23 50 38
22 49 38
22 51 37
23 50 38
23 50 37
22 50 38
23 49 37
22 51 37
23 49 37
22 51 38
22 51 38
20 51 38
21 50 37
23 49 37
24 50 37
25 49 37
23 50 36
21 50 34
22 51 34
23 49 35
23 50 34
20 50 35
19 50 35
21 50 36
25 52 35
26 51 34
23 51 35
20 51 35
19 50 36
21 50 35
24 50 37
26 52 38
27 51 37
26 51 36
23 51 36
22 52 35
20 50 35
20 50 36
21 50 36
21 51 35
18 48 37
22 50 36
24 51 35
23 52 36
24 51 36
25 52 36
24 52 36
25 52 34
24 51 34
23 52 32
24 50 31
25 51 30
26 51 32
26 52 31
26 52 29
24 52 29
25 50 31
25 52 30
26 49 31
26 51 31
23 52 32
21 52 32
21 53 31
19 52 29
17 52 29
18 50 30
22 54 33
25 52 36
26 55 36
27 50 35
26 51 34
27 52 33
27 55 32
30 46 34
33 33 36
33 53 32
23 62 22
25 31 36
32 61 30
25 54 25
28 53 41
29 63 25
31 38 25
30 47 42
28 63 20
29 40 34
29 46 43
33 62 22
30 28 39
26 62 36
31 55 23
29 23 43
27 63 34
30 54 27
27 22 43
31 59 31
32 54 22
29 29 44
29 63 25
27 48 36
26 44 44
36 63 23
33 33 40
31 50 42
36 61 22
32 28 43
31 63 25
33 35 35
29 52 44
39 62 25
29 27 41
29 63 32
38 50 29
27 52 41
37 63 27
33 31 37
28 58 32
35 56 25
28 38 45
34 63 24
33 45 31
26 46 37
35 62 24
33 40 42
29 63 30
32 49 29
27 56 42
38 63 20
31 27 34
30 56 41
38 59 25
30 27 41
30 63 28
37 50 24
28 36 40
31 63 28
32 48 32
27 54 41
34 63 25
27 34 36
30 52 40
34 62 26
31 32 38
31 58 32
31 59 29
30 20 38
26 61 33
34 60 24
30 19 40
25 63 29
33 58 23
31 20 41
28 63 29
34 47 24
30 31 41
30 63 27
33 44 29
28 51 37
28 63 25
27 42 33
27 51 41
32 63 25
32 40 24
28 45 44
32 63 21
31 37 33
27 46 39
40 62 20
31 29 36
27 63 27
36 50 27
29 49 43
35 63 22
30 40 33
31 47 40
41 62 19
31 33 41
32 63 28
37 49 29
30 54 42
34 63 21
32 31 34
30 62 33
33 52 26
23 52 41
28 59 30
34 61 35
31 56 28
23 41 33
20 48 34
34 55 40
48 61 40
24 52 38
7 45 41
37 54 39
46 51 42
13 46 37
14 56 40
47 59 38
38 52 39
3 46 38
22 48 40
54 63 31
31 45 42
3 36 36
32 47 44
52 54 31
13 55 37
11 59 37
43 53 41
41 50 33
6 43 42
17 50 41
45 61 37
49 46 30
3 49 40
15 49 37
45 62 37
40 55 36
0 45 44
14 57 31
40 60 41
46 43 35
8 51 39
13 49 41
47 57 39
41 49 35
0 45 45
18 47 40
42 59 44
44 49 37
6 47 44
15 48 39
36 49 50
45 46 41
13 47 40
8 56 47
40 50 48
46 44 43
14 47 42
11 50 44
39 50 50
44 45 45
11 47 42
13 48 44
42 51 48
45 48 43
9 48 42
12 47 43
36 48 51
46 42 40
13 47 44
13 46 40
53 61 43
38 50 48
7 46 38
36 55 41
47 50 37
8 53 43
20 43 41
54 63 35
34 51 42
9 47 34
44 54 36
37 60 39
13 43 32
32 53 26
38 63 33
26 56 29
25 38 33
33 63 25
27 42 22
29 52 37
35 63 15
28 30 32
27 51 32
37 60 18
29 33 36
32 63 19
29 42 30
33 48 35
34 46 20
14 56 36
12 57 32
24 62 22
29 55 26
28 47 36
25 45 36
22 48 36
18 47 38
19 50 38
17 53 37
19 49 37
19 51 36
21 49 36
21 48 34
21 49 37
21 49 35
23 50 36
25 50 36
23 49 36
18 51 35
18 50 37
20 50 36
22 50 36
22 52 37
20 50 36
21 51 37
22 50 38
23 50 40
26 53 41
29 52 38
27 52 38
26 58 36
26 58 37
31 23 41
30 60 35
27 53 27
28 22 41
30 62 35
30 56 28
26 27 44
27 54 35
33 61 23
31 31 42
31 60 40
30 54 26
26 26 40
28 62 29
31 44 30
25 33 48
26 63 25
28 40 34
24 49 43
28 63 27
30 48 32
25 45 45
37 63 18
29 31 36
29 59 33
38 57 23
27 32 41
30 62 26
33 47 28
26 43 39
29 63 22
25 28 35
28 50 37
28 63 20
30 32 35
26 50 34
34 62 24
28 31 37
25 63 24
33 58 24
27 37 40
29 63 21
30 44 29
28 44 35
36 63 17
30 34 37
30 63 23
28 46 25
28 39 36
36 63 21
28 42 30
25 51 39
35 51 24
24 45 39
32 63 34
35 56 27
27 47 32
17 43 42
16 48 39
49 50 32
32 50 43
16 54 43
29 62 33
22 49 35
15 55 38
21 60 39
24 48 40
25 46 42
23 46 41
21 46 40
18 46 42
19 48 42
18 47 43
18 47 43
23 47 41
26 47 40
28 45 40
21 48 42
15 50 43
16 49 42
16 48 42
20 47 42
24 48 42
24 47 40
28 46 42
29 52 41
20 49 44
16 46 43
20 48 44
22 49 48
25 50 45
30 49 44
27 49 43
28 48 40
30 54 38
29 48 38
6 43 39
13 62 45
60 62 35
34 49 42
2 34 40
31 49 38
51 60 34
13 57 43
7 61 37
51 59 37
43 47 44
0 46 47
12 45 41
50 62 36
35 45 42
0 39 51
23 53 38
55 63 35
25 44 37
2 50 39
43 47 39
45 48 44
8 51 38
13 50 38
48 54 41
37 53 31
3 49 39
25 51 35
59 60 30
20 52 35
6 56 40
34 53 41
46 46 33
9 51 42
13 51 38
44 55 36
39 53 28
4 55 42
14 51 35
43 53 40
38 44 30
8 54 42
15 47 42
53 53 33
20 53 48
7 56 38
51 57 32
11 41 46
35 47 31
26 60 41
19 52 30
25 43 31
25 63 43
23 44 42
20 51 37
18 46 38
22 50 37
24 46 37
26 49 38
19 49 34
13 52 31
16 53 32
21 51 34
28 51 34
26 50 34
21 49 32
17 51 31
16 51 31
19 50 33
25 51 35
23 53 34
18 51 32
21 48 39
26 52 42
25 53 42
23 50 41
24 50 39
27 53 38
28 54 34
27 62 41
31 23 35
31 44 43
34 60 29
27 29 43
33 56 44
35 62 27
30 26 42
30 62 38
34 51 30
26 27 42
29 62 34
32 51 31
28 36 50
32 63 28
26 36 31
26 38 49
29 63 23
26 33 29
26 26 44
31 63 29
27 43 29
25 34 46
28 63 27
29 40 29
24 51 43
26 63 26
30 38 28
27 46 42
32 63 17
28 34 34
28 54 40
37 54 23
28 37 38
31 62 29
30 46 32
26 53 36
32 63 23
26 38 36
32 57 35
33 56 28
27 43 35
30 58 26
30 49 31
26 52 36
29 63 23
27 37 33
25 52 36
32 63 23
24 36 35
30 58 34
28 59 31
26 38 35
30 49 36
33 62 27
23 36 36
28 48 37
36 60 25
28 37 37
29 58 31
32 52 25
27 26 40
24 62 29
32 55 24
27 28 41
24 63 28
30 49 30
27 42 43
26 62 28
30 41 32
28 51 43
30 61 29
22 38 41
13 57 33
30 56 32
27 57 36
26 41 33
15 50 34
31 52 42
38 59 32
19 51 38
13 56 37
36 55 30
35 54 35
6 44 35
40 53 30
20 46 39
21 45 30
19 48 33
26 62 36
23 54 41
17 49 41
17 45 43
17 44 42
19 43 39
19 45 40
18 45 40
18 44 41
18 44 44
18 41 43
17 43 42
20 45 41
22 45 40
22 47 41
22 45 39
21 50 42
20 47 44
17 49 41
18 49 39
14 49 42
18 51 44
24 52 43
23 47 41
24 48 39
26 47 39
30 44 40
34 37 36
20 54 37
8 51 42
27 50 42
49 62 30
14 48 42
10 56 36
42 51 38
47 46 28
1 46 45
24 42 44
52 62 33
33 54 34
1 44 46
28 44 46
54 62 35
34 53 40
1 48 45
24 40 41
55 63 39
29 51 35
0 44 40
28 62 43
57 61 32
31 51 38
3 47 41
29 56 47
50 61 35
27 42 38
3 42 48
25 47 50
52 59 34
27 55 46
1 38 49
26 57 49
51 58 37
25 53 42
1 59 39
26 58 49
54 58 38
25 49 34
2 54 43
26 55 46
52 60 37
32 49 37
2 49 50
19 49 42
48 56 39
43 42 43
3 48 45
19 44 44
51 57 41
47 48 39
4 45 49
15 43 42
47 47 42
39 42 38
1 52 47
28 48 46
46 53 39
4 45 47
25 49 41
44 48 41
2 45 47
32 51 37
46 51 41
1 46 45
40 48 41
38 54 42
11 49 30
35 44 38
32 55 35
24 59 44
30 62 38
31 63 33
29 29 34
33 55 34
32 63 17
27 31 36
35 58 32
36 62 20
25 26 43
31 60 19
30 44 27
24 52 37
34 63 16
29 40 35
27 50 38
38 62 18
27 28 39
27 62 34
39 61 19
29 34 39
32 63 22
29 43 37
26 50 36
38 60 20
27 44 39
36 63 16
28 34 42
32 63 21
32 47 27
27 53 33
27 48 24
19 53 37
23 54 31
33 63 27
29 55 33
26 46 38
21 46 39
18 48 35
18 49 36
18 52 37
18 52 36
19 52 36
24 54 40
25 53 35
27 53 34
30 58 33
29 55 39
28 36 42
31 63 29
28 35 33
26 54 44
29 63 24
29 30 31
29 48 43
33 63 17
27 55 30
24 49 43
34 63 20
28 27 34
30 49 33
37 59 25
29 29 40
31 63 25
36 43 27
27 55 36
36 63 22
26 33 34
31 56 27
32 55 25
26 38 37
32 63 22
28 42 33
33 53 38
35 63 28
27 25 33
30 55 39
38 60 25
28 26 37
28 59 34
36 59 30
29 24 39
28 57 31
36 56 30
29 23 39
28 63 32
33 61 31
27 50 37
28 62 31
31 50 30
26 53 39
31 63 27
28 32 31
29 47 39
35 63 23
30 31 36
31 63 26
31 49 29
27 47 38
34 63 21
29 33 37
30 58 28
36 56 25
26 40 39
33 63 19
30 41 30
27 53 35
35 53 24
24 47 39
27 62 25
13 43 29
24 49 35
29 60 31
31 51 32
27 48 35
23 48 39
21 48 38
19 53 39
20 51 38
19 52 37
20 52 40
21 54 38
25 54 38
28 53 37
26 53 33
31 38 38
28 45 46
31 63 31
28 28 36
30 53 45
32 63 26
29 36 34
28 48 40
33 63 22
28 34 36
28 52 35
37 63 18
29 31 39
32 62 28
33 46 24
25 54 40
36 63 22
28 32 39
30 63 27
30 48 28
25 49 37
37 63 21
27 24 34
28 62 23
33 43 29
27 53 36
34 57 22
25 42 39
32 63 21
26 30 32
28 55 37
35 56 24
19 44 35
19 47 37
22 63 29
26 55 32
28 51 36
27 46 37
22 47 39
19 47 41
18 47 41
18 46 41
18 49 41
18 48 40
19 50 41
19 48 41
22 46 40
25 44 42
26 43 42
25 45 44
15 52 45
17 47 42
20 45 46
22 48 48
26 49 43
27 46 44
27 47 43
27 47 41
32 52 41
34 54 45
17 45 40
8 54 47
33 57 45
47 48 40
9 45 44
8 57 41
30 50 47
44 59 38
29 52 38
5 47 43
21 61 39
52 62 36
31 49 42
8 41 37
29 49 47
47 56 39
20 53 38
8 54 41
39 53 42
40 46 40
3 49 42
20 43 42
48 55 41
9 49 46
18 47 39
48 55 41
11 47 47
14 50 41
53 62 33
27 43 40
12 50 42
36 54 38
43 49 36
16 51 43
11 54 36
51 62 36
34 48 43
2 47 39
29 53 32
36 51 33
30 63 43
25 53 33
27 41 30
28 55 37
29 61 23
27 30 32
32 62 37
32 63 20
26 26 37
30 59 37
36 63 20
27 32 40
29 59 32
38 55 18
28 40 39
30 63 22
27 46 32
27 52 35
33 63 12
27 36 35
30 62 32
33 52 23
26 31 39
30 63 25
30 39 28
24 50 36
31 63 21
27 44 28
25 52 41
33 63 18
29 39 38
29 57 37
35 58 18
24 29 40
29 62 31
29 55 18
25 25 44
28 62 23
29 44 26
21 47 36
29 63 20
26 30 34
23 53 38
23 56 33
30 53 33
28 62 33
30 43 27
6 27 40
23 55 33
52 61 30
28 53 42
1 47 41
23 43 40
55 63 29
8 36 45
30 44 30
33 48 44
33 47 45
26 52 42
29 55 41
24 46 40
23 49 44
24 50 45
28 46 41
27 48 43
23 45 38
26 57 43
22 47 41
19 50 40
22 49 39
25 51 37
27 50 38
27 51 38
27 52 38
25 53 36
25 51 35
23 50 34
23 51 34
21 53 34
21 50 35
20 51 34
21 51 35
20 49 37
21 49 37
20 51 40
20 48 40
22 50 42
23 51 42
26 50 43
26 49 42
27 48 43
28 47 41
27 50 42
28 47 41
27 48 41
26 44 41
24 47 46
21 48 45
19 47 48
24 48 47
18 48 45
21 44 45
26 38 45
31 40 47
33 43 50
27 48 49
26 46 50
23 41 46
22 37 48
17 38 48
16 38 47
18 40 48
21 41 47
20 40 46
20 41 47
18 40 47
14 41 48
12 41 46
16 41 45
19 39 45
26 38 47
30 39 46
29 41 49
30 42 51
28 43 50
26 43 49
25 44 50
24 44 49
25 44 49
24 45 48
23 44 47
23 44 46
23 45 46
24 45 47
23 44 45
22 45 46
23 41 44
23 42 44
20 44 46
