12 36 35
12 36 35
12 36 36
11 34 35
11 36 35
13 36 35
12 36 33
12 36 34
12 35 32
9 36 33
12 35 36
13 35 38
12 34 37
10 32 39
12 35 41
12 34 42
9 38 43
13 42 46
20 43 48
25 45 47
29 45 45
29 44 42
29 41 40
23 42 40
14 43 44
10 37 46
13 31 45
16 32 44
16 36 43
16 35 42
15 33 47
17 33 49
16 33 46
14 38 46
13 36 44
13 43 45
20 44 42
24 45 40
29 45 40
29 51 42
28 48 43
25 50 42
23 52 42
24 53 41
24 53 38
25 52 40
27 51 40
26 51 40
28 48 41
30 47 41
30 51 43
30 54 42
32 52 41
31 54 40
29 54 35
26 52 30
26 55 33
27 51 30
29 55 26
31 54 27
30 54 28
26 50 27
26 54 31
30 56 33
29 56 35
30 50 33
31 49 38
30 50 40
30 50 43
30 50 44
28 49 44
31 48 45
29 48 45
29 47 48
29 48 47
30 48 47
29 48 48
30 46 47
30 47 48
29 48 48
29 46 47
29 45 47
29 47 47
29 45 47
30 47 48
30 46 48
29 46 47
30 45 48
29 46 49
30 44 49
29 46 48
29 46 48
29 46 47
29 45 47
29 46 49
27 45 44
30 45 50
27 43 48
27 50 46
28 50 43
28 52 39
28 51 39
27 52 37
27 52 34
27 53 35
26 53 32
26 50 34
25 52 35
26 52 32
27 53 34
27 54 32
25 54 34
28 52 32
29 53 35
29 53 34
28 56 34
28 55 35
31 53 36
30 53 37
32 51 42
31 48 44
28 44 46
23 35 47
17 33 46
17 33 48
19 32 56
23 33 53
22 33 50
22 30 51
22 30 50
22 29 50
23 31 50
24 31 49
22 30 50
22 29 49
22 30 50
23 31 52
22 31 50
21 30 50
22 30 51
23 32 49
22 31 50
23 30 50
22 30 50
22 29 50
23 29 49
22 30 50
23 31 49
22 30 49
21 29 50
22 30 50
22 30 51
22 30 50
21 30 51
24 31 50
22 30 49
22 30 48
22 31 50
22 30 49
21 28 51
20 33 52
16 33 48
18 35 48
21 35 47
21 41 44
25 39 49
25 39 51
23 40 51
22 34 51
23 32 52
19 27 48
24 34 53
20 29 47
21 29 44
22 41 50
22 38 50
23 41 49
23 47 47
23 48 44
22 46 45
22 47 40
19 48 38
19 51 36
22 51 34
23 55 25
25 52 27
28 53 30
26 51 27
28 51 29
23 52 29
22 45 22
24 50 26
22 49 25
24 50 25
20 52 24
17 50 26
16 50 28
20 52 22
26 47 22
26 45 25
24 47 28
20 50 29
20 50 28
21 51 27
22 49 28
22 51 27
23 51 29
23 50 24
23 51 26
25 51 26
24 51 28
22 51 27
21 51 25
22 52 28
25 52 28
26 51 29
22 50 28
21 50 29
19 51 31
21 52 35
22 51 35
22 51 36
22 49 32
22 50 34
22 48 34
23 48 34
29 51 33
29 52 33
15 46 29
4 49 29
32 61 32
46 51 28
11 43 34
11 48 29
37 58 29
39 54 32
1 49 34
16 54 30
47 62 26
35 49 32
0 36 39
17 46 24
58 63 19
30 48 31
0 15 39
9 48 28
56 63 20
31 46 32
0 42 33
25 44 33
55 56 26
11 42 34
1 48 31
41 61 30
41 47 32
0 33 41
19 51 27
59 63 24
21 41 32
1 54 32
29 53 33
50 47 32
13 47 28
8 53 29
42 61 32
38 52 33
0 45 31
27 59 33
49 55 33
8 45 39
10 43 31
51 61 29
19 46 38
6 44 29
51 62 27
15 46 46
11 42 29
47 63 27
14 46 43
11 47 29
54 62 24
12 44 44
14 43 29
46 62 24
4 50 47
22 45 29
48 55 27
14 54 32
8 52 31
31 50 29
49 55 28
1 41 38
8 57 31
49 62 25
46 52 32
4 42 33
11 58 25
59 63 20
21 44 35
3 43 27
44 58 24
24 51 35
4 45 20
53 60 23
22 56 38
17 37 19
31 46 23
42 63 24
27 54 23
20 27 34
30 62 10
29 38 18
26 43 36
36 63 6
28 41 24
26 51 34
34 62 9
24 23 34
30 57 14
29 48 18
26 28 33
26 62 9
31 41 24
24 43 35
27 63 5
27 49 27
24 44 35
37 63 4
26 43 34
22 47 35
37 63 10
26 11 36
19 59 22
34 60 14
25 19 42
22 63 14
29 43 22
25 37 38
27 63 7
29 45 28
21 47 37
36 63 5
27 18 39
29 46 26
34 62 11
27 32 41
25 46 28
35 63 11
23 25 42
25 58 16
31 51 15
25 42 41
36 63 5
26 29 36
26 61 12
33 43 22
21 47 38
41 63 4
25 29 40
27 63 12
32 37 25
23 47 35
40 62 4
24 23 44
28 63 9
23 39 36
19 61 26
31 59 26
33 61 27
22 42 32
7 36 24
20 51 33
61 63 15
14 42 35
10 62 34
40 62 24
42 55 33
1 43 34
10 60 28
56 55 26
31 42 33
0 36 30
18 47 32
56 62 24
2 44 37
14 43 28
52 50 25
1 51 39
16 57 28
46 53 25
0 49 41
32 54 24
36 55 26
6 50 36
50 54 17
9 41 41
25 48 24
46 63 24
5 48 42
16 51 23
41 58 27
5 43 39
32 48 27
27 53 29
8 56 37
56 63 16
11 43 38
13 45 26
38 44 18
27 61 30
30 63 29
25 51 25
23 40 33
32 63 3
25 32 35
30 57 17
32 57 20
23 33 43
33 63 2
24 45 35
29 49 30
37 57 11
23 16 39
25 63 14
28 42 27
22 51 38
35 62 12
18 24 34
9 62 27
20 55 22
24 55 24
22 54 31
22 46 31
21 48 28
20 45 29
18 43 29
17 43 30
15 45 30
18 45 35
16 49 32
17 45 34
15 50 34
20 47 32
20 49 33
17 48 34
16 49 34
19 50 35
22 50 34
20 50 37
20 50 37
18 50 35
18 52 37
19 53 31
24 50 36
30 51 38
36 44 31
1 40 33
4 56 28
46 61 27
39 49 33
0 35 38
14 51 27
55 56 23
7 48 33
5 52 38
53 62 14
39 46 34
0 47 39
17 47 29
52 60 27
5 52 33
11 54 26
57 62 18
19 42 38
3 48 27
50 55 20
26 44 40
3 47 30
53 61 16
9 39 39
19 44 25
47 60 28
14 45 31
18 39 23
34 61 25
35 63 30
21 41 32
24 39 33
38 63 7
23 35 34
30 49 28
35 62 12
24 23 43
26 61 3
32 36 24
20 49 36
37 63 3
26 27 38
25 54 22
35 61 11
23 20 42
23 57 20
32 59 14
25 25 41
25 62 8
31 34 26
22 44 35
34 63 7
25 18 41
23 57 22
36 61 14
25 21 44
26 63 9
30 40 27
21 45 36
39 63 9
27 38 35
23 63 14
29 38 24
24 43 30
39 63 11
25 26 40
33 63 9
29 35 32
25 53 27
38 52 12
22 39 39
29 63 9
32 35 28
24 47 33
38 62 9
23 18 45
34 63 3
27 32 30
26 47 34
39 62 11
24 25 45
31 63 4
27 37 30
24 56 29
34 57 13
19 45 38
35 63 2
23 31 39
25 63 15
31 43 22
23 45 40
41 58 13
14 24 40
11 52 22
21 62 16
31 56 29
32 49 30
22 44 31
18 46 29
13 50 29
17 49 30
20 48 31
20 49 30
21 50 31
21 48 31
19 49 31
18 49 34
19 52 32
23 54 30
25 53 34
27 56 30
24 44 38
27 39 40
31 63 8
19 20 37
31 53 34
35 61 14
26 18 40
22 62 15
30 37 23
24 47 41
34 63 11
25 21 45
29 56 22
28 46 22
19 49 39
38 63 6
28 30 41
27 63 16
28 39 30
14 47 34
16 53 23
23 57 24
30 58 27
27 51 32
23 45 29
18 48 31
16 48 31
19 49 32
19 49 31
19 52 31
20 47 33
21 47 31
20 49 33
18 49 35
16 53 33
21 56 31
24 55 31
24 53 31
27 51 29
29 43 29
26 36 37
29 63 5
24 46 30
22 55 38
28 63 8
29 38 24
24 50 40
34 63 7
29 34 33
29 49 36
32 63 19
25 23 39
28 62 12
31 53 20
23 45 42
38 63 5
26 29 38
26 62 21
29 42 19
23 47 37
39 63 8
25 26 40
26 63 16
33 40 23
24 29 41
35 63 5
27 35 33
30 51 27
32 60 20
27 34 37
29 63 11
25 43 31
24 50 37
33 63 13
26 22 35
30 52 26
33 61 15
25 18 41
26 63 12
31 37 26
21 46 33
34 63 5
26 24 36
26 54 30
35 55 15
26 22 38
24 63 15
31 40 25
20 48 35
30 63 6
30 40 25
20 46 34
33 63 3
30 28 33
22 59 29
33 59 11
26 25 37
28 63 15
29 36 27
24 45 30
36 62 8
25 21 41
31 63 8
28 32 32
26 62 20
28 52 21
8 52 32
19 54 23
27 60 22
29 52 36
26 47 27
23 43 30
15 47 30
15 48 29
18 49 31
19 52 33
20 53 35
19 53 33
22 51 34
23 50 34
30 51 31
35 45 35
8 49 28
6 57 38
51 61 23
43 44 29
0 42 40
16 61 32
59 63 19
19 50 30
5 50 30
44 63 22
42 50 32
0 53 42
14 41 26
59 61 15
11 54 33
6 48 33
56 62 12
27 46 35
2 52 34
55 63 14
21 40 37
18 41 25
22 47 29
27 62 31
23 53 36
21 50 34
18 48 36
20 49 35
20 49 36
20 48 36
21 50 39
19 49 37
20 52 38
22 51 35
24 53 36
28 53 36
38 42 33
8 53 28
3 52 30
47 63 26
47 47 28
0 42 41
15 52 27
62 63 15
28 52 32
3 50 28
21 49 33
58 62 22
3 44 29
12 46 32
55 63 21
23 41 33
6 55 35
51 53 25
31 56 41
9 44 31
48 62 17
12 46 42
23 50 26
48 60 20
8 44 41
44 55 15
17 44 35
21 45 23
22 39 25
23 58 25
25 50 33
22 56 27
20 47 27
19 47 30
18 52 27
21 48 28
19 50 28
18 51 29
21 52 30
24 55 29
25 52 30
26 56 27
25 43 32
27 40 35
33 63 13
22 38 38
27 56 39
37 63 11
27 32 36
30 49 37
33 62 17
26 10 37
20 63 22
29 47 18
24 41 38
24 63 12
34 41 26
22 53 39
29 63 9
29 30 34
28 48 36
31 63 9
28 29 37
26 55 28
35 58 15
27 18 38
24 61 19
33 46 20
25 41 32
25 63 12
28 41 28
26 51 31
31 61 18
26 31 35
26 62 19
29 48 21
23 35 36
27 63 11
27 41 31
24 53 38
37 62 14
26 11 39
23 59 28
36 57 15
28 25 38
22 63 12
32 53 14
25 36 37
31 63 8
26 30 34
25 59 19
30 45 20
25 44 34
35 60 13
25 26 41
34 63 8
24 36 33
14 55 28
15 55 17
25 52 24
28 53 30
26 52 28
21 48 26
19 46 31
18 49 32
18 51 33
18 50 33
18 50 32
18 51 32
21 48 33
25 52 34
24 55 32
26 56 30
25 60 34
26 18 34
26 63 14
23 48 29
20 54 42
32 63 10
27 55 34
25 54 42
35 63 11
28 20 35
22 62 33
36 61 16
25 18 38
26 62 20
33 41 17
21 42 38
29 63 9
26 33 34
26 49 33
36 58 17
23 32 39
34 63 14
24 30 36
21 62 26
23 49 26
29 53 27
32 62 27
26 47 22
13 29 27
15 54 27
49 61 20
32 53 24
0 41 28
17 46 24
54 62 19
2 48 38
20 45 23
36 58 18
16 38 28
19 40 23
22 60 31
25 54 32
22 57 33
20 48 30
18 48 33
19 46 32
16 51 32
17 52 34
21 53 33
24 49 33
27 48 33
31 52 33
29 56 33
14 50 27
4 54 30
40 59 27
55 61 27
0 35 42
8 62 26
61 62 18
27 51 33
5 44 26
30 57 28
54 55 25
1 45 33
4 36 25
57 63 19
34 50 31
0 40 35
24 56 26
56 57 22
15 48 31
2 56 25
43 62 27
43 50 32
1 45 37
16 46 29
56 60 21
32 44 34
7 47 27
55 53 14
16 49 35
13 50 28
44 60 24
16 50 33
47 57 18
10 38 29
18 44 26
20 44 27
24 58 28
24 52 27
21 53 31
17 50 28
18 48 31
17 46 31
16 49 28
19 49 31
18 52 32
20 51 30
22 51 31
27 50 31
25 56 28
24 48 29
26 25 36
24 62 17
23 55 24
21 39 40
32 62 13
25 44 27
20 51 42
32 63 11
26 44 33
23 51 37
34 63 13
25 21 35
25 63 31
33 60 16
22 25 42
26 62 12
29 38 23
21 45 38
28 63 10
26 45 30
23 50 34
33 63 11
24 24 39
25 61 27
29 61 18
27 18 41
25 63 19
30 37 24
25 44 35
35 63 15
24 25 37
33 63 15
27 33 35
28 59 27
30 49 21
25 50 34
35 62 14
15 23 40
15 45 33
21 63 19
25 56 27
29 45 29
20 52 32
17 46 30
16 49 30
17 48 32
16 47 32
18 50 32
22 54 32
23 53 31
24 49 34
26 54 31
24 54 33
28 28 36
27 63 10
20 44 31
21 53 42
36 63 13
23 22 37
24 61 31
33 61 20
22 24 39
27 62 20
31 34 24
21 48 37
34 63 14
24 24 39
26 62 19
28 44 25
21 51 36
35 63 13
25 35 32
27 60 20
33 48 20
24 46 37
32 62 13
29 31 33
30 63 14
29 34 26
23 59 31
27 54 23
17 48 36
29 63 27
31 56 25
28 50 25
26 47 26
4 34 34
18 50 28
58 63 16
28 49 28
1 46 29
31 49 29
49 60 22
1 47 36
46 57 15
11 42 35
20 49 23
17 51 30
28 63 36
23 55 30
20 47 36
15 54 31
17 49 33
18 50 33
20 47 35
18 51 36
17 52 34
19 52 36
21 54 34
26 49 35
29 49 33
34 53 32
14 44 29
7 48 34
39 62 31
46 53 28
0 45 39
12 53 32
58 63 19
31 48 30
0 42 36
23 53 31
48 60 24
9 45 30
3 45 31
46 63 24
35 44 31
0 49 41
11 44 26
53 62 20
25 44 32
3 48 35
34 56 32
46 52 27
0 49 39
30 52 29
45 56 27
6 47 36
47 49 18
15 54 39
19 42 24
26 41 20
25 48 34
20 56 36
19 54 31
17 51 31
17 50 31
17 50 30
18 49 32
18 51 32
21 54 31
23 54 33
24 51 35
23 53 27
24 49 31
26 33 34
27 63 11
15 40 33
25 55 39
37 63 12
24 23 35
28 58 35
31 62 20
25 18 40
25 59 19
31 49 20
21 44 41
30 63 11
27 29 37
25 57 24
31 53 18
22 44 38
37 63 6
23 31 40
26 63 18
32 45 23
19 45 36
41 63 7
23 28 42
27 55 34
39 62 17
24 28 42
29 62 13
26 33 27
25 50 37
32 63 11
23 24 39
27 63 25
29 55 20
23 35 37
32 63 16
29 28 29
23 49 36
33 63 15
26 22 35
24 62 28
30 53 21
23 23 38
27 63 15
29 32 21
23 45 37
31 63 8
28 28 33
24 61 22
30 55 21
26 24 39
31 63 11
28 35 30
26 50 32
36 58 16
25 41 36
29 63 14
28 30 30
26 54 26
34 56 20
21 47 37
23 63 20
21 46 33
32 62 32
36 57 22
21 44 23
14 35 26
24 56 31
55 58 18
6 47 27
2 50 28
61 58 16
15 52 30
8 47 33
45 62 16
8 34 33
16 49 24
25 54 25
25 59 34
21 53 30
18 51 31
17 45 33
16 46 32
17 51 33
18 50 35
20 56 34
24 52 34
27 50 36
34 52 32
25 50 25
0 41 31
22 48 29
55 57 25
9 53 31
5 45 27
55 62 20
32 47 28
0 41 34
27 57 29
52 53 27
0 45 33
15 48 25
53 62 22
37 44 28
0 39 31
22 48 33
53 60 23
14 54 30
5 51 35
50 58 22
38 49 40
1 38 36
18 62 30
55 63 28
18 45 29
8 53 27
50 60 28
20 53 38
10 47 24
52 63 27
7 41 33
17 50 25
52 60 29
6 41 30
16 42 25
45 62 21
33 62 30
21 45 30
14 44 34
26 63 1
28 37 30
25 55 34
37 63 2
21 33 40
26 62 17
35 47 15
22 46 35
37 63 3
23 30 37
29 61 15
32 42 21
24 52 35
36 63 3
24 32 39
28 62 18
30 43 18
21 52 36
38 63 4
24 28 35
26 62 17
29 41 25
27 52 33
38 62 9
23 32 40
30 52 27
32 57 13
20 21 46
31 62 13
31 39 20
20 47 34
30 63 4
25 20 37
28 56 30
35 62 17
26 24 38
26 63 18
29 48 23
21 52 34
40 63 14
25 23 41
31 62 11
28 34 26
25 47 34
36 61 13
21 16 40
13 41 29
15 63 18
26 57 23
29 50 33
24 49 34
19 48 31
17 48 33
15 49 32
16 50 30
18 50 32
19 52 33
22 54 32
22 52 31
26 54 27
27 56 32
26 26 36
28 63 12
24 30 29
25 54 39
33 63 11
26 16 38
31 54 32
35 63 15
25 14 43
25 63 15
31 38 22
22 49 35
38 63 11
26 28 40
32 63 12
30 49 25
23 54 39
25 62 23
26 54 35
32 61 28
30 51 29
8 33 40
18 62 19
40 62 30
42 51 31
0 46 32
17 52 27
50 57 24
2 48 43
28 48 24
43 48 27
2 50 39
12 60 34
58 62 18
17 43 36
1 38 32
31 52 29
54 53 24
4 51 35
1 56 32
35 57 28
50 46 27
6 54 32
15 46 30
42 60 28
39 47 27
1 51 31
18 47 24
57 63 17
24 38 33
6 57 34
40 52 23
41 51 28
2 52 33
16 42 28
57 62 19
21 56 35
7 47 29
35 52 25
44 61 30
7 36 42
22 53 24
27 49 31
27 56 40
30 63 24
20 36 33
23 52 31
27 59 19
19 42 39
26 63 17
24 21 33
24 52 31
26 61 21
21 40 35
30 63 20
24 29 32
25 45 29
31 61 16
24 32 36
23 63 24
24 33 24
22 56 36
31 63 20
22 26 39
27 61 20
24 40 26
21 54 37
31 63 17
24 32 36
24 53 33
33 62 16
20 48 32
25 60 23
38 57 19
20 50 36
26 62 12
29 44 23
23 46 42
29 63 6
24 19 43
28 63 8
25 29 25
10 50 41
20 60 26
31 60 27
39 51 28
29 50 27
19 48 24
19 53 29
21 57 31
27 50 32
27 53 33
28 54 31
22 60 30
29 54 27
24 49 37
21 51 29
22 51 28
21 51 28
25 52 27
26 52 29
26 51 29
24 52 29
23 49 29
23 50 27
21 49 26
20 50 28
18 48 29
19 50 29
21 50 28
22 49 29
21 52 29
22 50 31
23 51 32
24 51 35
26 53 37
25 51 36
23 46 34
22 47 33
20 51 35
17 48 35
17 49 39
20 46 41
19 43 41
15 43 44
12 45 42
14 45 39
18 46 38
22 44 40
23 45 40
26 43 43
27 42 42
23 45 41
22 45 42
18 47 38
15 47 38
12 45 34
10 45 34
12 43 33
10 42 33
12 40 32
14 40 32
13 39 33
12 38 32
12 40 34
12 39 34
12 38 34
13 38 34
13 38 34
11 39 33
13 40 34
13 39 35
11 39 34
13 39 34
14 39 34
12 39 35
12 38 34
12 41 34
12 39 34
13 38 34
11 39 34
13 38 35
12 39 35
14 38 34
11 37 34
13 36 35
11 37 34
13 38 35
13 39 34
13 39 34
12 38 33
13 39 34
13 37 33
12 38 34
13 39 34
13 37 33
13 40 36
