26 51 36
26 51 37
26 51 37
26 51 37
25 51 39
25 52 39
26 49 39
24 47 39
20 48 39
21 47 42
19 49 43
22 47 44
23 47 45
22 49 45
23 48 43
22 47 43
22 45 44
21 44 44
22 43 45
21 41 45
20 44 47
20 43 46
22 39 47
21 39 47
20 39 48
19 38 48
20 37 49
18 38 49
17 35 47
14 37 46
17 39 48
20 42 43
24 43 45
29 49 43
30 49 43
27 51 44
26 47 42
24 50 43
22 49 42
22 48 41
22 48 39
21 49 39
20 49 39
23 49 39
22 50 38
22 50 39
22 49 38
22 48 40
21 49 39
21 49 38
22 49 39
20 48 40
22 48 39
21 49 39
22 49 39
22 49 40
22 48 40
21 50 39
23 48 39
22 49 39
23 50 40
22 49 39
22 49 39
21 50 38
21 48 37
24 49 38
25 50 38
23 51 37
17 51 39
19 52 39
20 48 41
22 51 43
24 54 42
27 52 40
28 51 38
27 52 38
30 50 37
32 15 34
28 59 34
30 60 32
31 29 42
32 56 36
33 57 29
28 26 42
31 60 30
33 56 28
26 30 43
29 62 25
30 50 31
24 33 45
27 62 24
28 49 29
25 36 45
27 63 26
28 47 27
23 53 43
27 63 29
27 52 36
22 52 42
29 63 21
27 36 34
26 48 36
36 62 25
30 34 37
29 48 35
36 55 23
28 27 41
32 63 22
33 36 33
28 51 41
37 62 24
27 29 39
28 62 28
32 57 29
24 48 39
30 63 23
31 36 34
26 48 42
37 63 24
28 21 34
29 54 37
31 63 26
27 30 36
28 56 33
36 62 25
28 32 38
28 63 26
33 44 27
28 46 38
35 63 18
28 33 38
27 52 36
39 58 22
27 33 42
35 63 20
25 36 34
22 57 41
30 63 27
37 57 32
29 45 28
12 33 40
18 46 40
54 63 28
35 44 41
6 45 40
39 52 33
33 49 39
15 50 30
21 42 37
25 56 38
28 51 41
22 53 44
20 47 39
19 49 39
20 50 41
21 47 42
20 50 43
20 51 43
20 51 43
22 52 41
26 50 42
31 48 41
34 58 38
26 51 37
2 35 37
24 44 42
55 62 30
20 51 42
6 58 35
37 56 40
47 46 33
3 50 43
11 50 43
51 63 34
42 43 46
0 44 51
14 44 39
51 63 36
39 42 39
0 39 45
19 53 41
58 63 30
30 48 40
0 38 41
26 50 46
51 62 34
16 45 43
8 48 34
44 54 39
40 44 40
5 47 44
33 52 39
43 54 39
4 44 46
38 51 34
29 58 42
16 48 41
50 63 32
9 36 46
24 49 30
26 54 33
27 48 42
28 52 41
23 51 42
18 57 39
15 47 38
17 50 38
18 51 38
20 50 38
23 54 39
27 52 37
28 57 34
26 61 36
29 23 39
30 54 35
30 62 28
26 24 37
30 59 36
36 61 26
29 35 36
28 59 30
32 55 23
26 45 41
35 63 21
28 33 34
30 51 35
34 61 24
27 26 41
32 63 22
29 38 36
29 49 38
38 62 23
27 25 41
31 63 21
31 39 32
26 54 39
38 63 18
28 34 40
30 62 30
37 58 25
23 48 40
33 63 23
32 48 37
31 55 40
32 62 24
32 22 36
33 61 32
32 59 34
27 30 46
30 63 27
29 52 31
27 48 41
28 63 23
28 34 34
25 53 37
29 63 27
28 30 36
31 52 36
35 60 26
29 34 37
28 63 24
29 42 32
27 46 36
35 63 18
26 27 46
32 63 28
28 46 28
18 48 36
21 58 33
26 56 35
29 54 38
27 46 40
24 46 43
21 46 42
16 48 44
17 48 44
18 47 44
20 50 46
24 50 44
25 47 44
28 46 43
31 49 41
35 49 39
10 53 40
13 50 44
44 49 39
39 44 41
1 43 43
17 55 39
46 59 36
8 49 48
15 49 43
49 61 34
19 49 44
10 54 36
51 58 34
37 51 37
5 51 40
16 58 38
48 62 32
39 46 46
0 49 46
19 53 39
58 63 27
8 50 42
17 47 39
54 63 27
7 38 39
17 57 37
27 59 39
27 47 43
23 56 45
21 44 45
19 49 43
16 45 45
18 49 47
21 53 44
23 48 44
25 48 43
32 49 40
36 39 37
12 53 41
7 57 43
40 59 40
52 60 35
9 46 46
16 43 39
46 58 35
31 48 40
6 48 40
29 57 43
45 54 36
12 46 42
21 48 35
46 63 39
27 50 39
17 48 31
33 53 31
41 63 30
29 60 38
23 37 37
29 55 32
36 62 24
25 20 44
32 61 23
28 54 30
25 50 47
33 63 17
27 27 38
34 63 24
25 42 35
17 55 39
16 57 32
23 62 27
28 51 26
28 54 35
26 48 37
21 43 39
19 49 42
18 47 42
19 46 43
18 45 42
21 46 40
20 48 40
19 47 41
19 47 41
18 46 42
19 46 42
21 46 40
21 48 41
21 50 41
19 47 41
20 48 41
19 45 40
19 46 39
21 47 41
19 47 41
20 48 40
19 48 40
20 49 39
19 49 39
18 47 39
18 47 39
19 48 38
18 46 43
20 45 45
21 43 47
24 41 45
23 40 46
23 43 44
21 42 47
22 41 48
21 38 47
18 37 46
17 37 47
19 36 47
18 36 47
16 33 50
17 32 48
16 31 49
15 32 47
15 34 46
16 37 45
20 37 42
24 42 42
25 41 45
26 43 46
27 45 50
24 43 50
21 43 47
19 41 45
17 44 46
17 44 43
18 44 42
17 43 42
18 45 42
19 44 42
18 45 42
17 44 41
17 41 39
16 41 39
15 42 38
