23 43 48
24 43 47
22 43 48
21 43 48
22 42 47
21 40 48
22 42 47
21 41 47
19 41 48
18 40 50
21 44 49
27 45 56
30 43 54
34 45 51
35 38 50
35 35 51
32 36 49
30 38 49
25 39 49
22 35 47
21 34 49
26 34 49
24 35 50
25 35 51
25 39 51
26 38 50
25 38 50
26 40 50
26 40 50
26 40 50
24 40 53
22 41 52
24 43 51
26 47 48
33 42 48
40 39 46
41 33 48
42 28 49
42 23 49
39 22 55
38 26 57
38 29 54
39 31 55
39 30 53
39 30 52
42 29 51
44 27 47
44 30 53
43 31 50
44 37 48
41 42 50
38 44 50
30 47 50
25 42 47
23 40 51
23 36 49
26 39 50
25 39 51
26 37 50
23 37 49
25 38 52
26 39 51
26 38 51
27 38 51
26 37 52
27 38 52
27 39 51
27 39 51
27 37 51
26 39 52
26 39 51
27 36 51
27 38 51
27 39 51
26 38 52
27 41 52
28 37 52
28 38 51
27 37 52
26 37 51
27 36 50
27 38 51
26 38 50
25 36 49
27 39 52
26 37 52
27 38 50
24 36 50
26 37 51
27 37 51
26 39 52
27 38 51
27 36 51
26 37 52
26 38 52
28 38 51
28 38 53
26 37 51
26 41 50
28 39 50
27 41 50
26 39 50
26 40 50
27 39 51
26 37 46
27 41 51
28 39 52
28 40 52
26 39 51
26 40 51
27 39 51
26 40 52
26 40 50
28 39 51
26 40 51
26 40 51
26 40 52
26 41 51
27 40 51
27 41 51
26 40 51
28 39 52
26 39 51
25 40 51
28 40 51
26 41 50
27 40 50
27 40 51
27 41 51
28 39 50
28 40 50
27 40 51
28 41 51
27 40 50
27 39 50
27 38 51
27 39 51
26 40 51
25 39 52
27 37 52
27 42 51
26 42 53
26 41 51
26 40 51
26 39 50
25 39 49
26 39 50
25 39 52
25 39 48
26 41 52
26 41 50
26 41 51
25 40 50
27 39 51
26 40 51
26 39 50
26 40 52
26 39 51
26 39 50
23 37 47
21 39 53
22 43 52
24 43 51
28 45 49
33 42 50
39 37 49
42 36 47
45 37 45
46 31 45
47 26 41
47 23 47
44 20 51
42 27 52
42 30 51
43 27 48
46 27 50
43 29 51
43 26 50
44 29 49
47 32 49
48 44 47
48 46 42
47 43 42
49 41 42
49 38 42
49 38 42
48 37 42
49 36 44
48 37 44
49 37 44
50 38 43
50 36 42
48 38 42
49 40 43
51 39 42
50 39 42
50 39 43
49 40 43
51 38 43
50 37 44
49 40 45
48 41 45
51 39 43
49 39 42
49 35 43
50 36 44
49 38 45
48 38 47
48 36 45
48 36 43
48 37 44
48 39 45
48 38 45
48 38 46
49 41 46
48 40 45
47 40 45
48 40 45
47 39 44
49 40 44
48 39 45
50 41 45
48 41 45
48 40 44
48 40 44
47 39 44
49 39 43
48 39 45
50 38 43
49 39 44
49 38 45
48 40 45
50 39 44
48 38 44
49 38 43
49 38 44
50 40 46
49 39 43
50 38 44
49 38 44
48 38 43
50 37 44
50 37 44
50 38 45
48 37 44
48 38 44
50 39 44
49 38 44
49 39 44
49 38 44
50 38 44
49 38 44
48 39 44
48 38 45
50 37 44
49 38 44
49 38 45
49 40 44
49 39 44
50 39 44
49 38 44
49 38 44
49 40 45
49 39 44
49 39 45
49 38 44
48 39 44
50 39 43
49 38 43
49 38 44
49 39 44
49 39 44
49 38 44
48 40 44
49 38 44
49 39 45
48 38 46
49 39 44
49 39 45
47 36 45
48 38 46
46 37 47
48 38 47
49 37 47
46 42 46
47 42 45
43 45 46
40 47 44
37 44 44
35 48 44
33 49 45
28 52 45
27 49 46
25 47 47
25 46 48
26 43 48
25 45 48
25 46 48
25 44 48
26 45 48
25 43 49
26 44 48
26 43 49
26 45 47
25 43 49
24 41 49
25 42 49
22 40 49
20 42 46
22 41 48
22 42 45
27 44 45
32 44 45
32 44 47
32 45 48
31 44 48
28 49 49
28 46 51
28 50 54
30 43 51
22 44 52
19 41 46
23 45 45
24 44 47
23 43 46
23 44 47
24 44 47
23 44 47
23 43 47
24 44 47
24 44 46
24 44 47
23 45 47
25 45 47
24 46 47
24 46 47
25 45 47
23 44 47
25 45 45
25 46 46
24 43 47
25 44 47
24 46 47
24 47 47
25 45 46
24 44 46
25 45 46
23 45 47
25 45 47
24 46 45
25 45 47
25 45 47
25 45 47
24 44 47
22 44 49
16 46 45
19 42 45
