26 43 49
25 45 49
26 45 48
27 45 48
27 43 49
25 45 50
26 43 49
25 44 49
25 40 52
25 53 57
30 51 54
30 51 53
31 45 49
31 41 46
34 39 42
31 39 40
26 46 47
23 33 51
24 27 51
23 29 49
24 29 49
23 25 49
23 29 51
22 31 51
23 33 52
17 32 52
20 35 52
24 29 52
28 25 48
29 22 49
32 17 46
32 16 43
31 12 44
30 12 46
30 16 46
31 17 44
33 19 47
36 21 35
39 41 48
42 31 52
46 35 59
48 40 56
44 41 50
46 41 45
46 40 47
46 43 40
47 41 46
49 40 41
49 38 41
49 39 40
49 38 43
50 39 45
49 40 46
50 37 45
51 36 44
49 36 45
46 32 45
45 35 47
45 35 47
47 35 48
46 34 46
47 33 47
47 33 48
47 32 48
47 34 47
48 35 47
48 35 48
47 36 46
48 33 47
47 34 48
50 34 46
50 33 47
49 34 45
49 33 45
49 34 46
48 32 45
49 34 45
48 32 45
49 33 47
49 32 46
48 32 46
48 32 47
49 32 46
48 32 46
48 33 45
49 32 47
48 33 46
48 32 45
48 34 46
48 33 47
48 33 46
47 32 46
48 32 46
48 33 46
49 33 46
48 33 47
47 32 45
48 33 47
48 33 46
48 32 47
48 33 47
49 33 47
49 33 47
48 31 46
48 33 46
48 34 46
48 32 47
48 34 47
47 32 47
48 32 46
47 33 46
47 33 46
47 33 47
47 33 47
48 32 46
49 32 47
48 32 47
48 32 46
48 33 47
47 33 46
47 33 47
48 33 48
48 32 47
47 32 47
47 33 48
48 32 46
48 33 45
50 34 44
48 34 43
49 35 42
49 37 45
50 35 47
50 37 47
46 36 49
47 34 48
46 36 48
45 38 46
44 39 48
44 38 49
48 36 47
48 37 46
46 38 47
45 37 49
45 35 49
46 37 47
46 38 47
45 38 49
46 35 48
45 36 48
45 38 48
45 37 49
45 37 49
46 37 49
45 36 48
45 37 49
45 36 49
46 36 48
45 37 48
46 36 49
45 35 48
45 36 48
46 36 48
46 36 48
47 35 48
45 35 49
45 35 49
44 36 49
45 36 49
45 36 49
44 37 49
45 37 49
45 36 47
45 37 48
45 37 49
45 36 49
46 36 48
45 37 48
46 37 49
45 37 48
45 38 48
45 35 48
45 36 49
45 37 50
45 36 50
44 36 49
45 37 49
45 37 48
44 36 49
46 38 49
46 36 47
45 38 47
45 37 49
45 37 49
46 37 48
44 39 49
46 39 49
44 39 47
43 39 49
45 41 49
45 42 45
46 42 45
45 42 46
45 42 45
45 41 46
47 41 45
46 42 45
43 42 44
47 40 46
47 42 46
44 42 45
45 41 45
45 41 47
47 42 46
46 40 44
45 41 46
46 40 46
46 41 44
47 40 46
46 40 45
46 41 46
46 42 46
46 41 44
47 41 46
45 40 46
46 42 45
47 41 45
46 42 46
45 42 45
46 43 46
46 40 46
46 42 45
46 41 45
45 41 45
47 41 45
45 41 46
46 41 45
47 43 45
44 41 46
46 42 46
46 42 46
46 41 46
46 42 46
46 42 46
46 42 45
45 43 46
45 41 46
45 41 46
46 42 45
46 42 45
46 42 44
46 42 44
47 43 45
46 43 45
46 42 45
45 42 45
44 43 45
45 41 45
46 42 44
46 43 45
47 43 44
45 46 47
44 43 46
45 43 44
45 43 46
45 42 45
45 41 45
45 39 43
43 41 50
47 40 44
46 41 46
47 38 47
46 39 46
46 38 46
47 40 47
46 39 46
47 39 45
45 41 47
47 38 46
46 40 46
46 40 47
47 39 46
46 39 48
46 39 48
46 39 46
45 38 46
46 39 46
47 39 46
46 37 47
47 39 47
47 38 47
47 39 47
47 40 46
47 39 48
45 40 48
44 39 49
45 37 48
46 37 48
46 38 47
45 38 43
46 40 46
45 40 44
45 47 45
42 51 44
37 47 40
36 55 39
31 54 36
31 54 39
31 54 39
31 54 40
31 51 39
30 53 41
30 53 39
30 51 40
30 52 39
29 52 38
29 53 39
29 54 40
30 49 42
30 52 45
30 46 44
30 51 43
28 50 46
28 46 46
28 47 49
31 44 48
26 43 50
28 42 53
30 33 52
32 39 52
30 32 49
29 29 52
27 29 52
29 30 54
30 32 54
30 32 52
30 30 51
30 31 53
28 30 53
28 31 53
27 32 52
28 33 52
26 31 53
27 32 53
28 33 50
27 40 53
33 35 53
32 33 51
34 32 48
33 32 52
31 32 47
30 33 52
30 35 51
29 37 57
28 37 56
28 40 53
28 41 53
28 42 51
29 43 53
28 43 51
27 44 50
26 43 49
27 43 47
27 43 49
26 43 48
25 43 48
26 42 48
27 43 49
27 43 49
27 43 48
27 44 49
27 44 49
28 44 49
28 43 48
28 43 49
26 43 48
27 45 49
26 44 49
26 44 48
27 43 49
27 43 50
27 42 48
26 43 48
26 43 49
26 44 48
28 43 49
28 43 49
26 44 49
28 43 49
26 44 48
26 44 49
26 43 49
26 43 49
26 44 50
27 44 52
29 37 52
35 43 53
32 41 51
