27 39 49
27 33 32
29 39 50
29 38 50
29 39 51
29 39 52
28 39 52
28 39 52
29 40 52
30 38 51
29 38 51
29 38 51
29 36 53
28 38 51
29 38 52
29 38 51
28 37 52
27 38 54
26 36 55
25 39 53
25 41 49
28 48 48
35 49 48
39 44 46
44 43 44
45 41 43
48 37 43
45 33 45
46 31 47
47 29 51
47 31 49
47 29 51
47 30 50
46 30 46
45 28 47
45 29 46
44 27 46
46 27 48
46 29 48
45 29 48
45 27 47
44 29 48
45 28 48
45 29 48
45 28 49
46 28 49
45 27 49
44 28 49
45 27 49
44 25 49
44 26 50
42 27 48
42 28 48
41 26 49
42 27 49
42 26 49
45 27 49
43 27 50
43 28 49
44 26 49
43 28 49
43 27 50
43 26 49
43 28 49
42 27 50
43 28 49
41 28 49
44 27 51
42 30 51
42 30 50
43 28 49
42 31 50
42 29 51
42 27 50
42 28 50
43 28 50
43 27 49
43 28 50
42 27 50
42 28 49
43 25 49
43 28 48
42 27 49
42 27 48
42 27 49
42 26 48
43 27 48
43 29 50
43 27 50
43 26 52
43 28 49
43 28 48
43 30 51
43 29 49
43 29 50
43 29 49
43 28 49
44 28 50
44 28 49
42 29 48
43 28 50
42 28 50
43 28 49
43 28 50
43 30 50
44 29 50
43 28 50
43 29 49
43 28 50
44 29 49
42 28 50
42 28 51
43 27 49
43 28 48
43 29 49
43 27 51
44 27 49
44 28 49
43 30 51
43 28 48
42 27 48
44 28 50
43 29 50
44 30 49
43 29 49
43 28 49
43 29 49
42 28 49
42 29 50
43 30 51
43 30 49
43 30 50
42 30 49
42 29 51
42 29 50
43 30 50
42 31 50
43 29 49
42 30 50
43 31 51
42 30 49
43 28 50
42 30 50
43 30 50
43 30 48
42 30 51
42 31 50
43 30 50
41 31 51
43 30 50
42 29 50
43 29 49
42 29 50
42 28 52
43 30 51
42 29 50
42 28 50
42 29 50
43 28 51
42 29 52
42 30 49
43 28 49
42 29 50
42 28 50
42 28 51
43 29 50
42 28 50
42 29 51
43 29 50
42 29 50
42 28 50
42 29 50
42 29 50
42 28 50
41 29 49
43 27 49
42 29 51
42 28 50
41 27 50
42 29 50
41 29 50
42 27 51
42 29 50
43 29 50
42 29 49
42 28 49
42 28 50
42 29 49
42 29 50
42 29 50
43 27 50
43 28 50
42 29 49
42 28 49
41 26 50
41 29 50
42 28 49
42 28 50
42 28 49
42 29 50
42 28 49
41 27 50
42 29 50
43 29 51
42 27 51
44 29 50
41 29 51
43 29 49
41 28 50
41 29 50
43 29 50
43 28 51
41 27 50
43 29 49
42 30 50
42 30 50
43 29 50
42 29 49
43 29 50
42 30 50
44 28 49
42 29 50
41 29 51
43 29 49
43 29 49
41 29 50
43 28 50
42 29 50
41 30 51
43 30 49
42 29 50
41 28 50
42 31 48
42 30 51
41 30 51
41 30 49
42 31 51
43 29 50
42 30 50
43 29 50
42 31 51
42 30 50
42 30 50
42 30 51
42 29 51
43 30 50
43 30 51
42 30 50
42 29 51
41 30 51
41 31 51
42 30 51
41 30 51
43 30 50
42 31 49
42 30 50
42 30 50
42 32 51
42 31 50
42 31 52
42 30 50
42 31 50
42 31 50
41 30 50
43 30 50
41 30 51
42 31 51
41 30 51
42 30 51
42 30 50
42 30 50
41 30 51
42 31 51
41 30 50
42 30 50
42 30 50
41 30 50
41 30 51
41 31 50
42 31 50
41 30 50
42 30 50
42 30 51
41 30 51
42 31 50
42 31 51
42 32 51
42 31 50
42 31 51
42 30 51
42 30 51
43 30 50
41 31 50
41 30 50
42 30 50
41 30 51
42 30 50
42 30 51
42 31 52
42 31 50
42 29 51
42 31 51
43 32 51
42 30 50
42 32 51
41 29 50
43 31 51
42 30 50
41 30 51
42 30 50
43 30 50
42 29 50
43 29 50
42 30 50
43 31 51
42 29 52
41 30 50
42 29 51
43 31 50
42 29 50
42 30 51
42 30 50
43 30 49
42 31 50
41 29 51
41 30 50
42 31 50
42 29 51
42 31 50
43 32 50
42 31 51
42 31 49
42 30 51
41 30 49
42 30 50
42 30 50
42 30 50
43 31 51
42 30 51
42 30 51
41 31 50
42 31 51
43 31 50
41 31 51
43 31 51
41 29 50
41 30 49
42 31 51
42 31 50
42 30 51
42 31 51
42 30 50
43 29 50
41 31 51
42 30 50
42 30 51
43 31 51
42 30 50
42 29 51
42 30 51
41 31 50
42 29 50
42 31 51
41 30 50
41 31 51
41 31 51
42 31 50
42 30 50
42 30 51
42 29 51
42 30 50
42 32 51
42 29 51
43 30 50
42 30 50
42 31 50
42 29 51
42 30 50
41 31 50
42 31 51
42 30 50
42 29 51
41 31 51
42 30 50
43 30 50
41 31 50
43 30 50
42 30 50
42 30 51
42 29 50
41 30 50
43 30 50
42 31 50
41 29 51
43 30 50
42 31 49
42 29 51
42 30 51
42 31 50
42 30 51
42 31 50
42 30 51
42 29 50
43 30 49
42 30 49
42 29 51
43 29 51
42 29 49
43 30 50
42 30 50
41 31 51
42 28 51
43 29 50
42 29 49
42 28 50
42 28 50
41 27 51
43 28 50
43 27 49
42 28 49
42 29 51
43 28 50
43 28 50
42 28 49
42 28 51
42 27 51
44 28 49
42 30 51
42 28 51
42 28 50
42 28 51
42 29 50
43 30 49
41 29 51
42 28 50
42 29 49
42 28 51
42 29 50
42 28 51
44 29 51
42 29 51
41 28 50
42 29 49
43 28 50
41 30 50
42 29 52
42 28 51
43 29 50
43 29 48
43 29 49
42 28 50
43 28 49
43 27 49
43 28 49
42 27 49
42 28 49
42 28 51
43 28 49
42 27 50
43 29 49
43 29 49
43 28 51
43 29 50
43 29 49
42 29 50
42 29 50
42 29 50
43 30 50
41 29 51
43 29 50
43 29 50
41 28 50
42 29 49
43 30 51
42 30 49
42 28 51
42 30 49
43 28 48
43 28 51
43 31 51
43 30 51
42 28 51
42 29 51
43 29 50
43 30 50
42 29 50
42 29 50
43 28 50
42 28 50
42 29 49
43 30 51
42 30 51
43 30 51
42 30 51
43 29 48
43 30 50
42 30 52
43 30 50
43 29 51
42 31 50
42 31 50
42 30 50
42 30 50
42 31 50
42 30 49
42 30 51
41 30 51
42 30 50
42 31 50
42 31 51
43 31 50
42 30 50
42 30 51
41 31 50
43 30 50
42 29 50
42 29 52
42 30 51
42 31 50
43 30 50
41 30 50
42 31 51
41 31 51
43 32 51
43 31 50
41 30 51
42 30 50
42 31 51
42 30 50
41 32 51
42 32 51
42 31 51
42 32 51
41 32 52
41 31 51
40 31 51
41 32 51
41 33 52
41 32 52
42 32 52
41 32 52
41 34 50
41 34 50
42 32 51
42 32 51
42 33 50
41 33 51
40 34 51
41 32 51
41 33 51
41 33 50
39 34 52
41 34 50
41 33 51
42 33 51
42 31 50
41 32 51
41 31 51
41 31 51
42 31 51
42 30 48
42 29 50
44 29 49
43 27 50
43 27 49
43 28 50
43 30 50
42 30 51
39 30 53
41 29 50
43 29 50
42 30 48
42 32 49
42 35 51
41 35 51
41 34 52
40 36 52
41 35 51
42 37 51
41 33 50
40 35 51
40 35 51
40 35 51
40 36 51
41 36 52
41 33 50
40 34 51
42 34 52
40 34 51
42 33 51
41 32 50
40 33 50
41 33 50
42 32 52
41 32 51
41 32 52
40 32 51
42 32 51
40 32 51
42 32 52
41 32 51
41 32 51
42 31 52
41 32 50
42 32 51
42 30 51
42 31 50
41 32 52
41 31 51
41 30 52
41 30 50
41 31 52
42 32 50
40 32 51
41 30 50
41 30 51
42 30 51
41 31 51
42 32 51
42 31 51
42 31 51
42 31 50
42 31 50
41 32 50
40 31 52
42 31 50
42 31 50
41 32 50
41 30 52
41 32 51
41 31 51
42 31 50
42 30 51
42 30 51
41 31 51
42 31 51
41 31 51
41 31 51
41 32 51
42 31 50
41 31 51
41 31 50
42 31 51
41 31 51
41 30 51
40 31 51
42 32 50
42 31 51
41 30 51
41 30 50
40 30 50
42 32 51
42 32 51
41 31 52
42 31 51
42 30 50
41 32 50
40 30 50
41 31 51
39 31 51
41 31 51
41 31 50
41 31 51
41 31 50
41 31 51
41 31 52
42 30 51
42 31 51
41 31 51
41 31 51
41 30 51
41 31 51
41 30 51
42 30 49
40 31 50
42 29 51
42 30 51
43 31 51
42 28 51
41 31 51
42 30 51
41 30 51
41 30 51
42 30 50
42 32 51
42 32 50
41 31 51
41 29 51
41 30 50
41 29 50
43 30 52
43 29 52
42 31 51
42 32 51
43 32 51
41 31 50
42 31 51
42 30 50
41 30 50
42 31 51
41 31 51
41 31 50
41 31 51
42 30 51
41 30 51
41 32 50
41 31 50
42 30 51
41 30 51
40 30 51
42 31 51
40 31 51
42 31 51
41 30 51
41 30 51
41 30 51
41 31 50
40 30 51
42 29 50
41 31 51
40 30 51
42 31 52
42 31 51
41 30 50
42 31 50
42 32 51
41 32 51
41 31 51
41 32 50
41 30 51
41 30 51
40 29 51
41 32 51
41 30 51
42 32 51
42 31 50
42 32 51
40 30 50
41 30 52
41 29 50
42 30 51
43 31 50
42 29 51
41 30 51
41 30 51
41 30 50
40 28 51
41 31 51
40 30 50
41 31 50
41 31 50
41 29 50
42 30 50
40 30 51
42 30 51
42 31 51
41 30 51
41 30 52
41 31 52
41 30 51
41 31 51
41 31 50
42 30 51
41 31 52
41 31 51
41 31 50
41 31 51
41 31 51
42 31 51
40 30 51
40 31 51
42 31 52
41 31 51
42 31 50
42 30 51
41 30 51
42 31 51
42 29 50
42 31 51
42 31 50
41 30 51
41 31 51
41 31 52
41 30 51
41 30 51
42 30 51
42 31 50
41 31 51
41 31 51
42 31 52
41 30 51
41 30 50
40 31 52
42 32 51
40 30 51
41 31 51
42 31 51
41 32 51
40 30 52
41 30 51
42 29 51
42 31 50
41 30 50
42 30 51
41 31 52
42 31 51
41 31 51
41 31 51
41 32 51
41 31 51
41 31 51
42 31 50
41 29 51
41 30 52
43 29 50
42 31 50
41 30 52
41 31 51
41 29 50
41 30 50
41 30 52
42 29 50
42 30 51
42 29 51
41 30 49
42 30 51
42 30 51
42 30 50
42 30 51
42 29 51
41 29 50
41 29 50
42 30 50
42 30 50
42 31 51
41 32 50
41 30 51
42 30 51
40 30 50
41 30 49
40 31 52
42 30 50
42 31 51
40 29 50
42 29 51
43 31 51
42 30 51
41 30 51
41 30 51
41 30 51
41 29 50
42 31 50
42 30 51
43 30 51
41 30 51
41 29 50
42 30 50
41 30 51
41 32 51
41 31 51
40 31 51
42 31 50
42 31 51
41 30 51
41 31 51
41 30 50
41 30 51
41 32 51
41 29 51
40 29 50
41 31 51
42 31 51
41 29 51
41 32 51
41 30 50
40 31 50
41 30 51
41 30 51
42 30 51
40 30 50
41 30 52
41 29 51
40 32 52
41 30 50
42 30 51
41 30 51
42 30 51
42 30 51
41 30 51
42 31 51
40 31 50
42 31 52
42 31 51
41 31 50
41 30 50
40 30 50
41 31 50
42 30 50
41 30 51
40 29 50
41 30 50
42 30 51
42 31 51
41 30 51
41 30 50
41 28 51
40 29 51
42 29 51
42 30 51
42 30 51
43 31 50
41 31 52
41 30 51
43 31 51
42 30 50
42 30 50
42 30 50
41 29 51
42 31 50
41 30 50
41 30 51
41 31 52
42 30 51
42 30 51
41 31 51
41 30 50
41 30 51
42 31 51
41 31 51
41 30 51
42 30 50
43 31 51
41 31 51
42 31 50
41 29 50
41 31 50
43 30 51
42 31 52
43 31 50
41 30 51
43 30 50
41 31 51
41 32 51
42 31 50
41 29 50
42 29 50
42 29 50
40 30 51
42 30 50
41 30 51
41 28 50
40 29 49
41 28 50
42 28 50
41 28 51
41 28 51
42 29 50
41 29 51
41 28 50
41 29 50
41 28 50
43 27 50
42 28 50
41 29 50
42 28 51
42 30 50
42 31 51
39 29 51
42 30 51
42 29 49
42 29 51
42 29 51
42 28 50
42 30 50
44 29 51
41 29 50
42 29 50
41 29 49
42 29 50
41 28 50
40 28 51
42 27 49
44 27 48
44 27 48
41 27 49
44 27 49
43 28 50
43 27 50
43 28 50
43 26 50
42 28 48
43 28 49
43 29 49
43 28 51
42 27 47
43 28 50
42 27 49
41 26 50
43 28 50
44 27 50
44 27 50
44 27 49
43 27 50
44 28 50
42 28 50
41 29 49
42 28 49
43 28 50
43 28 50
42 28 50
42 29 50
41 29 50
42 28 49
42 27 50
42 28 50
43 28 50
43 27 49
43 28 49
42 29 51
42 28 50
43 30 50
43 30 50
43 30 50
43 28 49
43 26 51
43 26 52
43 27 52
43 27 50
43 29 51
41 31 47
41 37 49
42 36 44
38 40 50
36 41 49
32 41 49
29 41 52
27 39 54
27 36 55
28 34 55
28 32 56
29 32 53
28 30 52
29 29 52
30 30 52
30 31 52
29 32 51
29 31 53
29 28 53
29 24 52
27 25 54
25 26 51
27 28 52
28 32 51
34 33 50
39 33 47
39 32 49
39 30 51
38 28 51
36 29 53
34 30 53
32 32 56
33 22 56
38 20 48
33 14 43
23 47 62
33 25 49
35 29 56
34 30 53
34 32 52
35 32 52
33 32 51
33 34 52
35 32 52
38 29 51
38 30 53
38 31 51
35 26 51
37 27 53
35 25 52
35 26 53
35 26 53
35 27 52
36 27 52
35 26 52
36 27 52
37 25 52
36 27 52
36 27 52
36 27 52
36 26 51
36 26 52
36 26 52
37 26 52
36 26 51
36 27 51
36 27 51
36 26 51
