36 42 51
35 42 50
35 41 51
36 42 51
36 42 50
35 42 51
36 42 51
35 41 51
35 42 50
35 43 51
35 42 51
35 41 50
36 41 52
36 42 50
35 43 50
34 43 51
35 43 50
35 41 51
35 43 51
34 44 47
33 44 48
38 46 49
39 47 50
41 47 52
40 45 52
40 41 52
40 40 50
38 33 49
37 38 48
37 40 49
37 40 49
39 42 49
39 41 48
34 43 49
31 45 47
29 45 48
32 45 48
31 44 47
29 44 46
28 39 46
26 40 46
25 38 49
22 39 51
21 35 52
19 33 54
21 31 53
21 33 51
23 35 54
24 33 53
25 32 50
24 32 50
23 32 52
24 36 55
21 36 55
20 37 55
21 36 54
25 42 50
21 38 51
24 38 46
24 40 45
32 44 41
34 44 41
38 45 40
41 47 41
43 46 41
49 45 41
51 45 42
51 49 45
49 52 45
50 46 42
50 50 42
50 48 40
51 41 38
52 37 35
51 35 38
49 38 42
47 43 47
47 41 45
48 38 42
51 37 44
55 36 45
50 36 44
49 36 43
49 37 42
49 36 43
50 36 43
51 35 45
50 36 43
50 36 43
50 36 44
50 36 44
50 36 44
50 36 44
49 37 44
49 37 46
50 36 44
49 35 44
49 36 44
50 37 44
49 37 45
50 37 45
50 35 43
49 35 44
51 36 44
49 35 44
49 36 44
50 36 44
49 37 44
50 37 44
49 36 45
50 35 43
49 36 44
50 36 44
50 36 44
51 36 43
49 36 43
49 36 43
49 37 44
51 37 43
48 36 45
50 36 43
50 35 42
50 36 43
50 35 44
50 36 43
50 38 44
49 37 44
50 36 43
50 35 45
49 36 44
49 35 43
49 37 44
50 36 44
49 37 44
49 37 44
50 36 43
51 36 44
49 36 43
49 37 43
50 36 44
50 36 44
50 37 44
50 35 44
50 35 44
49 36 44
51 35 43
49 36 43
51 36 44
51 38 46
49 38 45
50 36 44
50 36 43
49 35 45
50 33 45
48 31 45
49 31 44
48 29 44
48 28 41
50 31 42
51 25 42
53 26 41
53 28 40
51 27 41
50 29 41
52 27 41
50 29 42
50 28 42
49 27 41
51 25 41
53 25 41
52 25 40
51 24 40
52 25 40
51 24 39
51 24 40
50 24 39
50 22 38
50 23 41
51 24 38
50 23 41
49 23 39
48 21 40
48 23 40
49 23 40
49 22 41
49 20 41
49 21 41
50 22 40
49 22 40
49 22 40
50 21 40
47 22 41
48 22 41
48 20 40
50 22 40
49 21 39
49 22 40
47 22 41
49 21 41
48 21 41
48 22 41
47 20 40
47 20 41
48 21 40
48 20 40
47 19 40
47 19 39
47 19 37
47 19 37
47 18 38
46 17 39
47 17 40
46 17 40
46 17 39
45 18 39
45 18 38
46 16 39
47 19 41
48 18 41
45 18 40
46 17 40
48 18 38
47 18 39
45 18 39
46 18 39
47 17 40
46 18 40
47 19 40
46 17 39
45 19 39
45 18 39
46 17 39
46 19 39
46 17 40
48 18 40
46 18 39
47 18 39
47 18 39
46 18 39
46 15 40
46 17 39
46 19 39
46 17 40
47 17 40
46 18 39
46 16 39
46 18 38
45 17 40
45 18 39
46 17 38
46 17 40
46 18 39
46 19 40
46 18 40
46 18 40
46 18 39
46 17 39
46 18 40
47 17 40
46 18 40
46 18 40
46 18 39
46 17 39
46 19 39
47 18 40
47 17 40
46 17 40
47 18 40
46 18 39
46 17 40
46 19 40
45 17 39
46 18 40
45 18 39
47 18 40
46 18 39
46 17 40
45 18 40
46 17 39
44 18 39
45 17 40
46 17 40
45 18 39
46 18 40
46 18 38
47 18 39
45 18 39
47 18 41
46 17 41
46 18 39
45 19 39
45 17 40
45 18 39
46 19 39
46 18 39
45 17 38
45 18 38
45 18 40
46 18 39
46 17 39
47 18 41
45 19 40
46 19 40
45 19 40
47 19 39
46 17 39
47 19 39
47 17 40
46 18 40
47 19 39
45 18 40
47 18 40
45 17 40
47 18 39
46 19 39
46 19 40
47 18 40
47 18 40
47 18 40
46 18 39
46 19 40
47 18 40
46 18 39
46 19 39
47 18 39
47 18 40
46 17 40
45 18 39
46 17 39
46 18 38
46 17 39
45 18 39
47 16 39
46 17 39
45 18 39
46 17 39
45 18 39
46 17 40
46 18 39
46 18 39
45 18 39
46 18 39
46 17 40
45 18 38
45 17 39
46 17 40
46 19 40
45 18 40
46 18 39
45 17 40
44 17 40
45 19 40
47 18 40
46 18 40
46 16 39
45 17 39
47 19 39
45 17 40
46 18 40
47 18 40
46 16 39
46 18 39
46 17 39
46 19 39
46 18 40
46 17 40
46 18 39
46 19 40
47 20 40
47 18 40
46 19 40
46 17 40
45 19 41
47 18 40
47 19 41
47 19 39
46 19 40
46 19 40
47 19 41
46 20 40
46 18 40
47 17 41
46 18 41
45 18 40
47 18 40
46 17 40
45 18 39
45 18 39
45 18 40
45 18 40
46 17 40
46 18 40
45 18 40
45 18 40
46 18 40
46 18 40
46 18 40
47 19 40
46 17 40
46 20 40
44 17 39
45 17 40
45 17 40
46 19 40
45 18 41
46 18 41
46 18 39
46 18 40
46 17 39
44 18 39
46 18 39
46 19 40
45 17 40
46 18 40
45 18 40
46 18 39
46 17 40
45 18 39
46 18 39
46 18 39
46 17 40
46 18 39
46 17 40
47 17 39
46 18 39
46 18 40
45 16 39
45 17 39
45 18 39
45 17 39
46 17 39
47 16 39
46 18 40
46 17 40
45 18 40
46 16 39
45 18 39
47 18 39
46 18 39
45 18 39
46 18 40
46 17 39
46 17 40
46 17 39
45 17 39
46 18 40
46 18 39
46 17 40
45 18 40
45 17 39
46 17 40
46 18 39
46 18 40
46 17 39
46 18 39
46 17 39
45 17 38
47 18 39
47 18 40
47 17 39
47 19 38
47 17 37
47 19 41
50 22 41
50 23 42
51 25 42
52 27 44
49 26 48
47 26 46
49 28 48
46 29 49
43 33 48
38 35 50
35 36 50
35 40 48
27 48 46
29 46 46
29 45 50
27 42 51
25 43 50
21 37 54
23 33 50
23 33 52
26 35 51
24 35 52
25 36 52
23 35 51
24 31 53
24 32 50
23 33 50
24 33 52
23 34 52
25 32 50
25 28 50
24 30 50
24 31 52
25 31 51
24 31 53
23 32 55
21 30 53
19 30 48
18 29 47
16 31 45
20 25 46
25 27 48
26 24 49
28 31 50
28 27 50
30 30 50
32 32 53
34 36 50
38 39 52
40 45 47
43 48 45
45 46 43
43 40 44
42 38 44
39 37 51
36 38 55
36 39 55
32 43 62
32 37 51
32 41 52
34 39 52
34 40 52
34 39 52
33 39 51
33 40 51
32 39 51
33 40 52
33 39 51
32 40 52
33 38 52
31 39 53
33 40 52
33 41 54
30 38 51
28 37 51
26 40 50
26 40 47
28 39 49
