13 39 38
13 37 40
15 38 40
14 37 40
11 36 38
12 35 39
15 35 40
11 37 41
12 36 41
13 32 44
13 33 46
18 43 46
22 49 39
29 53 36
35 55 38
34 55 40
34 51 38
33 52 40
33 52 36
35 52 41
36 50 40
35 49 40
37 48 41
35 51 40
37 50 40
34 50 41
33 49 44
32 49 44
33 48 46
32 44 46
33 46 48
31 44 49
29 45 49
31 45 50
32 46 50
31 47 48
31 47 47
29 43 46
29 41 50
30 45 50
26 44 49
27 43 48
27 43 49
29 44 48
28 47 48
29 49 48
29 51 41
30 52 41
33 54 39
35 53 37
34 53 37
38 51 39
39 53 42
43 44 44
41 45 43
41 44 42
42 47 44
41 45 42
43 48 39
46 44 38
50 44 39
52 45 40
50 47 42
46 47 40
45 50 39
44 48 40
43 48 42
41 46 46
42 46 44
42 44 45
42 40 45
43 41 45
46 40 44
50 44 42
51 44 39
52 44 39
53 40 37
55 37 36
54 34 35
53 31 34
52 30 38
51 29 41
53 33 42
54 35 36
51 33 38
52 31 42
54 31 36
53 34 34
52 34 42
51 32 42
53 33 35
53 32 39
53 32 39
54 32 38
53 30 38
52 33 39
52 32 38
52 33 40
53 34 38
53 33 38
52 33 39
53 33 38
53 32 38
52 33 38
53 31 38
53 32 38
54 33 37
53 32 38
53 33 38
53 32 37
54 33 38
53 33 38
54 33 37
52 33 39
52 32 39
53 32 37
53 34 38
53 32 39
52 33 38
53 32 37
52 33 39
52 32 37
53 34 38
53 33 37
53 32 38
52 33 38
54 32 38
52 33 39
52 32 38
53 33 38
53 32 38
53 33 39
53 32 38
53 31 37
53 32 38
53 32 39
53 33 39
52 32 37
52 33 37
53 33 38
54 33 37
54 32 37
53 33 38
54 33 38
54 34 37
53 32 37
54 32 37
53 32 38
54 33 38
54 33 37
53 33 37
53 32 38
54 33 38
53 32 38
53 32 38
53 33 38
53 32 38
54 32 37
53 33 37
53 31 38
52 34 40
53 32 39
54 32 38
53 31 39
52 32 39
53 31 38
52 32 38
53 32 37
54 32 36
53 31 37
53 31 36
53 31 37
53 31 36
54 31 35
53 31 38
52 30 37
53 31 37
53 31 37
53 30 36
53 31 35
52 29 37
53 29 38
53 29 38
53 28 37
52 29 38
53 27 37
52 29 37
53 28 38
53 30 36
53 29 36
53 29 38
52 29 38
53 31 38
53 32 37
53 31 39
53 32 39
52 32 39
54 32 38
52 33 39
52 32 40
52 32 39
52 33 38
52 32 39
52 32 39
52 32 39
53 31 40
54 33 38
53 33 38
53 32 38
50 33 39
54 31 37
53 32 41
52 32 43
52 32 43
51 31 41
54 32 39
52 33 40
51 32 42
48 31 43
49 33 43
43 31 39
44 37 45
47 38 44
52 36 42
53 33 42
55 34 42
57 36 40
52 35 38
53 36 38
54 36 40
53 37 39
50 36 41
50 37 43
49 36 44
50 37 43
50 38 42
51 36 43
51 38 42
50 38 42
51 38 42
52 37 40
52 39 42
51 38 41
49 37 42
51 38 41
51 38 42
52 38 42
53 39 42
51 38 42
51 39 41
50 37 41
50 39 41
51 39 41
50 38 42
50 38 41
51 39 41
52 38 42
52 41 43
50 39 42
50 38 39
50 39 41
52 38 42
50 37 41
50 38 41
52 38 41
51 38 41
50 37 41
52 37 41
51 38 41
51 38 42
51 37 44
50 38 41
50 38 42
51 37 42
51 38 42
49 38 41
51 38 42
51 37 41
52 37 42
52 37 43
51 36 42
52 35 41
51 37 40
52 35 40
53 36 40
52 36 39
52 34 37
52 32 35
54 32 35
53 32 35
54 32 36
52 32 36
54 30 37
53 30 36
52 29 36
53 31 38
53 32 39
53 32 38
53 33 38
52 31 38
52 33 38
53 33 38
53 32 36
54 34 38
52 34 38
54 34 37
52 34 38
53 34 37
53 35 37
53 35 38
53 36 37
53 36 37
53 37 37
52 37 37
52 37 38
52 36 37
53 36 38
53 37 38
52 35 38
53 36 37
52 36 38
53 35 37
54 36 37
52 36 37
53 35 38
53 36 37
53 34 37
54 34 37
53 34 38
53 36 38
53 35 36
54 35 37
53 35 38
53 35 37
53 35 37
53 35 37
53 36 37
54 35 37
52 33 36
53 35 37
52 34 38
53 35 38
53 35 36
53 35 37
53 35 37
55 34 37
53 34 37
52 35 36
53 34 37
54 35 36
53 34 37
52 34 37
54 35 36
53 35 37
53 36 37
52 35 37
54 36 37
53 33 37
53 35 37
53 35 37
54 35 37
52 35 37
53 36 38
52 36 37
54 35 37
53 34 39
53 35 38
53 34 37
53 35 37
52 35 37
53 35 37
53 35 37
54 35 36
52 35 37
54 34 38
54 35 37
53 35 36
53 35 38
53 35 37
53 36 39
52 35 38
51 35 38
52 35 38
54 34 38
52 36 37
53 35 38
53 36 38
52 35 38
54 36 37
53 35 36
52 35 38
53 36 38
53 34 38
53 35 38
53 35 39
52 35 38
53 34 39
53 34 38
54 37 34
53 34 38
53 35 37
54 34 37
52 34 40
51 35 37
52 34 40
54 34 38
52 34 38
53 33 38
51 34 38
54 33 38
52 33 38
53 35 37
53 34 37
53 36 38
55 35 38
53 35 39
54 34 42
60 33 44
55 29 40
45 32 43
41 32 36
40 35 37
45 27 42
48 26 44
44 28 52
48 42 46
55 41 47
54 35 46
51 35 50
52 42 42
51 39 39
50 31 41
50 29 43
49 34 44
51 37 44
49 37 47
49 35 44
49 34 44
49 34 42
50 36 43
50 35 46
49 35 46
49 34 43
50 34 44
49 35 46
51 33 46
49 33 44
50 34 42
51 33 43
50 33 45
51 34 43
50 32 43
51 32 42
50 33 43
50 32 44
50 33 43
51 33 43
50 33 43
51 33 42
51 35 41
50 33 47
50 33 44
52 33 42
50 34 42
50 33 43
51 33 43
50 33 44
50 32 43
50 34 44
51 34 43
53 34 40
52 34 41
50 32 40
52 34 41
54 39 42
51 35 40
52 33 39
51 32 43
50 35 41
52 34 42
50 32 42
51 31 41
51 36 44
51 33 42
52 31 41
53 34 41
53 33 41
51 33 43
51 31 40
51 32 40
52 35 43
51 36 42
51 35 41
53 33 42
52 34 42
53 34 41
52 34 42
51 32 41
53 32 41
53 33 39
52 34 44
52 31 45
51 31 41
51 33 41
51 33 42
51 32 41
51 33 41
52 32 41
52 32 41
52 32 41
51 32 42
52 32 42
52 32 42
51 32 41
52 33 41
52 32 41
52 31 41
52 32 41
52 32 40
51 33 40
51 31 41
54 32 41
52 31 40
52 33 42
53 31 41
52 32 40
53 33 41
53 33 41
51 32 41
52 34 40
52 32 41
52 33 41
51 34 42
52 32 41
52 31 39
53 32 41
53 35 43
52 31 41
52 30 38
51 34 41
52 34 42
53 33 40
51 32 40
53 33 40
53 33 42
53 32 41
52 32 40
52 32 40
53 32 40
52 32 40
53 32 40
53 32 40
53 33 39
52 33 41
52 33 40
52 34 41
52 32 40
51 31 41
53 33 40
52 33 41
52 33 40
52 33 40
53 33 38
54 34 42
54 31 42
56 34 46
52 31 47
52 33 44
48 31 41
52 31 44
51 27 44
50 29 43
48 31 42
45 27 39
46 28 39
47 26 41
52 26 43
54 24 43
52 26 41
50 24 37
50 25 37
50 27 37
49 27 39
50 25 41
51 26 39
52 27 38
53 26 38
53 25 38
52 27 38
53 28 38
54 28 40
54 27 39
53 27 40
52 27 39
50 27 39
51 27 40
51 28 39
50 26 40
50 24 40
49 25 41
50 25 41
50 25 40
50 26 42
51 28 43
49 28 44
49 28 43
50 27 43
50 27 43
50 27 43
49 27 42
48 27 43
50 27 43
50 27 44
49 27 44
50 26 44
49 28 43
48 27 43
46 26 43
49 27 44
51 29 45
54 32 45
52 36 44
47 42 44
41 42 45
36 44 51
33 44 50
35 40 53
39 38 52
39 37 52
37 38 55
35 44 60
40 29 50
36 38 48
38 41 52
36 38 51
36 37 52
37 37 50
38 41 53
39 36 52
39 39 53
39 31 51
37 38 54
31 31 56
19 49 57
32 47 50
41 38 46
44 31 40
46 31 39
42 25 47
36 33 50
24 39 53
20 44 54
15 43 46
7 51 61
19 52 44
25 46 42
24 47 43
21 45 44
21 43 45
23 44 47
25 46 47
26 43 45
28 42 45
27 41 50
29 42 46
28 45 45
26 49 46
16 50 46
18 49 48
24 42 41
21 40 41
19 45 42
18 45 44
21 45 43
23 46 42
21 46 43
23 47 44
25 51 44
24 50 43
24 50 43
24 49 43
27 49 44
24 49 45
24 48 43
25 47 44
25 47 44
24 48 45
24 48 43
25 50 45
23 47 45
22 46 44
21 49 43
20 48 42
