28 44 49
28 44 49
28 46 49
31 45 50
30 42 49
32 43 49
33 43 51
35 43 51
34 41 48
35 41 50
35 41 50
36 40 50
36 41 52
35 40 52
35 37 52
36 38 53
37 37 51
34 39 50
34 38 50
32 38 51
33 37 52
35 35 52
38 36 55
40 39 55
38 38 53
37 42 49
34 41 49
28 39 48
27 40 51
27 39 51
29 37 52
30 38 51
31 39 53
29 37 52
29 39 52
29 38 52
32 39 51
32 40 52
32 39 52
32 39 52
31 39 51
31 39 52
30 40 52
30 40 51
31 39 51
31 37 53
30 39 52
33 38 51
31 40 52
30 43 51
30 48 49
33 44 49
35 41 49
37 38 50
33 34 52
34 34 51
34 32 54
35 33 55
34 32 53
35 34 53
32 33 50
34 31 55
38 34 49
43 38 51
38 42 53
37 43 50
34 41 52
32 37 52
32 39 52
32 39 51
33 42 53
34 37 53
34 37 52
31 38 51
30 37 52
29 39 52
30 36 52
31 36 51
32 37 53
31 36 55
31 38 51
31 37 53
32 38 53
32 36 53
30 37 52
32 36 51
30 37 52
31 38 53
31 35 54
32 37 53
31 35 54
29 36 50
31 40 51
32 38 52
33 38 52
34 38 52
33 38 53
32 37 52
30 37 52
32 37 52
32 37 53
33 37 52
31 39 53
31 39 50
32 36 52
33 38 51
31 37 51
30 37 53
30 37 52
31 37 51
32 37 52
31 38 53
31 37 52
30 38 51
29 38 54
31 37 52
30 42 51
32 36 51
32 35 54
32 35 51
31 35 55
30 34 54
31 33 52
31 34 52
31 35 52
30 32 55
30 32 52
31 33 53
29 34 52
30 34 51
30 34 53
31 34 52
30 34 53
31 34 51
31 32 54
32 35 54
32 36 51
31 34 51
32 36 52
31 36 53
29 36 52
29 36 53
30 36 53
30 36 53
30 37 51
31 38 54
30 38 52
29 37 53
29 32 56
29 30 50
31 38 54
33 37 51
34 39 49
32 38 51
31 37 54
31 36 53
29 36 54
31 36 53
28 36 54
30 34 54
30 35 50
31 37 52
31 37 50
31 38 52
31 38 52
31 37 52
31 39 54
31 38 52
32 38 53
31 38 54
30 37 51
30 37 51
31 39 53
34 38 51
32 38 52
33 38 52
32 38 52
31 40 53
31 37 52
32 39 52
31 37 52
32 37 53
32 39 53
31 37 52
31 35 52
32 36 53
31 36 54
32 37 53
31 36 51
31 40 50
33 38 52
34 41 51
36 44 47
34 54 40
33 51 36
31 54 34
34 54 34
33 53 30
33 51 31
34 49 30
35 54 23
33 54 21
33 54 23
34 55 23
36 55 24
39 54 26
42 50 29
43 50 32
44 46 32
45 42 34
44 43 33
51 42 35
53 40 40
52 39 41
50 38 41
48 38 41
48 40 42
50 39 40
50 38 41
51 38 43
51 38 41
50 40 39
52 40 40
50 40 41
50 40 40
51 40 39
50 39 40
50 38 38
51 38 39
51 39 40
52 38 39
52 38 39
52 38 40
51 39 40
50 40 39
52 39 39
52 40 39
51 37 39
50 39 39
52 40 39
51 38 39
52 40 39
51 40 39
51 41 38
51 41 39
51 39 38
51 41 38
51 39 39
50 41 38
50 41 38
50 40 38
51 40 38
51 41 39
51 40 38
52 40 38
51 40 38
50 40 38
52 40 39
51 41 38
50 41 39
52 40 38
51 41 38
51 41 38
52 42 38
51 42 38
51 41 37
52 41 38
50 41 38
51 42 38
50 41 37
51 41 38
50 40 38
50 42 38
51 40 38
51 41 38
51 40 38
50 40 37
51 41 39
51 41 37
51 40 38
51 40 37
50 41 37
51 41 37
50 40 38
51 41 38
52 42 37
50 42 37
50 41 37
51 41 38
51 40 38
51 41 38
51 42 38
50 41 37
51 40 37
51 41 37
50 41 37
51 40 38
50 42 37
51 40 38
51 41 37
51 40 38
50 42 37
50 40 37
51 41 38
51 40 38
50 42 38
51 41 38
51 41 38
51 41 37
50 42 38
51 40 37
51 42 37
50 40 37
50 41 38
51 41 37
51 41 37
51 41 38
51 41 38
50 42 37
50 42 38
52 41 38
51 41 38
51 42 37
51 41 38
51 41 37
51 41 38
51 42 38
50 40 37
50 42 36
50 42 38
50 42 39
50 41 37
50 40 37
51 41 38
50 40 38
51 41 37
50 42 38
50 41 38
50 41 37
50 41 37
49 41 37
50 41 38
51 40 37
51 40 38
50 40 37
51 42 38
52 43 38
51 41 38
51 41 37
50 41 37
50 42 38
52 41 38
52 42 38
51 42 37
50 41 37
51 43 38
51 41 37
50 41 38
51 42 38
51 40 37
51 41 38
51 41 38
52 41 38
51 41 38
50 42 36
49 41 37
50 41 37
50 41 38
50 42 37
49 40 37
50 42 38
50 41 37
50 41 38
51 40 38
51 42 37
49 42 37
52 40 37
50 41 37
50 42 38
51 41 38
51 43 37
50 42 37
51 42 37
51 41 38
51 41 38
51 42 38
50 41 37
51 42 38
51 42 37
51 41 36
52 42 36
49 41 38
50 41 37
52 41 38
50 42 38
51 43 37
50 42 38
51 41 38
50 42 39
50 41 39
51 42 38
50 38 39
49 40 37
47 42 39
50 43 38
50 43 39
49 43 39
48 46 38
47 46 37
47 45 38
50 45 38
49 44 39
50 44 41
49 43 40
46 47 41
44 49 40
40 50 38
36 51 40
34 50 42
31 50 42
32 51 43
29 49 42
28 47 44
30 48 45
29 47 45
28 44 48
28 43 50
28 45 51
27 42 50
28 42 50
28 42 49
28 42 50
29 43 50
27 41 49
29 42 50
28 41 51
26 40 50
24 37 53
25 39 51
27 43 48
27 44 48
28 43 48
29 48 46
26 44 49
26 41 50
23 38 49
24 40 51
27 35 50
31 36 48
29 34 50
30 37 50
33 37 51
32 42 52
31 44 49
29 46 49
27 47 50
25 49 50
25 47 49
29 45 46
25 44 49
21 42 46
18 37 52
22 42 49
25 42 49
26 40 48
26 41 50
23 40 53
23 42 50
25 41 48
26 40 49
24 41 50
24 40 49
24 39 50
25 41 49
25 40 50
25 38 50
25 40 50
24 39 50
25 38 51
25 37 50
26 38 49
23 39 51
24 39 49
25 41 51
24 38 50
24 39 50
24 40 50
25 39 50
25 39 50
24 39 50
24 39 49
24 38 50
25 39 51
24 39 51
24 38 50
25 39 50
24 37 49
24 39 50
