28 45 47
28 46 48
27 45 47
27 46 48
28 45 48
28 46 47
27 46 48
28 46 48
29 46 49
27 45 47
27 46 47
29 45 47
26 45 47
27 47 48
27 44 48
27 46 48
27 46 47
27 44 48
26 46 48
27 45 48
27 45 47
26 45 48
28 46 47
27 45 47
26 42 48
27 46 50
30 47 54
33 51 56
38 51 54
39 51 50
37 50 46
34 45 40
35 45 41
30 43 44
27 46 43
25 46 40
29 49 34
27 47 38
24 49 42
23 53 41
24 53 39
25 53 39
27 52 40
25 52 40
27 54 38
28 53 38
30 53 40
30 53 41
31 54 39
32 49 41
34 53 40
34 52 38
32 52 41
28 49 45
29 45 49
26 47 48
23 47 49
23 47 52
20 45 45
26 43 41
31 49 31
38 51 29
44 55 29
47 56 33
49 55 31
55 53 37
52 46 35
49 40 37
46 37 35
47 36 37
47 36 42
51 37 41
50 39 40
52 37 41
52 38 40
51 39 40
52 40 41
51 38 39
51 39 39
51 38 40
52 37 39
51 36 40
53 38 38
52 39 39
50 39 41
51 39 39
51 38 38
52 38 38
52 38 39
51 38 38
51 39 39
51 38 38
52 38 39
52 39 39
52 37 39
51 38 38
53 37 39
51 39 40
51 38 39
52 36 38
52 37 39
52 39 39
52 39 39
51 39 39
51 38 38
51 38 38
51 39 40
51 39 38
50 38 38
53 39 37
53 38 38
52 39 39
51 39 37
52 38 38
51 39 38
51 39 38
51 40 39
52 38 38
52 39 38
51 38 38
51 39 38
52 40 37
52 40 39
51 39 37
51 39 38
51 39 39
52 39 38
51 39 39
53 39 38
50 38 38
51 40 38
51 39 38
51 40 38
51 40 37
51 39 37
52 39 38
53 39 37
51 39 39
52 39 40
52 39 38
51 39 38
52 38 38
51 40 39
52 40 38
52 39 38
53 39 39
51 38 39
50 40 39
52 38 38
51 39 39
52 38 38
51 40 38
51 38 38
51 38 39
51 40 38
51 40 38
51 37 38
52 38 39
52 38 38
51 39 38
50 39 38
52 38 38
51 39 38
52 40 38
52 40 38
52 41 38
51 39 39
53 42 38
52 39 38
51 39 38
50 38 40
52 40 40
49 38 41
48 39 38
49 37 42
51 37 41
50 37 42
51 33 43
52 33 42
52 32 42
50 30 41
51 31 42
52 31 42
51 32 42
53 32 43
51 33 43
51 31 42
50 32 40
50 33 40
52 34 42
50 33 45
50 33 44
51 33 44
50 33 44
50 32 42
50 32 42
48 34 42
49 34 43
51 34 45
50 34 45
49 34 44
49 34 44
50 33 44
49 34 45
50 33 44
50 34 45
49 34 44
50 32 44
50 34 43
50 33 44
51 32 43
49 33 44
48 33 44
50 34 44
49 32 43
50 32 43
50 33 44
50 32 43
51 32 44
50 32 44
49 34 43
51 33 43
51 33 44
49 34 43
49 33 43
50 33 43
50 35 43
50 33 45
50 33 44
49 34 43
50 33 43
51 33 44
50 34 44
51 34 43
50 35 44
48 34 43
51 34 44
51 34 43
50 33 43
50 33 43
50 33 43
50 33 43
50 34 42
50 35 43
50 33 44
50 33 44
51 34 43
50 33 43
49 34 43
50 34 43
50 32 43
49 35 44
50 34 44
51 34 43
50 33 44
50 34 44
49 33 43
49 34 44
50 33 44
50 33 43
50 34 44
51 34 44
49 33 43
50 34 43
49 33 43
49 32 42
50 34 43
50 34 44
50 33 43
50 35 44
50 34 44
50 33 44
49 33 45
49 33 43
49 34 43
48 33 44
50 33 43
51 34 43
50 34 44
51 34 43
50 34 43
51 34 44
50 34 42
50 34 44
50 33 43
49 33 44
50 34 43
50 33 43
51 34 44
50 34 43
51 34 44
50 35 44
50 35 44
50 35 44
49 33 43
50 34 45
51 36 43
50 35 44
50 34 44
50 34 43
49 34 44
50 34 44
50 34 44
50 34 44
50 33 43
50 35 45
50 35 43
50 34 43
50 33 45
50 33 44
50 33 44
50 34 44
51 34 43
50 33 43
50 33 44
49 34 44
50 34 44
50 34 44
48 34 44
50 32 44
50 33 44
51 33 44
50 34 45
50 34 44
50 34 44
51 34 43
50 35 44
50 34 43
50 33 45
49 34 44
51 33 45
50 34 43
49 34 43
49 34 44
50 34 44
50 34 43
50 34 44
49 34 44
50 33 43
50 35 43
49 33 43
49 35 44
50 34 44
49 34 44
50 34 43
50 34 44
49 35 44
50 34 44
49 34 42
49 33 44
49 35 44
49 35 44
50 34 43
49 34 44
50 34 44
50 33 44
49 35 43
49 34 44
50 35 44
49 33 43
50 34 44
50 35 43
49 35 44
50 34 44
51 34 44
50 34 43
49 34 44
49 34 44
50 35 44
50 34 43
51 34 44
50 35 44
50 35 43
49 33 44
49 35 44
51 34 44
49 34 44
51 33 44
51 34 44
50 34 43
51 34 44
49 34 43
51 34 43
49 33 45
50 34 44
51 34 45
50 33 45
49 33 43
49 33 45
50 32 46
50 33 45
49 32 45
46 33 44
48 31 45
49 32 46
50 32 47
48 31 46
48 31 45
49 30 45
48 31 44
50 31 46
48 29 45
49 32 46
47 28 46
47 30 45
49 31 44
49 29 47
47 30 46
49 30 45
48 31 46
49 30 46
48 32 45
47 31 45
47 31 46
49 31 46
48 31 47
47 31 46
48 31 46
48 29 46
47 30 45
48 30 45
49 32 45
49 33 46
49 32 47
49 32 45
49 32 44
49 33 45
50 32 44
48 32 46
49 31 45
50 31 45
48 33 47
49 32 46
48 32 44
48 30 43
49 32 44
50 33 45
49 34 46
49 33 47
49 33 46
50 33 45
49 32 44
49 33 44
49 33 45
50 32 45
49 35 45
49 32 45
48 32 45
48 33 43
48 34 45
46 33 46
51 33 47
50 32 45
48 31 45
48 32 45
49 32 46
48 34 45
49 33 44
49 35 45
48 32 46
49 32 45
48 31 46
49 32 46
50 33 45
49 33 45
48 33 45
48 32 45
49 33 46
50 32 45
49 32 45
49 33 45
50 32 46
48 31 44
49 31 46
50 32 46
48 32 45
49 31 45
48 30 43
48 32 45
49 32 47
50 32 46
48 30 45
48 33 45
48 34 45
48 33 47
48 31 47
49 33 47
49 32 44
48 31 45
49 31 45
47 31 47
47 31 46
48 32 45
47 33 45
48 32 46
49 34 46
48 34 45
47 31 44
49 33 46
49 32 46
49 32 45
49 30 44
50 32 45
49 32 45
49 32 46
49 30 45
49 31 45
49 30 45
48 31 45
49 32 46
47 33 46
49 33 45
47 31 46
49 33 44
48 31 45
50 32 45
49 33 45
48 33 47
49 32 46
49 33 45
49 31 45
49 33 45
49 33 46
49 33 45
49 32 45
49 34 45
49 33 47
49 33 45
48 33 44
50 34 44
50 34 46
49 35 46
49 33 46
49 33 46
49 34 45
48 34 45
50 34 44
48 33 46
49 34 46
50 34 44
48 32 47
50 33 44
49 33 45
47 32 45
49 34 45
51 33 44
48 33 46
48 34 45
48 33 45
49 32 46
50 32 45
48 33 45
49 33 44
48 33 46
49 33 47
48 33 45
47 30 45
50 31 46
49 33 46
47 33 46
49 34 46
50 31 44
49 33 45
48 33 46
48 34 46
49 33 47
49 32 46
49 33 46
49 33 45
49 33 45
48 32 44
48 32 44
50 31 47
48 33 45
49 33 45
49 33 44
49 33 46
47 32 47
50 31 42
50 33 44
49 31 44
49 34 44
50 34 46
51 33 43
50 32 44
50 32 44
50 32 45
51 32 45
49 32 43
49 31 43
49 31 44
49 32 45
50 31 45
50 33 44
49 31 44
49 31 44
48 32 45
50 32 45
49 31 44
49 32 45
49 33 46
49 33 45
49 31 47
49 33 44
49 33 45
50 32 45
49 31 45
50 32 45
49 31 45
49 33 46
49 33 46
49 32 44
50 33 45
49 33 45
48 33 46
48 32 45
50 34 46
49 32 45
48 33 45
49 31 45
48 33 45
50 33 45
50 33 45
49 32 47
48 33 46
48 32 46
49 32 45
49 32 46
48 32 44
46 31 45
47 31 45
48 33 47
47 33 47
49 32 48
47 32 48
48 32 46
48 32 47
48 32 47
47 32 47
47 31 47
47 33 47
47 33 46
47 34 46
47 33 47
47 33 47
47 33 47
47 34 47
47 34 46
47 32 46
47 33 46
48 33 46
48 33 46
48 32 47
48 32 47
47 33 45
48 32 47
48 32 47
47 33 47
47 32 47
47 32 46
48 31 47
48 32 46
48 32 47
46 31 46
47 33 46
48 30 45
48 31 46
48 31 47
50 32 45
47 30 46
50 32 47
49 31 46
47 31 46
47 32 46
47 32 46
48 31 46
49 30 46
48 31 46
49 32 45
49 33 46
47 31 46
47 32 45
48 31 45
48 33 47
49 32 47
48 32 44
48 34 45
49 32 45
47 32 46
48 32 46
49 34 47
48 33 46
48 33 45
47 32 47
49 32 45
49 33 46
48 34 45
49 33 46
48 32 46
48 32 47
48 33 47
46 33 46
49 32 47
48 33 46
47 34 46
48 33 46
48 32 46
48 34 46
49 32 47
48 32 46
48 33 46
48 33 46
49 33 47
48 31 46
48 33 46
47 32 47
47 31 47
47 33 46
48 33 46
47 30 46
48 33 47
48 32 47
47 32 47
48 31 47
47 31 46
47 31 46
47 31 47
47 30 46
48 30 45
47 32 46
48 31 47
47 31 46
47 32 47
47 32 47
48 32 46
47 31 47
47 31 47
48 31 47
48 33 46
47 32 47
47 32 47
48 31 47
48 32 47
48 30 46
48 31 46
48 33 47
47 31 48
48 32 48
48 32 46
46 31 47
47 32 46
47 31 48
47 32 48
47 32 48
47 31 47
45 32 48
48 31 48
47 32 48
47 32 46
46 31 47
48 33 48
48 32 48
47 32 47
48 32 47
47 31 46
46 32 47
47 33 47
47 32 46
47 32 46
47 31 46
48 32 46
47 30 46
48 33 47
48 32 46
48 30 47
47 31 47
47 31 45
48 32 47
47 32 47
47 31 46
49 31 46
47 31 46
48 31 47
49 31 46
48 32 46
47 32 46
48 31 45
47 31 46
48 32 46
49 32 46
48 31 46
46 30 45
48 32 46
46 31 46
48 32 47
48 31 47
48 31 46
48 31 45
48 32 47
49 31 48
48 32 47
48 31 46
48 30 47
48 31 47
48 30 47
48 32 46
47 32 46
49 32 47
49 31 47
49 30 46
47 32 46
47 31 47
48 32 47
47 32 47
48 31 47
48 31 47
47 31 47
48 31 47
47 32 46
49 32 46
48 32 47
48 31 47
48 32 47
48 32 46
48 32 47
48 32 46
47 33 47
48 32 47
47 30 47
47 32 46
48 32 47
47 32 47
48 32 47
47 31 46
47 32 46
48 33 46
48 32 47
47 32 47
49 33 47
48 33 48
47 31 45
47 31 47
48 31 46
47 31 46
48 31 46
47 32 47
48 32 48
48 32 46
47 32 47
47 31 47
48 32 47
47 32 47
48 33 46
48 33 47
47 31 47
48 31 46
49 32 47
47 31 46
48 33 47
48 33 46
47 32 47
50 31 46
47 32 46
48 31 46
47 32 47
49 34 46
48 33 46
48 32 46
47 33 45
48 34 47
48 33 46
48 32 47
49 34 46
47 34 46
48 34 46
49 32 46
47 33 48
48 32 48
47 33 47
47 31 46
48 32 46
47 33 46
46 32 46
48 31 46
47 30 47
48 31 48
47 32 47
48 31 46
47 30 48
46 31 46
47 31 48
47 32 48
49 31 47
47 31 47
47 31 45
46 30 46
47 30 47
48 30 46
48 30 48
47 31 48
48 30 47
47 31 47
48 30 48
47 31 46
47 31 47
47 30 48
47 31 46
47 30 46
47 30 46
48 31 47
47 30 47
47 31 47
47 31 46
48 30 47
48 30 46
47 29 47
48 30 46
48 31 45
47 31 47
47 30 47
47 29 46
46 30 46
46 30 47
47 30 46
48 31 46
48 31 47
48 31 47
47 31 46
47 31 47
48 31 47
48 30 46
47 32 47
48 30 47
47 31 46
47 31 46
46 31 47
47 30 47
46 29 46
47 32 47
48 31 47
47 31 47
48 31 47
48 31 46
47 30 46
48 30 46
48 30 45
47 30 47
47 30 47
46 30 46
46 30 46
47 31 46
47 30 47
47 30 47
47 31 46
47 31 46
47 30 47
49 31 48
47 32 47
48 30 46
48 30 45
47 30 47
49 31 46
49 32 46
47 30 46
47 31 47
48 31 46
48 32 48
48 31 47
49 32 46
47 30 45
48 31 46
48 31 47
47 30 46
48 30 47
48 31 46
48 31 47
48 31 46
48 31 47
48 31 46
48 32 46
48 32 47
47 31 47
48 33 45
47 32 46
49 32 47
49 31 48
49 31 46
47 32 47
47 31 47
48 33 45
48 32 46
48 32 47
47 30 46
48 32 47
48 33 45
47 31 46
47 33 46
48 32 45
47 31 46
48 33 46
48 32 46
48 33 46
48 31 46
48 33 46
47 31 46
48 33 46
48 32 47
48 31 46
48 32 46
48 32 47
48 32 46
48 32 46
48 33 46
48 33 46
49 33 46
47 31 46
47 31 47
47 33 46
48 32 47
49 32 47
47 32 47
48 32 48
47 31 46
47 32 47
48 32 47
48 33 47
48 32 47
48 32 46
47 31 47
47 33 48
48 30 46
48 32 46
47 31 47
48 31 45
48 32 46
47 31 45
48 32 46
48 31 46
47 30 45
48 31 47
48 31 47
49 31 45
48 30 46
47 31 46
48 30 47
47 30 46
48 31 47
48 31 46
48 31 47
48 31 45
48 31 46
48 30 46
48 31 47
49 31 46
47 31 45
47 30 44
48 30 45
48 32 45
48 31 47
47 32 48
47 31 46
48 31 45
49 33 45
48 32 46
49 32 46
48 32 47
47 33 45
47 31 46
47 32 46
48 30 45
48 31 47
48 34 48
49 32 48
49 33 47
47 32 45
47 31 45
47 32 46
47 32 47
48 31 47
48 30 46
47 31 46
49 32 47
46 32 47
47 32 47
47 30 48
47 31 47
48 31 46
47 30 47
46 33 46
48 33 47
48 33 46
46 34 48
48 31 47
49 32 46
48 32 46
48 33 47
48 32 48
48 31 46
47 33 46
48 32 47
48 31 46
47 32 46
47 32 47
48 31 47
47 31 46
47 33 47
47 33 48
48 31 49
48 32 48
47 33 46
48 32 47
47 34 46
47 33 47
48 33 47
49 32 46
48 32 47
48 31 46
48 32 46
48 31 46
48 33 47
48 32 47
47 32 47
48 32 47
46 32 47
47 31 46
48 30 48
47 33 46
48 32 47
48 32 46
48 32 46
47 33 46
47 31 46
47 30 46
47 32 46
47 31 46
47 31 46
46 31 47
48 31 47
49 32 47
48 31 46
47 30 48
46 30 47
47 30 46
48 31 46
48 31 46
48 31 47
49 31 48
49 30 47
48 30 48
48 29 45
46 33 44
49 32 46
51 31 49
48 31 47
47 31 46
47 32 46
47 32 45
46 30 47
48 31 46
46 32 47
48 32 47
47 30 47
47 32 46
46 31 47
47 32 46
48 32 46
48 33 47
48 31 46
48 33 47
48 34 47
48 34 48
48 34 47
47 33 46
47 35 45
48 33 44
49 34 45
48 32 44
49 33 46
49 32 46
49 34 46
48 34 45
49 34 46
49 34 45
50 35 43
51 33 46
48 36 44
50 36 44
48 35 45
48 35 44
49 36 45
49 35 46
49 37 45
47 38 46
47 37 46
47 39 46
47 38 46
47 38 46
47 39 46
48 35 46
48 34 47
46 34 46
48 34 47
47 33 46
47 35 46
48 34 47
46 35 46
47 34 46
48 34 45
48 34 46
48 34 46
47 33 46
47 35 46
49 35 46
48 33 46
49 34 48
49 33 46
48 34 45
47 34 45
47 34 46
48 34 45
48 34 46
48 33 48
49 34 47
49 34 46
47 34 47
48 34 45
48 34 46
46 34 46
49 33 47
49 34 46
47 34 46
48 33 46
48 32 47
48 32 47
47 33 47
47 33 48
48 32 45
48 33 46
48 32 45
47 33 46
47 33 46
48 32 46
49 33 47
48 33 46
48 33 46
49 32 46
48 31 46
49 32 46
48 32 47
49 33 46
47 33 46
49 33 47
47 32 46
47 32 46
48 33 46
48 33 46
47 32 46
48 33 47
47 34 46
47 33 46
49 30 46
49 33 46
48 34 46
48 33 46
48 33 45
48 34 47
47 32 46
49 33 46
48 32 47
50 33 44
48 34 46
50 32 47
48 32 45
48 34 46
48 35 46
48 34 46
47 35 46
50 34 46
49 33 46
48 34 45
48 33 45
48 33 45
49 34 46
48 34 47
47 35 46
48 34 46
48 33 46
49 34 46
47 34 45
49 35 46
48 34 46
49 34 45
49 34 46
48 33 46
48 33 46
47 34 45
47 33 46
47 33 46
48 34 46
47 34 46
48 33 45
48 34 46
49 34 47
48 34 46
49 33 46
47 34 46
48 33 46
47 33 46
48 34 47
48 33 47
49 32 47
48 32 45
47 33 45
47 34 45
48 32 46
50 32 47
49 32 47
48 32 45
48 33 45
48 34 44
49 32 46
47 34 46
47 36 46
47 32 46
48 34 47
47 33 46
47 35 47
49 34 46
47 35 47
49 33 47
48 34 46
48 34 46
47 34 45
49 35 47
47 36 46
47 34 47
47 36 46
49 35 47
46 35 47
46 36 47
46 35 46
46 35 46
48 35 47
47 36 47
50 36 46
47 37 46
45 37 45
45 40 46
49 38 46
48 37 45
47 37 46
47 33 46
51 31 48
52 32 49
49 34 45
47 39 46
42 38 44
40 40 45
35 45 44
31 44 46
28 43 46
27 40 52
25 41 50
25 42 54
26 39 53
26 38 53
26 37 52
26 35 52
27 35 51
26 35 52
26 35 51
26 35 54
28 37 53
26 36 51
26 36 53
25 38 50
26 32 55
23 33 53
26 33 52
25 35 52
20 38 48
22 42 48
25 42 46
28 40 47
34 43 44
31 39 47
32 45 48
35 47 44
35 52 49
35 49 53
36 46 51
36 46 52
34 47 51
25 42 55
25 43 47
27 47 49
28 46 48
27 45 48
26 46 48
27 47 48
27 45 47
27 45 47
28 46 48
28 46 48
27 46 47
28 44 49
29 45 48
29 45 48
28 45 48
28 46 48
29 46 48
28 46 47
27 44 47
28 45 47
28 46 47
28 46 48
27 46 47
28 47 46
30 46 47
28 46 47
28 45 47
29 46 47
28 46 47
28 46 47
27 47 47
27 46 46
28 46 48
29 45 47
28 46 47
