29 45 47
29 44 48
29 47 50
32 48 53
33 47 51
34 45 51
36 46 48
37 43 50
37 41 50
36 39 49
34 38 51
32 40 48
31 40 49
31 43 47
30 40 47
30 38 49
26 34 48
25 35 51
25 34 51
25 35 56
29 36 54
28 36 51
27 42 54
23 40 58
23 39 55
22 41 52
26 49 41
32 39 46
40 44 42
48 43 42
51 45 42
49 43 41
50 38 42
50 38 41
50 37 40
50 36 44
50 36 42
51 37 49
50 36 44
48 35 44
50 36 44
50 34 43
48 35 44
50 37 44
50 35 44
50 37 44
50 36 43
50 36 43
48 37 43
49 36 42
48 35 44
50 38 42
50 38 43
50 37 43
49 36 43
50 35 42
51 38 42
52 36 43
50 37 42
50 37 43
48 36 42
51 37 42
50 37 42
49 37 43
51 37 42
49 37 43
51 37 42
50 38 42
50 37 44
51 35 43
51 36 43
50 36 42
50 37 42
50 37 44
50 36 42
49 36 43
51 37 42
50 36 44
50 36 43
51 37 43
51 38 43
50 36 42
50 37 42
50 36 42
51 37 43
50 35 43
50 37 43
51 37 43
50 37 43
50 35 43
52 37 43
49 36 43
51 36 43
50 38 44
49 37 43
50 37 43
50 36 43
49 37 43
48 36 44
51 35 43
50 35 43
48 36 42
48 37 42
51 38 41
54 40 43
53 40 43
50 41 42
48 41 42
40 39 46
35 43 49
30 41 49
27 44 53
27 41 51
27 41 52
27 39 53
28 37 53
29 37 52
29 39 51
28 39 52
29 35 53
27 39 54
24 35 50
21 32 52
23 37 51
26 39 49
31 35 50
32 36 49
32 39 51
34 38 50
36 38 50
32 41 50
30 44 55
29 45 53
31 44 50
32 44 49
34 46 49
37 47 50
32 46 48
30 44 47
29 47 49
30 45 49
30 43 50
31 42 49
32 45 51
31 43 50
31 44 48
31 44 49
31 42 49
29 44 51
29 44 50
30 43 50
28 43 50
29 42 50
30 42 50
29 42 50
28 43 50
28 42 50
30 42 49
29 42 50
30 43 49
28 43 50
29 42 49
29 44 50
29 43 50
29 43 50
31 41 49
30 40 51
