24 33 50
13 57 33
13 57 33
13 57 33
13 22 34
21 34 49
21 34 49
22 35 49
22 34 50
22 35 49
21 34 49
22 35 49
22 33 49
21 35 50
19 33 51
19 34 52
20 33 52
22 36 55
26 34 54
28 32 52
30 34 53
33 32 52
33 35 53
34 32 50
38 38 52
33 42 48
38 41 44
33 47 46
32 44 46
31 39 51
30 40 52
28 39 52
26 37 51
28 38 53
26 40 52
28 42 51
26 43 50
28 45 49
27 45 48
28 45 48
29 46 47
27 48 48
28 45 48
27 48 48
27 45 44
27 54 40
30 53 41
36 49 42
39 46 43
41 44 44
44 43 45
44 39 47
46 32 45
47 31 50
46 25 45
45 27 50
44 21 49
44 29 52
43 26 47
38 38 54
42 33 56
45 29 51
45 35 48
44 38 47
38 45 43
43 44 48
39 40 50
34 42 49
32 40 50
28 39 50
25 40 53
32 34 48
32 37 53
34 37 52
34 34 53
32 32 52
32 35 53
34 29 54
31 32 53
31 33 54
32 32 52
33 32 54
33 33 53
32 33 53
33 32 53
31 37 51
33 39 52
33 39 52
33 35 53
32 33 53
33 36 53
33 36 52
32 35 53
32 34 53
33 36 52
32 33 54
36 35 52
32 34 53
33 33 53
33 34 54
33 33 53
35 34 53
32 33 53
34 31 53
33 34 54
32 33 53
32 34 53
33 34 52
32 33 52
34 32 53
32 34 53
33 33 53
33 35 53
31 34 52
32 34 54
33 34 52
34 33 53
33 33 51
33 34 54
33 33 52
34 34 53
33 33 54
34 35 53
33 35 53
32 34 53
33 34 53
32 33 53
32 35 53
33 34 53
33 33 52
32 33 52
33 34 53
32 35 52
31 34 52
30 33 54
35 35 52
36 35 54
33 34 53
33 33 53
32 35 53
34 34 52
35 33 54
35 31 53
31 35 53
32 36 52
33 33 54
33 35 52
33 33 54
32 32 52
34 33 52
33 33 53
32 33 52
35 34 53
32 34 53
32 31 52
33 34 53
33 33 53
34 32 54
33 33 53
36 31 53
30 32 53
32 33 53
33 33 53
32 33 53
33 34 52
33 34 53
32 32 53
33 34 53
33 34 54
31 34 52
33 33 55
26 41 60
24 47 57
30 46 51
37 44 42
42 34 41
44 33 41
44 34 48
42 39 54
40 48 54
41 45 44
41 52 44
40 50 44
42 50 41
44 48 39
44 51 40
43 48 38
46 51 39
46 50 39
45 47 42
45 46 44
47 42 44
46 37 44
47 35 44
48 35 45
47 33 45
46 34 48
46 34 48
47 35 48
45 33 47
46 32 48
47 33 49
47 32 50
44 32 48
46 31 50
46 29 50
45 31 49
44 29 48
43 30 50
44 30 47
42 29 48
45 29 49
43 29 50
44 29 47
45 28 48
45 27 47
44 28 47
44 27 50
43 29 50
43 28 48
44 29 48
43 28 50
44 28 49
42 28 50
44 27 48
45 27 49
44 29 48
44 29 50
43 29 49
42 28 49
44 29 49
43 28 50
43 29 49
44 30 50
44 30 50
44 29 49
43 29 50
43 29 49
44 29 50
42 28 49
45 29 50
43 29 51
44 30 49
44 29 50
43 30 50
43 30 49
42 29 50
43 30 50
43 30 50
44 30 50
43 30 49
44 28 50
43 29 51
44 30 49
43 29 49
42 30 50
43 30 50
43 29 49
44 31 49
44 29 50
44 30 49
44 29 50
44 29 50
44 30 50
44 30 49
44 30 50
44 29 50
43 29 49
44 30 49
44 29 50
43 29 50
42 28 50
44 30 49
44 30 50
44 29 49
43 29 50
45 30 49
45 29 50
44 29 50
44 29 49
43 30 50
42 30 50
44 30 49
42 30 49
44 30 49
43 31 49
43 30 50
43 29 50
43 30 50
42 30 51
44 30 50
42 29 50
43 29 49
43 30 50
44 30 49
44 29 50
44 30 51
43 30 50
43 29 50
43 29 50
43 30 50
44 28 49
43 30 50
44 29 50
44 30 49
43 29 50
43 29 50
42 30 50
43 30 51
43 30 50
44 29 49
43 30 50
43 30 50
43 29 50
43 28 50
43 31 50
43 29 50
43 29 49
43 29 50
43 29 50
43 29 50
43 29 49
43 30 50
43 30 50
43 30 50
43 29 50
42 30 50
44 29 51
44 30 49
43 29 49
44 30 50
44 30 50
44 30 49
43 30 49
44 30 50
43 28 50
42 30 49
43 29 49
44 30 49
43 29 50
43 29 50
44 31 49
44 29 49
43 29 50
43 29 50
43 29 50
43 30 49
43 31 50
43 30 49
43 30 50
44 31 50
45 29 50
43 30 50
43 30 50
43 29 50
44 30 49
44 30 50
43 30 50
43 29 50
44 31 50
43 30 49
42 30 50
43 30 51
44 30 50
43 30 50
43 30 50
44 30 50
43 30 50
42 30 50
42 28 50
42 31 49
43 30 49
43 31 49
43 30 50
43 30 50
43 29 50
44 30 50
43 30 50
45 29 49
43 30 50
43 29 50
42 30 49
42 30 50
43 31 50
43 30 50
43 29 49
43 29 50
43 30 50
43 29 49
42 30 50
43 31 50
43 29 51
44 30 49
43 28 50
42 30 50
43 29 50
42 29 50
42 30 50
43 29 49
44 30 50
44 31 50
44 29 50
44 30 49
43 30 49
43 29 51
44 30 50
42 30 50
42 31 51
44 31 50
42 29 49
42 30 50
44 30 51
43 30 49
43 29 50
42 29 50
43 30 49
43 30 49
44 30 50
42 30 50
43 29 50
42 29 50
44 30 50
43 31 50
41 29 51
42 29 50
43 30 50
42 30 50
44 30 50
42 30 50
44 29 50
44 31 49
42 29 49
41 31 50
43 30 50
43 29 51
44 30 51
44 30 50
44 29 49
42 29 50
42 28 50
43 29 49
43 30 49
42 30 49
43 29 50
42 28 50
42 29 50
44 30 50
43 30 51
43 30 50
43 30 50
43 30 50
43 31 50
43 30 50
42 31 50
42 29 49
43 30 50
42 28 50
44 31 50
44 29 50
43 29 51
43 29 49
42 30 50
43 30 50
43 29 50
42 30 50
43 30 49
43 30 51
43 29 50
43 30 50
43 30 50
43 31 50
43 29 50
43 30 49
42 30 49
43 31 51
43 30 49
44 29 50
42 31 52
43 30 50
44 28 50
41 30 50
44 31 50
42 30 50
43 29 51
44 30 50
43 30 50
42 31 50
42 31 50
43 30 50
43 29 50
43 30 50
43 30 50
43 30 50
43 29 50
43 29 49
43 30 50
43 30 49
42 30 51
41 31 51
41 29 51
43 32 52
45 31 53
45 31 52
46 33 52
44 33 48
44 36 49
43 37 48
43 31 42
41 37 46
39 41 48
38 40 48
35 44 48
33 47 47
29 44 48
29 43 50
29 43 51
29 43 51
29 41 52
28 41 51
28 41 51
28 40 51
27 40 51
27 45 50
28 39 51
28 39 53
27 36 51
27 36 51
28 38 51
27 38 54
28 36 57
25 43 52
26 44 53
33 42 52
39 40 50
39 40 49
41 39 49
41 35 48
43 29 49
40 32 44
41 31 42
40 35 52
38 35 54
35 45 48
35 41 58
38 32 55
36 36 49
34 41 50
29 44 50
24 43 52
17 51 57
23 39 58
24 37 50
24 38 49
25 42 52
24 40 50
24 38 50
25 39 51
24 39 51
25 38 51
25 38 50
25 37 49
24 37 50
23 39 50
24 38 50
24 39 50
25 38 51
24 39 50
24 38 50
25 39 51
24 39 51
25 38 50
25 39 50
24 38 52
23 38 50
24 38 51
24 38 49
24 39 50
24 38 49
24 38 50
24 38 50
25 39 50
23 39 51
25 38 50
25 38 49
24 38 50
25 38 50
25 38 51
23 39 49
25 38 50
