33 36 52
33 38 51
32 37 52
33 37 52
33 37 53
33 37 52
32 37 52
32 37 52
32 38 53
34 38 52
32 38 52
33 38 52
34 37 52
33 38 53
33 37 53
32 36 54
31 37 56
35 33 58
38 32 56
40 32 50
38 36 47
34 40 46
29 42 45
26 41 48
26 42 51
29 40 51
28 42 54
28 39 51
29 41 51
28 41 52
28 40 53
28 38 52
28 40 51
27 41 53
26 45 52
26 47 49
28 45 46
29 50 47
32 51 44
37 48 44
40 44 43
43 44 39
48 35 36
49 34 36
48 34 44
47 28 47
44 27 51
43 17 58
42 15 55
43 26 50
41 38 52
38 35 52
40 25 53
43 27 51
44 33 45
39 40 51
37 33 48
33 33 56
27 32 55
36 32 61
45 26 56
46 27 50
39 32 47
34 31 47
27 32 51
23 32 51
25 36 54
29 35 53
30 35 54
30 37 52
30 36 53
32 34 53
30 34 55
30 33 52
31 34 51
30 33 53
31 33 51
31 35 54
30 33 56
30 32 50
30 33 53
31 32 53
31 31 53
30 32 52
31 30 53
30 31 53
30 32 53
30 32 52
30 28 56
31 29 51
31 29 52
32 33 51
31 33 52
31 31 53
31 33 52
30 33 52
29 33 53
30 34 53
32 32 53
33 32 54
30 32 52
31 33 53
30 32 52
32 33 53
31 31 53
30 31 56
30 35 50
30 32 53
31 31 51
30 31 50
30 31 52
28 33 54
29 27 57
30 26 51
30 26 52
30 30 49
29 30 53
29 26 57
28 25 49
28 26 51
31 31 51
30 30 53
29 29 52
30 31 53
29 31 52
30 34 54
29 28 55
30 32 49
31 31 52
30 33 53
29 31 53
30 34 54
28 32 56
29 32 52
29 33 53
30 35 53
30 34 53
30 33 53
30 35 52
28 32 55
28 31 55
29 29 50
28 31 51
31 34 53
30 32 52
29 31 52
29 33 54
28 30 57
29 32 51
27 31 52
33 30 52
32 32 53
31 31 52
31 32 53
28 27 54
28 32 53
21 37 55
24 39 53
31 37 50
40 32 46
43 35 48
43 30 45
39 49 53
37 52 56
39 47 43
39 52 42
41 51 43
42 50 39
41 45 41
42 51 39
43 53 38
42 50 41
45 46 43
45 43 42
47 39 43
48 34 44
48 32 43
47 31 46
46 30 45
47 33 47
47 33 47
46 33 46
47 34 48
46 32 49
46 30 49
47 30 47
46 29 45
47 31 46
47 32 47
48 32 48
48 33 47
48 32 47
48 32 48
48 32 47
47 32 46
48 31 46
48 31 45
48 32 45
48 33 45
50 33 47
49 34 45
48 35 45
46 34 46
48 36 46
48 34 46
48 35 47
48 35 48
48 34 48
47 35 47
47 35 46
48 34 46
48 35 45
49 35 48
48 34 47
48 35 47
47 35 46
47 36 47
47 35 47
47 34 47
47 33 47
48 35 47
47 34 46
47 34 48
47 35 47
48 35 47
47 35 46
48 35 47
47 34 46
47 34 47
48 34 47
46 35 48
48 35 47
48 34 47
47 35 46
46 35 47
49 36 46
47 35 47
47 35 47
47 34 47
47 34 48
47 34 47
47 35 48
47 35 47
47 35 47
47 34 47
46 34 48
47 34 47
47 33 47
47 33 47
48 35 47
48 34 48
48 35 47
46 35 47
47 34 47
46 36 47
47 34 46
46 35 47
48 34 47
46 35 47
48 34 46
47 35 46
47 34 48
48 35 49
47 34 46
47 34 47
48 33 47
47 35 47
46 34 47
47 36 47
47 34 47
47 34 47
47 34 47
47 33 47
47 34 47
47 34 47
46 34 46
48 35 47
48 32 48
47 35 47
47 35 47
47 34 47
47 33 47
47 32 47
47 35 47
48 34 47
47 34 47
47 34 48
46 34 47
47 33 47
46 33 47
47 34 46
48 34 47
46 34 47
48 34 47
46 34 47
48 34 47
47 34 47
47 35 47
48 35 47
48 34 47
47 34 48
48 34 47
48 33 48
47 33 47
46 34 48
46 34 49
47 33 49
47 34 48
46 34 47
47 34 46
47 32 46
46 32 46
47 31 47
48 32 46
48 32 46
48 33 46
48 32 46
48 32 45
49 33 45
48 31 44
49 31 43
52 34 43
50 34 43
51 31 42
50 34 43
50 32 41
53 32 41
52 35 42
52 36 43
51 33 40
51 34 40
52 33 41
52 35 42
51 34 41
53 34 40
51 34 42
52 34 40
51 34 39
53 34 40
52 34 39
52 35 40
53 35 40
53 34 40
53 34 40
52 34 42
51 33 41
51 32 40
50 33 41
52 32 42
51 33 42
51 32 42
52 33 42
53 31 40
51 30 42
52 33 43
49 33 44
48 34 44
47 35 45
46 33 46
46 36 47
47 34 50
47 34 48
47 33 46
46 32 48
46 32 48
46 32 48
46 31 48
44 34 48
47 32 48
50 33 47
49 33 48
48 33 49
45 34 49
44 38 48
43 38 45
41 41 45
40 42 46
37 48 46
34 48 45
31 45 48
31 45 50
29 44 50
28 42 51
28 41 51
29 38 51
29 38 51
29 37 52
27 36 53
28 36 53
27 36 53
28 37 52
27 35 53
28 32 53
28 33 51
29 32 52
29 34 53
29 30 54
28 31 51
27 34 54
27 29 52
28 31 52
28 30 53
26 29 53
28 28 53
28 30 53
29 28 52
29 31 51
28 38 52
31 31 52
28 32 52
29 33 54
28 32 53
28 31 55
29 34 53
30 34 53
31 35 53
33 35 52
36 33 53
36 35 54
37 35 53
37 32 50
38 29 48
39 26 47
39 23 47
38 22 48
37 27 52
35 31 54
36 32 55
37 31 55
41 34 54
40 33 55
38 31 53
38 28 52
37 27 52
36 28 52
38 28 50
38 27 53
38 29 52
38 27 52
38 28 51
38 25 51
38 26 51
38 25 52
39 28 51
39 26 51
38 26 52
39 27 51
37 28 53
38 30 52
39 29 50
