24 38 50
24 38 50
24 40 55
26 42 56
31 39 53
32 40 52
30 37 53
30 36 53
29 38 50
30 38 53
32 38 52
31 36 53
33 35 53
31 33 53
30 32 55
30 34 53
26 34 49
26 33 49
26 31 45
23 32 47
24 31 50
22 33 53
20 31 51
21 31 52
22 33 54
22 30 53
20 32 55
21 33 56
21 34 50
24 36 52
28 38 48
31 44 43
38 41 46
46 42 46
47 38 49
49 38 48
49 38 48
49 37 47
49 37 46
46 35 45
46 34 44
49 31 44
48 32 45
47 32 45
50 33 44
49 33 46
50 34 45
51 34 45
50 36 46
49 38 46
50 35 46
49 35 45
49 35 44
49 37 44
48 36 45
49 38 44
49 37 44
48 37 44
49 38 45
50 37 45
50 37 44
49 36 45
50 36 44
49 37 44
49 36 45
49 37 45
48 37 45
48 38 44
49 36 45
48 37 45
48 36 45
51 36 45
48 35 46
48 36 45
49 36 44
49 37 46
49 36 45
50 35 45
50 37 45
49 36 44
49 36 44
49 37 44
48 37 46
48 37 44
49 36 45
49 37 45
49 35 45
49 37 44
50 36 45
49 36 44
48 36 46
49 36 45
47 38 45
48 36 46
48 36 46
48 36 45
49 36 46
49 37 45
48 38 47
48 36 45
49 38 44
49 37 46
49 36 43
50 36 46
50 38 45
48 36 45
49 36 45
50 37 43
48 38 46
48 36 46
48 37 44
47 34 43
49 35 44
50 34 44
50 34 43
51 34 43
50 33 43
49 37 42
51 34 44
50 35 46
50 33 44
47 33 43
50 33 41
50 33 43
50 32 44
51 35 44
51 34 44
52 34 45
51 33 44
51 34 43
48 33 42
49 35 44
50 34 42
51 33 45
49 33 45
49 34 44
48 33 45
48 33 45
49 33 44
49 34 45
50 34 47
48 33 46
49 33 46
48 32 45
48 33 45
48 33 45
49 31 46
47 32 46
49 32 44
50 32 45
50 32 47
49 32 46
49 33 46
48 33 46
49 32 46
48 32 44
48 32 45
49 33 45
49 34 45
48 32 46
48 33 46
49 33 46
48 33 45
48 34 45
49 33 45
49 33 45
49 33 45
49 34 46
49 33 45
48 33 46
50 33 45
49 32 45
49 34 46
49 34 46
49 33 45
49 34 45
49 33 46
49 33 46
49 34 45
49 33 45
51 33 45
48 33 46
49 34 45
49 34 45
49 33 45
50 33 45
49 33 45
49 32 46
49 34 46
49 34 45
49 32 44
49 33 45
49 32 45
49 34 45
49 34 45
49 33 45
49 32 45
49 33 46
49 34 45
49 34 45
49 34 45
50 35 44
50 33 45
50 33 45
49 33 45
49 34 45
50 33 44
49 33 45
49 34 45
49 34 45
49 32 45
49 33 46
50 34 45
48 33 45
48 34 45
50 34 45
49 34 45
49 33 45
49 34 45
49 33 45
50 35 45
50 34 45
48 33 45
50 33 45
50 33 45
50 34 45
49 33 45
48 33 45
49 34 45
50 34 45
50 33 46
49 34 45
49 34 45
51 34 45
50 32 45
49 32 45
49 34 45
51 34 46
49 33 47
47 33 46
47 32 46
49 33 45
49 32 44
50 32 44
50 32 44
51 32 45
48 32 46
48 32 46
47 31 44
48 31 45
48 29 45
46 30 45
48 32 44
48 32 46
49 34 45
48 34 45
50 35 46
51 34 47
50 33 45
49 36 47
50 36 46
51 35 46
48 35 45
46 35 45
49 34 44
47 32 44
49 33 45
49 33 45
50 33 44
51 34 45
51 35 44
48 33 44
48 33 45
49 33 46
48 32 47
50 31 46
48 28 44
49 29 45
48 28 45
48 28 46
47 27 46
46 28 45
49 30 44
49 29 45
49 30 46
47 32 48
47 32 47
47 35 47
48 34 48
48 34 48
48 32 48
48 34 46
48 35 46
49 34 46
48 35 46
48 35 46
48 35 47
49 34 46
48 35 47
47 35 46
48 33 46
48 34 46
48 34 46
48 32 46
47 33 47
48 34 46
49 34 46
49 33 47
47 34 47
48 34 47
48 32 47
48 34 48
48 34 46
47 35 47
48 33 47
46 33 47
48 33 47
48 33 48
46 33 47
47 32 47
47 33 47
47 33 47
48 32 47
47 32 48
47 33 47
48 32 47
47 32 47
48 33 48
47 32 48
47 33 48
48 33 46
48 33 48
47 33 46
46 32 47
46 34 47
47 33 48
47 32 48
48 33 47
47 33 47
48 33 47
47 34 47
48 33 47
47 34 48
47 33 47
47 33 48
45 33 48
47 34 48
48 33 48
47 32 47
47 33 48
47 31 47
48 33 47
48 35 48
48 32 48
46 31 49
46 32 49
48 32 49
49 32 51
46 33 51
44 37 46
38 38 45
33 43 48
31 44 49
29 43 47
26 37 48
26 38 50
25 37 49
25 36 54
25 38 54
25 40 53
27 38 53
27 41 52
27 37 51
27 39 50
27 39 51
27 36 52
26 36 55
22 34 53
20 36 51
20 36 51
20 34 49
19 34 50
26 36 49
28 34 50
28 31 49
31 32 54
32 33 53
32 33 53
30 32 53
32 35 52
30 43 51
30 46 53
31 39 52
36 41 57
36 38 56
35 35 49
34 36 48
36 47 56
34 44 51
32 42 51
31 42 52
30 42 51
32 42 51
32 42 50
33 44 50
33 44 50
30 43 50
32 41 50
32 44 50
31 44 50
32 44 49
30 44 50
32 43 49
31 44 49
34 44 50
32 45 50
32 44 50
31 43 50
31 43 50
31 43 49
