37 37 45
37 47 48
37 46 48
35 46 48
36 47 47
36 47 47
35 47 48
36 47 47
35 47 47
36 48 47
33 46 49
34 45 47
34 46 47
34 46 48
33 47 49
34 46 47
34 46 47
33 46 48
34 46 47
34 47 48
33 47 49
36 48 52
34 37 59
40 41 57
38 49 51
39 46 51
38 47 47
36 45 45
33 43 44
31 45 42
28 43 44
25 40 45
24 38 50
24 35 51
22 36 51
24 36 51
23 37 51
27 38 52
26 38 50
26 36 53
25 34 52
26 36 52
26 33 51
26 35 52
26 36 53
26 33 52
21 31 56
23 37 54
24 43 49
23 43 47
33 50 43
42 49 43
44 40 44
47 34 47
46 28 46
43 26 49
44 35 49
41 41 51
39 47 49
40 48 48
41 48 47
43 46 47
41 46 47
40 44 49
42 45 49
41 43 48
41 44 48
39 44 46
40 46 47
40 48 47
39 47 47
40 47 46
40 47 46
42 46 46
42 47 44
43 45 44
43 45 44
44 45 43
43 45 45
42 47 45
44 46 45
44 47 44
44 46 45
43 45 44
43 45 44
45 44 45
43 44 44
43 44 45
44 43 46
45 42 47
44 42 46
45 41 48
44 41 46
43 44 46
44 44 47
43 43 47
45 43 47
45 43 47
45 43 47
46 43 47
45 42 46
45 41 44
46 40 45
46 42 44
47 41 45
48 40 45
50 39 46
48 36 46
46 33 48
46 32 49
45 33 48
47 33 48
48 34 45
47 30 46
47 31 47
48 31 47
48 32 48
48 31 47
48 31 46
48 32 45
49 31 45
49 32 46
49 32 46
48 32 47
49 32 46
50 32 45
48 31 46
48 33 46
49 32 45
49 30 47
48 32 46
49 33 47
49 33 46
49 33 46
50 32 47
50 33 45
48 32 46
48 32 46
47 34 47
49 32 46
48 32 47
49 33 46
49 33 46
47 32 46
48 33 46
49 33 46
48 32 46
48 33 46
48 32 46
49 31 46
49 32 46
47 32 46
48 32 46
48 32 45
48 33 45
49 32 46
48 33 46
48 32 46
49 31 46
49 31 46
48 33 45
48 32 47
47 31 46
48 31 46
49 31 46
48 32 46
50 31 46
48 33 47
49 33 46
48 33 47
48 32 46
49 32 46
48 33 47
48 33 45
47 33 47
47 33 46
49 33 45
48 33 46
48 34 46
48 34 46
49 34 46
50 33 47
49 33 46
47 33 46
49 34 45
49 33 47
48 33 47
48 33 46
49 33 45
51 33 45
48 33 46
49 33 46
50 33 46
49 34 45
48 32 46
48 32 46
48 33 45
48 34 45
50 33 45
48 34 46
47 35 45
48 31 46
48 33 47
49 33 47
47 33 47
49 32 46
48 32 44
48 33 45
48 34 46
48 33 47
48 33 45
49 33 45
49 32 47
49 33 45
50 33 45
49 34 46
49 33 47
48 34 46
48 32 45
49 32 46
47 32 46
48 33 46
48 34 47
50 33 46
50 34 47
48 34 46
47 32 47
48 33 46
48 33 46
48 34 45
47 33 46
50 33 46
48 32 45
49 34 47
47 32 45
49 34 46
46 33 47
49 31 45
48 31 45
49 31 43
50 33 44
51 30 43
52 31 44
50 32 44
49 33 45
48 29 44
50 29 45
49 30 45
48 31 45
48 31 46
48 30 46
48 31 45
48 30 45
50 29 46
48 31 46
48 29 45
48 28 44
50 29 45
50 27 45
49 28 46
48 28 45
48 27 44
48 28 45
49 27 46
48 28 46
49 28 45
48 29 46
49 28 45
48 29 47
48 31 48
47 31 48
47 32 46
48 32 46
47 31 47
49 31 47
48 30 46
48 30 46
48 31 46
48 31 47
49 30 47
47 30 47
48 31 46
47 29 46
47 31 46
49 32 46
48 32 47
48 31 47
48 32 47
48 31 46
48 30 46
48 31 47
48 31 46
48 31 46
48 31 47
48 30 47
47 31 46
47 30 47
48 30 47
48 32 46
48 31 47
48 30 47
48 30 46
48 30 47
48 30 47
48 30 47
48 30 46
47 31 46
47 28 46
47 31 46
47 30 46
48 30 46
48 30 46
48 31 47
47 30 47
47 31 46
47 31 46
47 30 46
47 30 47
47 31 48
47 31 46
48 31 47
48 31 47
48 30 47
47 30 46
48 31 47
49 31 47
47 29 47
48 31 47
48 30 46
47 30 47
48 30 46
49 31 47
47 31 46
48 31 47
47 29 47
47 31 46
48 31 47
47 31 46
48 32 47
49 29 46
48 31 47
47 30 47
48 30 46
47 30 46
48 31 46
48 30 47
48 31 46
48 30 46
48 31 46
48 30 46
48 30 46
48 31 47
48 31 46
47 31 46
48 31 46
50 31 46
48 32 47
47 30 47
46 31 47
48 30 46
48 31 47
47 29 48
48 30 46
47 30 47
47 30 46
47 29 47
48 32 46
48 30 46
48 30 46
49 31 47
48 30 47
48 30 46
48 31 47
47 31 47
47 31 48
47 29 47
48 31 46
48 30 47
47 30 48
47 29 46
46 31 46
47 29 47
48 30 47
47 31 46
47 31 46
48 31 47
47 30 47
48 30 47
48 29 47
46 31 46
47 30 47
47 31 47
48 30 46
47 31 46
47 30 47
47 31 46
47 30 47
49 30 46
49 31 47
49 29 47
48 31 48
47 30 46
47 31 47
47 30 47
47 31 45
47 29 47
47 31 46
49 31 46
48 30 47
48 30 47
48 31 47
48 31 48
47 31 48
48 30 47
48 30 46
48 31 46
47 31 46
47 31 46
48 31 47
48 31 47
47 31 46
48 29 47
48 31 46
47 31 48
46 30 46
47 31 46
48 30 46
48 29 46
46 31 47
47 30 46
47 30 46
47 31 47
48 32 46
48 29 46
48 32 48
48 31 47
47 30 46
47 31 46
46 31 47
49 30 48
48 30 46
49 29 46
49 32 47
48 31 47
46 31 47
48 31 47
46 30 47
46 31 46
48 31 47
48 31 47
48 30 47
48 30 46
47 31 46
47 31 46
49 31 47
47 29 47
47 30 46
48 30 47
47 30 46
48 30 47
49 31 47
48 31 47
47 30 47
48 29 46
47 30 47
47 31 46
47 30 47
48 30 46
48 31 47
48 30 46
48 31 48
47 32 47
47 29 46
48 31 47
47 32 47
47 31 47
46 31 48
48 31 47
46 31 48
45 31 49
47 30 50
48 30 49
47 31 49
47 31 48
45 35 47
44 39 47
42 43 47
41 45 46
38 45 48
35 44 46
34 47 49
31 43 48
30 42 50
28 42 50
27 40 52
26 41 51
27 40 52
27 40 53
27 38 50
27 39 50
26 39 51
28 38 51
26 40 51
28 40 52
26 39 51
28 39 52
28 40 50
26 39 50
27 37 53
24 38 52
23 38 51
23 40 51
20 37 49
22 41 49
23 41 47
27 41 48
32 41 48
37 39 48
37 38 51
39 38 49
39 37 54
39 42 50
41 48 47
40 52 44
38 49 46
39 48 48
35 48 48
33 45 48
33 48 48
33 52 46
34 49 46
33 49 45
34 48 45
34 49 46
34 48 45
35 48 46
35 50 45
35 48 46
36 48 46
37 47 45
35 49 46
35 49 46
34 47 45
35 49 45
35 50 46
35 49 45
36 50 45
36 50 46
36 48 45
35 49 45
36 48 46
34 49 45
35 48 44
36 49 44
36 49 45
36 49 44
35 49 45
36 48 44
35 49 46
35 49 44
34 48 45
36 48 45
35 49 45
35 47 45
36 49 45
36 48 45
35 49 46
35 48 45
35 47 45
36 49 45
35 50 44
