36 31 52
37 32 53
37 32 53
35 32 52
35 32 52
35 32 52
35 32 53
35 33 53
35 31 52
37 31 53
37 31 52
34 32 52
35 31 53
35 31 53
36 32 52
36 31 53
36 31 53
36 32 51
36 32 51
37 32 52
36 32 53
36 31 53
36 32 53
37 32 52
36 32 52
34 33 53
34 32 53
35 32 53
36 33 53
36 32 52
35 31 52
34 31 53
35 30 53
33 33 53
34 32 52
35 30 52
35 31 52
35 32 53
34 31 52
36 33 52
36 32 52
35 34 53
35 36 52
33 35 52
32 35 51
32 36 51
31 37 53
31 36 51
31 42 51
32 43 50
31 40 50
33 39 51
35 39 53
36 41 54
36 36 55
38 33 53
38 30 52
37 27 52
36 26 50
35 24 49
37 24 49
36 23 49
36 23 49
36 23 49
37 21 48
37 19 49
36 20 50
36 21 49
36 20 47
37 20 45
36 18 43
35 14 41
35 17 45
38 18 49
37 16 46
35 12 42
32 13 42
35 16 44
36 16 44
34 15 44
34 16 42
33 15 46
35 19 47
37 19 47
38 21 48
37 18 48
40 22 50
37 21 48
38 21 49
37 20 48
36 18 45
36 18 47
37 20 46
38 19 47
34 17 44
30 17 44
32 16 39
32 17 43
34 26 49
36 33 55
35 35 54
36 39 55
35 42 53
36 43 52
36 43 51
36 42 51
37 41 49
38 42 49
38 42 48
39 41 48
38 43 48
37 44 49
39 45 49
40 44 48
39 42 48
40 45 47
38 44 46
38 43 47
36 42 47
35 42 48
33 45 51
35 41 53
37 42 54
33 38 53
33 36 53
33 35 52
33 36 53
32 36 53
33 36 53
33 36 52
32 36 53
32 35 52
33 37 52
31 37 52
32 35 52
31 37 51
33 38 52
32 38 53
33 37 52
31 36 53
32 37 52
32 35 52
32 38 53
32 36 52
34 36 53
34 35 53
32 35 52
32 36 53
34 36 53
32 36 52
32 37 52
31 36 53
32 37 52
33 36 52
33 37 53
34 37 52
31 38 53
33 37 52
32 38 52
32 36 53
32 37 52
33 36 52
32 37 52
33 38 52
32 38 52
33 36 52
33 37 52
32 38 52
31 37 53
33 38 52
33 37 52
32 38 52
32 38 52
32 37 52
33 37 53
33 38 53
33 38 53
32 37 53
32 38 53
32 37 52
33 37 52
33 38 52
32 38 52
33 37 52
32 36 52
31 37 52
33 37 53
31 37 53
33 37 52
32 37 52
32 37 52
32 36 52
33 38 53
33 36 52
32 37 52
32 37 52
31 37 52
32 37 53
33 37 52
34 38 52
33 37 52
32 37 54
32 37 52
33 37 53
32 38 52
32 37 53
32 37 52
33 37 53
31 37 52
34 36 52
32 38 53
33 38 53
33 38 53
33 36 52
33 37 52
33 36 53
33 37 51
32 37 52
33 37 52
34 36 52
33 37 52
32 37 51
32 38 53
32 36 52
32 37 52
33 37 52
31 37 53
31 38 52
33 37 52
34 38 52
32 38 52
33 38 52
33 37 51
33 37 52
33 36 52
34 37 53
32 36 52
32 37 52
33 37 53
32 37 52
32 36 53
32 38 53
33 36 52
31 39 53
32 36 52
34 35 52
32 38 52
33 36 52
32 37 53
33 37 54
32 38 53
33 37 52
32 38 51
33 37 52
33 36 52
33 37 52
33 38 51
33 37 52
33 38 52
33 38 53
32 38 52
32 38 52
33 37 52
32 37 52
32 38 52
32 37 52
33 37 52
32 38 53
32 37 52
32 36 51
32 36 52
32 38 52
34 37 52
32 35 52
33 36 52
33 37 53
32 37 52
33 37 52
34 37 51
32 38 52
33 38 52
32 37 52
32 36 53
32 36 53
33 37 52
34 36 52
33 37 52
31 36 52
33 36 53
32 37 52
32 35 53
33 37 53
32 37 52
31 38 53
32 37 53
34 38 52
33 37 53
34 37 53
32 37 52
33 38 52
34 38 53
32 38 52
33 38 52
33 37 53
33 37 53
32 37 53
32 38 52
32 37 52
33 36 52
33 37 52
33 37 52
32 36 52
31 37 53
33 38 52
33 37 52
32 37 52
32 37 52
33 37 52
33 37 53
32 38 51
33 37 52
33 38 52
33 37 52
33 36 52
33 36 52
32 36 52
33 37 52
34 37 53
32 38 52
33 37 52
31 37 53
32 36 51
33 38 53
33 37 54
33 37 52
33 37 53
34 37 52
34 36 53
32 38 52
32 37 52
33 38 53
34 37 51
33 37 53
33 37 52
33 36 52
32 37 52
33 37 52
33 36 53
34 37 52
34 36 52
32 36 53
33 37 53
33 37 53
31 36 52
32 36 51
33 37 52
32 37 53
33 36 53
34 37 52
33 38 52
32 37 52
33 37 53
33 36 52
33 37 53
31 37 52
33 37 52
33 35 52
34 36 52
31 37 52
33 38 54
33 35 52
33 38 53
33 38 52
32 38 52
32 37 53
33 38 52
32 37 52
34 37 52
32 38 53
34 35 52
32 38 52
34 36 53
34 36 53
33 35 52
34 37 51
31 37 52
30 39 52
31 35 53
30 38 57
30 38 53
35 34 54
38 28 50
40 25 51
39 22 48
39 22 47
36 21 47
35 20 48
35 20 48
34 18 48
35 19 49
36 18 47
35 19 48
35 19 47
35 18 47
34 15 46
34 16 44
37 19 40
34 16 43
33 15 44
32 17 44
33 15 44
33 14 43
34 14 43
33 14 43
33 15 43
30 13 40
31 16 43
34 17 48
36 18 49
37 17 47
37 20 49
36 20 48
37 19 47
34 19 48
36 16 47
35 19 46
35 17 45
36 19 45
35 12 48
32 15 40
34 16 42
33 25 48
34 31 54
36 36 55
36 38 56
35 42 53
36 44 53
37 42 52
36 41 49
38 41 48
38 41 49
39 42 49
39 41 50
39 41 49
40 41 49
39 41 49
39 41 49
40 42 49
41 42 48
40 42 49
39 44 47
39 42 49
40 41 48
40 42 48
39 40 47
36 44 48
36 42 46
35 47 49
33 47 51
35 44 53
33 40 51
33 38 52
34 35 53
34 35 53
33 32 54
31 36 52
32 33 53
32 34 53
32 33 52
32 35 54
34 35 51
32 34 52
33 35 53
33 34 53
32 34 53
34 34 53
33 35 52
34 33 53
33 34 52
33 33 53
32 34 53
33 34 52
34 36 53
32 34 53
33 35 53
33 34 51
32 33 52
34 34 53
33 34 52
33 33 53
34 35 53
33 34 52
33 34 53
33 35 53
34 35 52
32 35 52
32 35 53
33 35 52
33 34 52
33 34 53
33 34 52
33 33 52
33 33 52
33 34 53
32 33 52
32 34 53
33 33 53
33 34 53
32 33 52
32 34 52
32 34 52
32 34 53
32 34 53
33 32 53
32 32 53
31 35 53
33 34 53
32 34 53
33 34 53
32 34 53
32 35 52
33 34 52
33 34 53
31 34 53
34 34 53
33 33 52
32 34 52
32 34 53
33 34 54
33 35 54
33 34 52
32 32 53
33 34 53
34 34 53
33 34 53
33 35 53
33 34 53
34 33 53
33 34 53
32 34 53
32 33 52
33 35 53
33 34 53
33 33 53
33 33 53
33 33 53
34 32 53
33 34 52
33 33 53
34 34 53
33 33 53
33 34 54
33 33 53
33 33 52
34 34 54
33 33 53
32 34 52
33 33 52
33 34 53
33 33 53
33 34 52
33 33 52
33 34 53
33 35 52
34 34 53
32 33 54
33 34 53
32 34 53
32 34 53
34 33 52
33 33 53
32 32 52
32 34 52
33 34 53
33 33 52
33 35 53
33 33 53
33 35 53
33 34 54
32 34 51
33 34 53
33 35 52
32 34 52
33 34 52
33 33 53
33 34 52
33 34 52
33 34 53
32 34 52
32 33 53
33 33 53
34 33 54
33 35 53
33 33 53
32 34 52
33 34 52
32 34 54
34 33 52
33 33 53
33 34 52
34 34 53
32 34 53
33 33 53
33 33 53
34 34 53
34 34 53
33 34 53
32 34 53
33 33 53
33 34 53
33 33 52
33 33 52
33 34 53
33 33 53
33 33 53
33 33 52
34 34 52
33 33 53
33 34 53
33 34 52
34 33 52
32 33 52
33 34 53
33 33 53
33 33 53
33 33 53
33 33 53
33 33 53
32 34 53
33 33 52
33 33 54
34 33 53
34 34 54
33 34 54
32 33 52
33 32 54
34 33 53
33 34 53
34 35 52
34 35 53
33 33 53
33 34 53
33 33 53
33 34 52
33 34 53
33 33 53
34 34 53
33 33 53
33 34 53
33 34 54
33 34 53
32 34 53
33 33 53
34 33 53
33 34 53
34 34 53
33 33 53
33 33 53
33 33 53
33 33 52
33 34 53
33 33 53
34 33 52
33 32 52
32 33 53
34 33 52
33 33 53
32 33 53
33 32 52
34 33 53
34 33 53
33 34 53
33 33 54
33 33 53
32 34 53
33 34 53
33 32 53
33 33 53
33 33 53
32 33 53
33 32 52
33 32 52
34 33 53
34 32 53
33 33 53
34 33 53
33 32 53
33 31 52
33 34 53
34 32 52
32 33 52
34 32 52
34 33 53
33 33 53
33 33 54
34 33 53
33 33 52
33 33 53
34 34 53
33 34 53
34 33 53
32 33 54
33 33 52
34 34 52
33 34 53
34 33 54
34 33 53
33 33 53
33 34 53
32 34 53
33 32 53
33 33 53
35 33 52
33 35 53
33 32 53
34 34 52
34 33 54
34 33 53
33 32 52
33 34 52
33 32 54
33 33 53
33 33 52
33 34 53
33 32 53
33 34 53
33 33 53
33 33 52
34 34 52
33 33 52
34 33 52
32 33 53
34 33 52
33 34 53
33 33 52
34 34 53
33 32 53
33 34 53
33 34 54
33 32 53
34 32 54
33 33 53
34 33 52
33 33 53
33 34 53
34 33 53
34 33 53
34 35 52
33 33 52
34 33 53
34 32 53
33 34 53
33 33 53
33 33 53
33 33 53
32 35 53
33 34 52
33 32 53
32 33 52
33 34 52
35 34 52
33 34 54
32 33 53
34 32 52
34 34 53
33 33 52
33 34 53
34 33 52
33 35 53
34 33 52
33 33 53
34 34 52
33 34 52
33 34 54
34 33 52
33 34 53
33 33 52
32 32 52
33 33 52
34 33 53
33 33 54
33 33 52
33 33 52
34 31 54
32 35 54
33 36 53
34 33 53
34 33 52
33 32 52
33 33 53
33 32 52
33 33 54
33 33 53
33 34 52
33 32 53
33 33 52
32 34 53
32 33 53
34 35 52
34 33 53
32 34 52
34 34 52
35 33 53
34 33 53
33 34 53
33 33 52
34 33 53
33 33 54
34 33 53
33 33 53
33 34 53
34 33 53
32 33 53
32 34 53
34 33 53
33 34 53
34 32 52
32 33 53
33 33 53
33 33 53
34 33 52
34 34 53
33 33 52
33 33 53
33 33 53
33 33 53
32 34 53
33 34 53
32 32 53
33 33 52
34 34 53
34 33 53
33 33 53
32 33 53
33 34 52
33 35 52
32 33 53
34 34 53
33 34 54
34 33 52
32 34 52
33 33 53
34 33 53
32 33 52
33 32 53
34 33 53
33 34 53
34 34 52
35 34 52
33 34 52
33 35 53
33 34 53
33 33 53
32 33 53
34 33 53
34 34 54
33 32 54
33 34 54
33 33 53
33 31 54
32 37 57
36 38 55
37 36 54
36 33 50
37 30 49
36 27 48
35 24 49
34 24 50
33 25 50
35 24 51
34 23 51
31 20 52
33 20 49
33 24 48
33 22 50
34 21 50
34 21 49
34 22 48
36 21 48
34 23 51
35 24 52
37 25 52
38 27 49
36 26 51
37 22 49
36 21 49
36 18 47
35 18 49
34 19 48
35 18 49
36 20 49
35 20 49
37 18 48
34 18 48
34 14 52
35 19 46
34 17 47
33 18 45
34 15 45
35 18 45
33 18 45
34 17 46
34 19 48
33 20 49
35 21 51
36 19 47
37 21 50
36 22 48
37 23 50
36 22 48
37 21 49
36 21 49
36 20 49
36 20 48
37 20 48
35 19 47
34 18 46
33 20 44
32 18 46
32 16 43
32 20 48
34 30 52
36 37 52
38 39 54
38 41 53
38 42 53
38 41 51
38 41 51
37 41 49
39 41 50
39 40 48
40 41 48
40 41 48
40 41 48
39 43 48
40 44 48
39 41 48
41 42 48
40 43 48
40 42 48
40 40 49
41 45 48
37 44 46
36 42 47
33 46 46
33 43 47
32 47 51
33 45 53
35 38 51
32 37 52
32 39 53
32 38 52
32 36 53
31 37 52
31 37 52
32 37 52
31 37 52
33 38 51
31 37 53
32 37 53
32 37 52
33 38 52
32 39 51
33 39 51
33 39 51
32 40 52
32 39 52
32 39 52
32 37 52
32 39 52
32 40 51
32 38 51
32 39 52
31 37 52
33 38 52
33 38 52
33 38 52
33 37 51
32 39 52
32 38 52
31 40 51
32 38 52
32 39 52
33 39 52
33 38 51
31 38 51
32 38 52
32 39 52
32 39 52
32 39 52
32 39 52
32 38 52
34 40 51
31 38 52
31 40 52
32 38 52
32 38 51
32 38 52
33 40 52
31 39 52
32 40 52
33 37 52
33 39 52
32 38 52
32 39 52
32 37 51
32 39 52
32 39 53
32 38 52
32 38 52
33 40 52
32 38 52
31 38 52
30 38 52
32 39 52
33 39 51
32 37 52
32 38 52
32 38 52
32 39 51
32 38 52
31 39 52
33 39 51
32 38 52
32 38 53
32 39 51
33 38 52
32 38 52
33 38 51
32 39 52
32 38 51
32 38 52
33 38 51
33 37 52
32 38 52
32 38 52
32 38 51
32 37 51
32 38 53
32 38 52
33 38 53
32 38 52
32 38 52
33 38 52
33 37 52
34 38 52
33 39 53
33 38 52
33 38 52
32 38 53
32 38 52
31 39 51
33 38 51
33 37 52
32 39 52
32 38 52
32 38 52
34 39 52
33 39 52
33 40 53
33 38 53
32 38 52
32 37 52
33 37 52
33 39 52
33 38 52
32 38 52
33 39 52
32 38 52
32 39 51
32 38 51
32 37 52
32 38 52
33 39 52
33 38 51
33 39 53
32 39 53
33 39 52
32 39 52
32 39 52
33 39 51
32 38 53
33 38 51
32 39 52
32 39 52
33 40 53
32 39 53
33 40 52
33 39 51
33 39 51
32 38 52
33 40 51
33 37 52
33 38 52
33 39 51
32 37 52
33 39 52
32 37 52
33 39 52
32 38 52
33 39 52
32 38 53
33 38 52
32 39 52
33 39 52
32 39 53
32 39 52
33 38 52
31 38 51
33 37 53
33 38 52
33 38 52
32 38 52
33 39 51
33 37 52
33 37 52
33 38 52
33 38 52
32 38 52
32 39 52
31 39 52
33 37 51
33 37 52
32 38 52
32 38 51
33 38 53
32 39 51
33 38 52
33 38 53
33 38 54
33 39 51
32 37 50
32 37 53
33 38 52
33 38 51
33 39 53
33 37 52
33 38 52
32 38 54
32 37 52
34 38 52
32 37 51
34 38 51
32 38 52
33 38 52
33 39 52
32 38 52
33 38 52
32 39 52
33 39 51
33 37 52
34 38 51
33 39 52
33 39 53
32 38 52
33 37 52
32 40 51
33 38 52
32 39 53
33 39 52
32 39 52
33 39 53
32 38 53
33 38 52
33 39 53
33 39 52
32 37 52
34 38 52
32 38 52
33 38 52
33 38 52
33 38 52
33 39 52
33 38 52
33 39 52
33 38 52
33 38 52
33 38 52
33 38 52
32 37 52
33 38 52
35 38 51
33 37 51
33 37 52
33 37 53
32 38 53
33 39 51
33 39 52
33 38 52
33 38 52
33 39 52
32 38 52
32 39 53
33 38 51
32 38 52
34 37 53
32 38 52
32 38 52
33 38 52
31 38 52
33 38 53
34 38 52
32 38 52
33 37 52
32 37 52
34 39 52
34 38 53
33 38 52
33 39 52
33 38 52
32 38 52
32 38 52
32 39 52
31 38 52
32 38 51
34 37 52
31 38 52
32 38 51
32 38 51
33 38 52
34 37 53
32 39 53
34 37 51
34 40 52
32 39 52
32 39 53
33 37 52
33 38 53
33 38 52
33 38 51
32 38 52
34 37 52
33 38 52
32 38 53
33 37 52
31 38 52
33 38 52
33 39 52
33 40 52
33 38 51
32 38 52
30 38 51
33 38 52
33 38 52
32 38 52
35 37 52
33 37 53
32 38 52
33 39 52
34 39 52
33 36 52
33 39 52
32 37 52
32 38 52
32 38 51
32 36 54
31 39 51
33 38 53
32 39 52
32 37 51
33 37 52
32 38 53
33 38 52
33 37 52
32 38 53
33 38 51
33 38 51
32 38 52
34 37 52
33 38 52
33 38 53
33 38 53
31 38 53
34 37 52
33 37 52
33 38 51
32 37 52
33 38 51
33 38 52
33 38 52
33 38 52
33 38 53
33 38 52
32 37 52
33 39 52
32 37 52
33 37 52
34 37 53
34 38 52
32 39 53
32 38 52
33 37 52
33 38 52
33 37 52
33 38 51
33 38 53
32 36 52
33 37 51
33 38 51
32 38 52
34 37 52
33 39 52
33 37 52
34 38 52
32 37 51
32 38 52
33 37 52
33 39 52
34 37 51
33 37 52
33 38 52
34 37 52
32 38 52
33 36 52
33 37 53
32 38 52
33 38 52
33 40 52
32 37 53
33 38 52
31 38 53
33 37 53
32 38 51
32 38 52
32 38 52
32 38 52
32 38 52
33 38 51
32 38 52
32 37 52
33 38 52
32 38 52
32 37 52
33 37 53
32 39 53
33 38 53
33 39 52
33 37 52
33 38 53
33 38 52
33 37 53
32 37 51
32 37 53
34 39 52
34 38 52
34 38 53
33 37 52
33 38 52
33 38 52
33 37 51
33 35 53
33 38 52
34 36 53
32 39 54
33 42 55
35 37 52
37 35 52
36 30 52
35 26 51
35 25 49
35 21 51
33 24 51
34 22 50
36 22 47
34 20 47
34 19 47
35 20 47
35 18 46
36 24 50
37 22 53
37 23 50
38 23 49
38 21 49
38 21 48
38 21 49
37 20 49
36 20 47
36 21 50
36 21 50
39 20 47
35 13 48
31 21 46
34 18 46
35 18 46
34 18 46
36 16 43
37 17 46
38 18 46
37 17 47
36 17 46
34 17 46
36 18 46
35 17 46
36 16 44
36 17 46
34 16 44
34 15 42
34 17 47
35 22 49
36 27 51
36 33 54
35 36 52
33 37 51
33 40 51
35 43 52
34 43 51
36 43 50
35 41 50
32 45 49
32 45 50
30 47 50
32 41 52
31 41 53
33 38 55
34 39 53
37 33 50
37 34 51
37 29 49
38 28 50
37 29 52
36 27 51
36 26 51
36 25 51
37 28 52
36 23 52
35 25 48
33 21 49
34 22 46
34 29 48
35 38 56
36 39 56
34 44 56
35 44 54
36 43 51
35 43 50
38 40 50
37 40 48
39 40 47
38 44 50
38 41 49
39 43 49
40 44 48
40 44 49
39 44 48
38 42 48
38 43 47
39 44 47
39 43 46
37 43 45
36 42 48
35 42 50
35 42 54
34 42 53
34 39 52
33 39 54
33 37 51
34 38 51
32 39 52
32 38 52
33 38 52
32 37 51
32 38 51
34 38 53
34 37 53
34 38 52
33 38 51
33 38 51
32 36 52
32 39 51
33 37 52
33 38 52
33 37 52
34 37 52
34 38 53
33 38 52
32 38 53
33 39 52
33 37 52
32 38 52
34 38 52
32 37 52
33 38 52
32 37 52
33 37 51
34 37 52
34 37 53
32 37 51
33 38 51
33 37 52
33 38 52
33 39 52
33 38 51
33 37 53
32 37 52
32 39 52
34 38 52
33 36 52
33 37 53
32 38 52
34 39 51
32 38 52
34 38 53
33 38 52
32 38 51
34 38 52
32 37 52
32 38 52
32 37 52
33 38 52
33 38 53
33 38 53
32 38 52
33 37 51
33 39 53
33 37 53
34 38 52
33 38 52
33 37 49
33 38 51
32 37 52
33 37 51
33 37 52
33 37 52
33 38 52
33 39 51
33 37 52
33 37 52
33 37 52
33 37 52
32 37 52
33 37 52
34 36 52
33 36 51
33 37 52
33 37 52
33 36 53
33 38 52
34 37 52
34 36 53
33 37 53
32 37 53
33 38 52
34 37 52
33 38 53
33 37 52
33 37 53
33 37 52
34 36 52
34 36 52
32 37 52
34 36 52
33 36 52
33 37 52
33 37 53
33 37 52
33 37 53
33 37 53
33 37 52
33 37 52
33 37 52
35 38 53
33 37 51
34 37 52
33 37 52
33 37 52
32 37 54
33 37 52
33 37 52
34 36 52
33 37 52
33 37 52
34 36 52
33 37 52
33 37 52
34 37 53
34 37 52
32 37 52
34 37 53
33 37 52
34 37 53
34 37 53
33 37 52
33 38 53
33 36 53
34 38 52
33 38 52
33 36 53
35 38 51
34 37 53
33 38 53
33 37 53
33 38 53
34 36 52
33 38 52
33 37 52
34 36 52
33 37 52
34 39 52
33 38 53
34 36 52
34 35 52
33 37 53
35 37 52
34 37 53
34 36 52
33 36 53
33 35 52
32 36 52
34 36 52
34 37 52
34 37 52
33 36 52
34 36 53
32 37 52
33 38 52
34 38 52
34 36 53
33 37 52
34 37 52
34 37 52
35 36 52
34 38 52
32 38 52
33 36 52
34 37 52
33 36 53
34 38 52
34 37 53
35 37 52
33 37 52
33 38 52
33 38 53
33 36 52
33 36 52
33 39 51
34 36 52
34 37 52
33 37 53
33 37 52
33 37 51
33 37 52
34 36 52
33 37 52
33 36 52
34 38 52
35 37 53
34 36 52
34 38 52
33 38 52
34 38 52
34 36 52
34 36 52
35 37 51
33 36 52
34 38 51
34 37 52
33 36 52
32 37 53
33 38 52
33 36 52
34 37 52
34 36 53
34 38 53
33 38 52
33 38 53
33 37 52
33 37 52
34 37 52
33 37 52
34 38 52
33 37 53
33 36 52
34 37 52
33 36 52
33 37 53
34 37 52
33 36 52
34 36 53
34 36 52
34 37 52
34 38 52
35 37 52
34 35 51
34 37 51
33 36 51
34 37 52
34 35 52
34 35 52
35 38 52
34 36 51
33 37 53
33 38 52
34 36 53
34 36 52
33 37 52
33 37 53
34 37 52
33 36 52
33 37 53
34 36 52
34 36 53
34 37 52
34 37 53
34 36 53
34 37 52
34 37 52
34 37 51
34 37 52
34 37 52
34 37 52
34 37 52
34 39 52
34 36 51
34 37 52
34 36 53
34 36 52
32 37 52
34 37 52
32 37 53
35 36 52
34 36 52
35 38 52
34 37 52
33 37 53
35 37 52
35 38 52
34 37 52
33 36 52
33 37 52
33 37 51
33 37 52
34 35 52
34 38 53
34 38 52
34 37 52
33 37 53
33 37 53
34 38 52
34 37 52
34 37 52
34 37 52
34 37 52
32 36 53
34 38 52
35 37 52
33 36 52
34 37 53
34 37 53
34 35 52
33 37 52
33 37 53
34 36 53
34 36 53
34 37 52
34 37 52
33 37 52
35 38 53
34 36 53
33 37 52
34 37 53
34 37 52
33 36 52
35 35 52
34 36 53
33 37 52
34 37 51
36 38 53
34 36 53
35 37 52
33 36 52
35 36 52
34 37 52
33 37 52
35 36 52
33 37 54
33 37 53
33 37 52
35 36 52
34 37 53
34 37 52
33 37 52
35 36 52
35 37 52
34 36 52
35 37 53
35 36 52
34 37 53
33 38 53
34 37 52
35 37 52
35 37 53
35 37 53
34 39 51
34 36 53
34 37 53
36 37 53
35 38 51
35 37 53
34 37 52
34 38 52
34 37 52
34 36 52
34 36 52
34 37 53
35 37 52
34 37 52
35 37 53
35 38 52
35 36 52
33 37 53
35 36 53
35 37 53
35 37 52
35 36 52
34 36 52
35 36 53
36 36 52
35 37 52
35 36 52
34 36 51
35 37 52
35 37 53
36 35 52
35 36 52
35 37 53
35 36 52
35 36 53
34 35 51
35 36 52
35 35 53
35 37 53
35 36 52
35 36 53
34 36 53
34 36 52
34 36 53
35 37 52
35 36 53
34 36 52
34 36 52
33 36 51
36 36 53
34 34 52
34 36 52
35 36 52
35 36 52
35 36 53
35 36 53
34 35 53
33 36 52
35 36 53
36 35 53
35 36 52
35 35 53
34 36 52
35 36 52
34 36 53
34 37 55
34 38 54
35 35 53
37 34 53
39 30 51
38 28 51
39 24 50
38 24 48
38 23 47
37 20 48
37 20 47
37 19 47
37 20 47
38 19 48
36 19 48
36 18 48
36 18 46
31 17 49
36 17 44
34 15 43
35 17 44
36 16 44
33 15 43
33 18 48
36 19 50
37 19 46
39 19 44
36 19 45
35 16 48
35 19 46
29 15 57
35 15 43
34 17 44
36 16 46
38 17 47
35 16 47
37 16 45
35 17 45
37 17 46
35 18 46
33 15 45
34 15 47
37 17 45
37 19 45
40 18 45
40 18 46
38 19 47
39 19 46
35 18 46
36 19 48
36 17 48
36 21 44
35 17 47
34 19 45
34 15 50
39 21 46
39 22 47
37 18 48
37 19 49
37 20 46
36 20 46
36 18 49
36 19 46
33 19 45
35 16 44
34 18 44
35 17 45
34 23 50
36 25 52
34 31 54
36 30 52
36 32 53
35 36 52
35 34 52
34 36 52
35 38 53
33 38 54
35 40 53
33 40 51
33 43 50
33 42 51
32 41 52
31 44 51
33 42 51
33 42 51
35 40 50
34 40 51
34 43 51
36 43 51
36 42 51
34 42 50
35 42 49
36 43 49
35 45 49
35 44 48
34 45 49
35 43 49
35 45 50
36 43 49
36 41 49
38 43 50
41 42 48
38 42 50
39 38 46
37 40 49
35 41 49
34 39 51
33 42 54
33 40 55
35 38 53
33 39 52
33 37 52
33 38 53
34 39 52
33 37 52
35 37 52
34 37 52
33 38 52
34 36 52
35 37 52
33 38 52
35 37 52
35 38 51
34 37 52
34 37 52
36 37 52
34 37 52
34 39 52
33 38 52
34 36 52
33 37 52
35 36 52
33 38 52
35 36 53
34 38 52
35 37 52
34 38 52
33 36 52
33 38 53
32 37 54
33 39 51
35 38 50
34 39 52
32 40 51
32 41 52
32 38 52
32 39 51
33 38 51
33 39 51
31 39 54
33 36 52
31 35 52
32 36 53
32 36 52
32 36 51
33 36 51
33 35 53
32 36 52
32 36 52
31 37 52
32 38 53
32 38 51
31 37 52
32 38 53
34 36 53
32 36 52
33 38 52
32 38 53
32 37 52
32 37 53
33 38 53
34 37 52
33 37 52
32 36 52
33 37 52
33 38 53
34 38 52
33 38 52
33 37 52
32 38 52
33 38 52
34 36 52
32 37 53
32 39 52
32 37 52
32 37 53
34 37 53
32 37 51
34 38 52
33 37 52
33 36 52
33 37 52
33 38 53
32 39 52
33 38 53
33 36 52
33 38 53
33 37 52
32 37 52
33 37 52
34 38 52
34 37 53
33 37 52
33 37 52
33 38 52
33 38 52
34 37 52
33 39 52
32 38 52
33 37 52
34 38 52
33 38 52
33 38 52
34 37 52
33 37 52
34 37 52
32 36 52
34 36 53
33 36 52
35 37 53
33 38 52
34 38 52
33 37 51
33 39 53
33 38 53
33 37 52
33 38 52
33 37 52
33 36 52
33 37 52
34 37 53
34 37 52
35 37 52
33 37 52
33 37 52
33 38 51
33 37 53
33 37 52
33 38 52
33 38 52
33 36 53
32 36 52
32 37 53
33 37 51
34 37 52
32 37 52
35 37 52
34 36 52
35 37 52
34 38 52
33 38 52
35 37 53
33 38 52
34 36 52
34 35 52
33 35 53
35 36 52
34 37 52
34 36 52
32 37 52
34 37 53
34 36 53
33 36 53
33 37 53
34 37 53
34 37 52
34 36 52
33 37 52
33 37 52
34 37 53
35 36 53
33 36 52
32 36 52
32 37 52
32 37 52
33 37 52
33 37 52
33 36 52
34 37 52
35 37 53
34 37 53
33 37 52
35 36 54
34 37 51
34 36 52
34 35 52
34 36 52
34 38 52
34 37 52
34 38 53
33 38 52
33 36 52
35 37 52
33 36 53
35 37 52
33 38 52
34 37 52
34 36 52
34 36 53
34 36 52
32 35 52
34 36 52
33 37 52
33 37 52
34 37 52
33 37 52
34 36 52
35 37 53
34 36 53
34 36 53
35 37 52
34 37 52
34 37 52
34 37 53
33 37 53
33 38 52
33 38 52
33 36 52
34 36 53
34 35 53
33 35 52
34 37 52
34 36 52
35 36 51
34 37 51
33 37 52
34 38 53
34 36 52
34 36 53
34 37 53
33 38 52
34 36 53
34 37 52
33 37 53
34 37 51
36 36 52
34 37 52
33 36 52
33 37 53
33 37 52
34 38 52
33 38 52
34 36 51
34 37 52
34 35 52
34 36 52
35 36 52
33 37 52
34 37 53
33 37 53
35 36 53
33 36 52
34 36 53
32 36 52
34 36 52
33 36 52
34 37 52
34 36 52
34 37 52
33 37 52
34 35 53
34 36 52
33 35 52
33 36 52
35 36 53
34 36 53
34 37 52
35 37 53
34 36 51
35 38 52
35 37 51
35 35 53
35 36 53
33 34 52
33 34 54
35 34 54
34 33 53
33 32 52
34 32 52
35 31 53
36 30 51
36 27 51
37 29 52
37 28 55
38 28 53
38 26 50
37 24 48
37 23 48
37 20 48
35 20 48
36 21 48
35 20 48
36 20 48
36 18 47
36 18 46
36 17 47
28 19 51
33 18 45
34 18 45
35 16 45
36 17 46
35 16 46
34 17 45
35 17 44
34 17 44
35 19 49
35 18 49
36 17 49
38 22 47
38 20 49
39 22 48
36 22 48
37 21 48
36 19 49
36 20 48
37 21 48
35 19 50
35 21 47
37 20 48
36 20 48
37 19 48
37 19 47
37 18 47
33 21 45
33 19 44
32 17 44
34 23 48
35 28 51
37 33 54
36 37 53
37 39 55
36 41 53
36 40 52
35 43 51
35 42 51
38 39 49
38 36 48
36 42 49
35 45 51
35 46 51
36 45 51
37 46 49
37 44 49
38 43 49
38 42 48
38 43 49
40 42 48
40 42 47
39 43 46
40 46 49
40 45 48
40 44 47
40 43 47
39 43 48
41 43 47
41 44 46
41 43 48
35 46 47
34 42 45
33 47 48
34 45 52
34 48 56
36 40 50
33 39 54
32 38 53
33 41 52
34 39 52
32 38 53
32 40 51
31 38 52
33 39 52
32 38 52
33 40 52
31 40 51
33 40 51
31 39 51
30 42 52
32 38 52
30 40 51
31 38 52
31 39 51
31 40 52
32 39 51
33 38 52
31 38 53
31 41 52
30 40 51
31 40 51
31 40 51
31 39 51
32 36 51
31 38 51
31 37 51
31 38 52
31 38 52
31 37 52
32 39 51
31 38 52
32 38 52
31 38 51
32 38 52
31 38 52
31 40 53
31 39 52
32 38 52
32 37 53
32 38 53
33 36 52
32 37 52
32 38 53
32 39 52
32 37 51
32 38 52
31 38 52
32 36 52
32 38 52
31 38 52
32 37 52
32 38 52
32 38 52
32 36 53
32 37 53
33 38 52
33 36 52
31 36 53
30 37 53
32 36 53
31 36 53
32 37 53
32 38 52
31 37 53
32 38 53
31 37 53
33 37 52
32 36 52
32 38 53
31 38 51
31 38 53
32 38 53
31 36 53
32 37 52
32 38 52
33 37 51
32 37 53
32 37 51
32 36 52
32 37 52
32 37 53
31 36 52
32 36 52
32 36 52
32 36 53
32 36 52
32 37 52
32 36 53
32 37 53
32 35 52
31 37 53
32 35 54
32 37 53
33 36 52
33 35 53
33 36 53
32 36 53
32 36 53
31 35 52
32 37 52
32 35 52
32 38 51
31 37 52
30 36 52
32 37 52
33 37 51
32 37 53
32 37 52
31 39 52
33 37 51
31 37 51
32 37 52
32 37 52
31 36 53
32 37 53
32 38 53
32 37 52
32 37 52
32 37 53
33 37 53
32 35 52
32 36 53
31 37 53
32 36 52
31 37 53
32 37 53
32 37 53
32 37 52
32 37 52
32 35 51
31 37 52
32 37 53
31 36 53
32 36 52
32 37 52
32 36 52
32 36 52
31 37 52
32 39 52
30 37 52
32 38 52
31 38 53
32 36 53
33 35 53
32 37 52
31 38 52
32 36 54
32 37 53
32 38 52
31 37 53
33 38 53
32 37 52
32 36 51
31 36 52
32 38 52
31 37 52
31 37 53
31 36 52
32 36 52
30 36 52
31 37 52
31 37 52
31 36 52
32 35 53
31 35 53
33 37 52
31 37 52
33 36 52
30 36 53
32 37 53
32 36 53
32 36 52
33 36 52
31 36 52
33 36 53
33 35 53
32 37 52
32 35 52
32 35 53
34 35 52
31 35 53
32 35 53
31 36 53
32 34 52
33 34 52
32 36 52
32 37 53
32 36 54
32 37 52
33 34 54
33 35 52
33 37 52
32 36 52
32 34 52
33 36 53
33 35 53
32 35 53
33 35 53
33 36 53
32 37 53
30 35 52
32 36 53
33 35 52
32 34 53
32 34 52
31 36 53
33 35 53
33 35 53
32 36 53
32 36 54
32 36 52
32 35 53
32 36 53
32 35 52
32 35 53
31 35 52
32 33 53
32 35 53
33 34 52
34 35 52
32 36 52
32 34 53
32 35 52
31 35 53
31 34 52
32 35 52
32 35 52
32 35 53
32 34 53
33 35 52
32 35 53
33 36 53
33 34 53
32 36 53
32 35 53
32 37 52
32 35 53
33 36 52
32 35 53
32 35 53
33 35 53
32 35 53
32 35 53
32 35 53
32 35 52
33 35 53
33 35 53
33 36 53
33 36 52
33 36 53
32 36 53
31 37 52
33 35 52
32 36 53
32 36 53
33 37 52
32 36 52
33 36 52
33 36 52
31 35 52
32 35 52
32 36 52
32 36 53
31 36 53
32 35 52
32 35 52
31 35 53
32 35 53
33 36 53
33 34 53
32 37 53
31 36 53
32 35 53
31 36 53
32 35 52
31 36 52
33 35 53
32 36 53
32 36 52
32 36 53
31 36 53
32 35 54
31 36 52
32 36 51
32 37 52
32 36 53
33 36 53
32 36 53
31 37 53
31 36 52
32 36 53
32 37 52
32 36 52
31 36 53
31 36 52
32 36 52
30 36 52
31 36 52
32 36 53
31 36 52
33 37 52
32 37 52
32 36 53
31 36 53
31 36 52
32 36 53
31 36 53
33 35 53
32 35 53
32 36 52
32 36 53
32 36 52
33 35 52
31 36 51
32 36 53
32 37 52
31 35 53
32 36 51
32 36 52
32 36 52
32 36 52
31 37 52
31 36 52
32 36 52
31 35 52
32 35 52
33 35 53
32 36 52
32 35 52
32 35 52
32 36 53
31 36 51
32 36 52
32 35 53
32 36 52
32 35 54
32 36 52
32 36 52
31 36 52
32 36 52
32 35 52
32 36 52
32 37 53
31 35 53
32 35 53
31 37 53
32 34 53
30 37 52
32 36 52
31 35 53
32 37 53
33 36 52
31 36 53
31 36 53
30 36 52
31 36 53
31 36 53
31 36 52
32 36 53
32 37 52
32 35 53
33 35 53
32 37 51
32 36 53
33 36 52
32 36 52
32 36 52
32 36 53
31 35 54
33 35 53
31 35 52
31 35 53
33 36 52
33 35 52
33 36 54
31 35 52
31 36 52
32 36 53
32 36 52
32 36 53
33 36 52
33 36 53
33 36 54
32 35 53
32 37 53
32 36 52
32 35 52
31 36 53
32 35 53
31 35 52
32 36 52
31 36 52
32 36 52
32 36 52
30 34 52
32 36 52
32 37 53
33 36 52
32 35 53
32 35 53
32 37 53
32 36 53
32 36 53
32 36 52
31 38 53
32 35 52
32 35 53
34 35 52
32 34 52
32 34 52
32 35 53
34 36 53
33 35 52
33 36 53
32 37 53
34 33 52
33 35 53
32 35 52
31 37 53
32 37 52
32 35 53
32 35 52
32 35 52
32 35 53
32 35 52
32 36 52
31 35 52
32 36 53
33 35 52
33 36 54
32 35 53
32 36 52
33 36 52
32 36 53
31 36 53
31 35 53
33 35 53
32 36 52
32 36 52
33 36 53
31 38 53
33 35 52
33 35 53
32 35 53
31 35 53
31 34 52
33 34 52
32 35 52
32 35 53
33 35 52
32 34 52
32 35 53
33 34 53
33 35 53
32 35 52
32 36 52
32 36 53
33 36 53
32 35 53
32 34 54
32 35 52
32 36 53
32 36 53
33 36 53
33 36 52
31 35 53
32 36 53
33 35 52
32 35 52
31 34 52
31 35 52
32 35 52
32 37 52
32 35 52
33 36 52
33 35 51
32 36 53
33 35 52
32 36 53
32 36 51
32 35 52
31 35 53
31 36 53
31 34 52
32 35 52
33 35 52
33 34 54
31 36 52
31 34 52
32 35 52
32 35 53
32 35 53
32 36 53
33 35 53
31 34 53
31 35 52
31 35 53
32 35 53
33 36 53
33 36 52
32 34 52
32 36 53
32 35 52
32 36 52
32 35 53
32 35 52
31 36 53
32 36 52
31 35 52
33 35 53
32 36 53
32 35 52
31 35 51
32 36 53
32 35 52
32 35 53
33 34 52
32 36 53
32 36 53
31 34 53
32 36 53
33 35 52
32 35 52
32 36 53
32 35 52
31 34 53
32 35 53
32 35 52
33 34 53
32 37 52
32 37 52
32 36 52
32 36 52
33 36 52
32 36 53
32 35 52
32 35 52
32 36 52
33 35 53
32 35 53
32 35 53
33 35 53
32 35 53
32 36 51
33 35 52
31 35 53
32 36 53
31 36 53
31 36 53
32 36 51
34 35 52
32 36 53
32 35 53
33 35 52
32 35 53
32 37 52
31 36 52
32 35 52
32 35 52
33 34 52
33 35 53
32 34 53
33 36 53
31 35 52
32 36 53
32 36 53
32 35 52
31 36 53
34 35 53
33 36 53
33 36 53
33 36 52
32 37 53
31 36 52
33 35 53
33 36 53
32 36 53
32 37 53
32 36 52
33 36 52
33 37 53
33 35 52
33 35 53
32 36 52
32 36 53
33 36 52
33 36 52
32 36 53
32 36 53
32 35 52
32 36 53
32 36 53
32 36 53
32 35 52
33 37 52
31 38 53
32 33 52
31 36 52
32 36 52
32 36 53
33 35 53
33 36 53
34 34 53
31 36 52
32 37 52
33 35 53
33 34 53
33 34 52
31 35 51
32 37 52
33 35 53
33 35 53
33 35 53
33 36 53
31 36 53
32 35 52
32 35 52
32 36 52
32 36 53
32 36 52
33 38 53
32 35 52
32 35 52
32 36 52
32 36 52
34 36 52
32 35 52
31 35 52
32 34 53
33 35 53
32 35 53
33 35 53
31 36 52
31 35 53
33 34 53
33 35 53
33 35 53
32 35 53
31 36 52
32 35 53
33 35 53
33 35 53
33 35 53
33 36 53
33 35 52
33 35 52
33 35 52
33 36 52
32 35 53
32 36 52
33 35 52
33 35 53
32 35 52
33 35 53
33 34 53
33 36 53
34 35 53
33 36 53
32 35 53
32 37 52
33 35 52
33 34 51
33 35 53
33 36 53
33 35 52
32 36 53
32 35 53
33 35 52
34 36 53
32 35 53
31 35 53
33 36 51
33 37 52
32 35 52
32 35 52
32 37 53
33 35 52
33 36 52
32 35 52
33 34 53
33 34 52
33 34 53
34 36 52
31 35 53
31 36 52
32 36 53
33 34 53
33 35 54
32 35 52
33 34 54
33 36 52
33 35 52
33 35 53
33 37 53
34 34 53
32 36 52
31 36 52
33 35 52
32 35 53
33 35 53
33 36 53
32 36 53
33 35 52
33 36 53
33 37 52
33 37 53
32 36 52
34 36 53
34 35 52
33 35 54
32 37 53
32 36 52
33 36 53
33 37 52
32 36 52
34 36 53
34 35 52
32 35 52
32 35 53
33 36 53
33 36 52
33 36 52
32 34 54
32 36 53
33 35 53
33 36 53
32 35 53
33 36 53
33 34 52
32 36 53
33 35 53
33 36 53
34 36 53
34 34 53
32 35 52
33 34 52
33 34 52
33 35 52
33 36 53
32 35 52
33 37 53
34 36 52
32 36 52
34 36 53
34 34 52
34 35 53
33 35 53
33 34 53
34 34 52
32 34 53
33 35 53
32 34 52
34 34 53
32 35 52
34 35 53
33 35 53
34 35 53
33 36 52
34 34 53
32 35 53
32 35 53
34 35 52
34 36 52
32 35 53
33 34 51
33 35 53
34 35 52
33 35 53
33 36 52
33 37 52
33 36 52
33 35 52
33 34 52
34 36 52
32 35 52
34 35 53
32 37 53
33 35 54
33 35 53
33 34 52
34 34 52
33 34 52
34 35 53
33 37 54
33 35 53
33 35 53
33 33 53
33 36 52
33 36 52
35 33 53
34 36 52
34 34 53
34 34 52
33 35 52
33 35 52
33 36 53
33 34 53
32 36 52
33 35 53
33 36 52
33 36 53
33 36 53
32 34 54
34 35 53
33 35 53
33 35 52
33 34 52
32 35 54
33 34 52
34 35 52
33 35 53
33 34 53
34 35 53
32 34 53
34 36 52
32 35 52
32 35 52
33 35 53
33 36 52
33 36 53
32 35 52
34 36 53
32 35 52
33 36 53
33 35 53
32 35 53
32 35 54
33 35 52
33 36 53
33 34 53
33 34 52
32 35 52
33 35 53
32 36 53
33 36 53
32 33 52
33 35 52
31 36 52
33 34 52
33 35 52
33 35 53
33 36 52
33 34 52
34 36 53
33 35 53
32 34 53
33 35 53
33 35 52
34 36 53
33 34 52
33 36 51
33 34 54
34 34 53
33 35 52
32 36 53
33 34 53
33 36 52
33 35 53
34 36 53
33 36 53
34 35 52
33 34 52
32 36 52
32 35 53
33 35 53
32 35 54
33 35 53
33 34 52
32 34 51
32 37 53
33 34 53
34 35 52
32 34 52
32 33 53
32 34 52
33 36 53
33 35 52
33 35 52
34 35 52
34 35 52
33 35 53
33 35 53
33 35 52
32 36 53
33 36 52
33 35 52
33 35 53
34 36 53
33 35 52
33 34 52
32 35 53
33 35 52
34 36 53
33 35 52
33 34 53
33 35 52
33 35 53
33 35 53
32 34 53
33 34 53
33 34 53
34 36 52
32 35 52
33 35 53
34 34 53
33 35 53
33 35 52
34 35 52
34 33 52
33 34 52
34 35 53
34 35 52
32 35 53
33 35 53
33 34 53
33 35 53
34 35 53
33 34 53
35 33 53
32 34 53
35 33 52
33 35 52
32 34 52
33 35 52
33 34 52
34 34 53
34 34 52
33 35 52
33 35 52
33 34 53
33 34 52
32 36 51
34 35 52
33 35 52
33 35 53
34 36 54
35 34 52
33 35 53
33 34 53
34 34 52
34 35 52
33 35 52
33 34 52
34 35 53
34 35 52
33 35 53
34 35 53
33 34 53
33 35 53
34 34 53
33 34 53
34 36 52
33 34 53
33 33 52
34 35 52
34 36 53
33 36 53
33 34 54
34 34 52
33 34 53
33 34 53
33 35 53
33 35 53
33 35 52
32 36 52
33 34 52
34 34 52
33 35 52
34 34 53
34 35 52
33 37 52
34 35 52
34 35 52
33 35 53
34 34 53
33 36 52
33 35 53
33 36 53
33 34 53
34 35 53
33 34 52
35 35 52
33 35 52
34 34 53
34 36 53
33 35 52
33 34 52
32 34 53
33 35 52
33 35 53
34 34 53
33 34 53
33 34 53
34 35 53
33 35 53
32 36 51
34 34 53
33 34 52
34 35 52
35 35 53
33 35 53
33 33 52
33 36 53
34 36 53
34 34 54
32 35 52
32 36 52
33 34 53
34 35 52
34 34 53
33 35 53
34 34 53
34 34 52
34 35 53
33 35 52
34 34 52
33 34 54
33 35 52
33 35 52
33 34 53
34 35 54
34 33 53
34 35 52
33 36 53
34 35 53
32 36 53
33 35 52
33 35 54
33 36 52
33 35 52
32 34 53
33 34 52
33 35 54
33 36 52
33 35 52
33 35 52
32 35 53
33 36 52
33 35 52
32 35 53
33 34 52
34 34 51
33 35 53
33 34 53
33 35 51
34 35 52
34 34 53
34 37 52
34 35 52
34 34 53
33 34 52
33 37 52
34 32 52
32 35 52
34 34 54
33 36 53
33 35 53
34 34 52
34 34 52
33 36 52
33 35 53
35 34 53
32 34 53
33 35 54
34 34 52
33 35 53
35 35 53
33 35 53
34 35 52
32 35 53
33 34 54
33 35 52
34 35 53
33 34 52
32 35 52
33 35 53
34 35 53
34 35 52
35 35 52
34 33 53
33 35 52
34 35 52
34 35 53
32 36 53
34 34 52
34 35 52
33 34 53
34 34 52
34 35 52
33 35 54
33 35 52
34 35 53
33 36 53
34 34 52
34 35 53
33 35 53
33 34 52
34 35 53
33 34 52
34 35 52
34 34 52
32 34 53
33 34 52
33 35 52
33 35 53
33 34 52
33 35 53
33 33 51
33 34 52
33 34 52
32 33 53
33 36 52
34 36 53
33 34 53
33 34 52
33 35 52
34 34 52
33 35 52
33 34 53
32 36 53
33 35 53
33 36 52
33 35 53
34 34 52
34 34 53
32 35 53
33 34 53
32 36 54
34 33 53
33 34 53
32 34 53
33 34 52
33 36 53
33 34 53
33 35 52
33 36 53
33 34 53
33 34 52
33 35 53
33 35 53
33 34 52
32 35 52
33 34 52
33 34 53
34 35 53
30 35 52
33 32 52
32 35 52
34 35 52
33 34 53
32 35 52
33 34 52
32 34 54
34 35 53
34 36 53
32 35 54
33 34 53
33 34 53
34 35 54
33 34 53
34 34 53
33 35 53
34 34 52
34 34 53
33 35 52
33 33 52
33 34 52
32 35 53
32 36 53
33 35 53
33 34 52
33 33 53
34 34 53
33 35 53
33 35 53
34 34 53
33 37 53
33 36 53
33 34 52
34 34 53
33 34 53
33 34 54
33 33 53
33 35 53
34 35 52
33 35 52
33 35 52
34 34 53
33 35 54
34 34 53
34 35 53
34 35 53
34 34 53
34 34 52
34 35 53
34 35 53
34 34 53
33 34 53
34 35 53
33 35 52
33 34 52
33 34 52
33 34 53
33 35 53
33 34 53
34 35 52
34 33 52
34 32 53
33 37 56
34 37 54
35 35 52
37 35 49
38 34 51
36 34 51
36 32 52
31 34 52
36 32 54
36 32 52
34 34 53
34 31 51
36 29 50
36 29 52
39 28 54
37 31 54
37 26 49
37 28 51
36 24 49
38 22 51
36 20 49
34 20 50
36 24 49
36 22 50
37 20 49
36 23 47
35 17 52
34 19 47
33 19 46
35 20 48
34 20 47
36 17 47
34 15 46
34 20 46
33 18 46
35 17 46
33 18 46
32 20 52
35 18 48
39 20 45
38 19 44
34 17 47
34 19 47
35 18 50
34 20 47
35 16 46
33 15 45
35 18 46
35 18 45
36 18 46
35 17 46
35 16 48
35 17 50
35 19 47
37 20 45
38 20 45
35 20 46
38 20 49
35 19 50
37 21 48
37 18 50
36 19 50
35 19 47
35 19 46
35 19 47
35 17 49
32 17 43
31 18 49
33 23 51
35 29 52
36 31 51
37 33 52
37 35 51
38 35 52
36 38 54
36 38 51
34 40 52
34 41 51
33 42 51
33 44 51
33 45 50
34 46 49
34 45 49
35 44 49
35 45 49
37 43 48
37 43 49
38 45 47
38 44 46
38 44 47
36 45 47
36 47 47
39 45 47
39 47 47
39 45 46
39 48 43
39 43 45
35 49 45
34 46 44
32 49 47
32 46 48
31 46 51
34 43 53
36 42 52
32 41 51
32 39 51
32 37 52
31 40 52
32 40 51
31 40 51
31 40 52
32 38 52
31 40 52
31 40 52
31 39 52
32 39 51
31 40 52
31 40 52
31 41 51
31 40 52
31 40 52
31 40 51
32 40 51
32 38 51
32 40 52
32 39 52
31 38 51
32 39 53
33 40 52
32 38 52
32 38 52
32 40 52
32 39 52
31 39 53
30 40 51
32 40 52
32 39 52
31 38 52
32 39 53
32 38 52
31 40 51
31 39 53
32 40 52
32 40 52
31 40 52
32 39 51
31 39 52
32 40 51
32 38 51
32 39 52
32 39 51
31 39 52
32 39 53
32 40 52
32 38 51
32 39 51
32 39 51
32 38 51
32 39 53
29 39 52
32 38 52
33 40 52
32 38 52
33 39 51
33 39 52
32 38 52
31 40 52
31 40 52
32 39 52
32 38 52
32 39 51
33 38 52
33 39 52
33 38 51
32 38 52
31 38 52
32 39 52
32 38 53
33 38 52
31 38 51
32 38 52
33 37 52
32 39 52
32 37 51
33 38 52
31 40 52
32 39 53
33 38 52
33 38 52
33 37 52
33 38 52
31 38 53
32 38 51
31 37 52
33 38 52
33 38 51
32 37 51
33 39 52
33 36 51
32 38 52
32 37 52
32 38 52
33 38 51
