38 40 50
39 41 50
40 41 50
39 40 50
39 39 51
38 37 52
40 39 51
38 39 51
39 39 51
38 37 52
36 39 52
36 40 54
37 39 52
39 36 52
39 31 51
39 33 51
39 30 51
40 32 51
38 32 51
39 33 52
36 31 52
36 29 53
36 29 51
37 29 51
36 29 52
37 28 51
38 27 52
35 29 53
35 29 53
36 28 52
35 27 53
36 27 51
38 24 50
38 21 50
38 23 48
38 23 50
37 25 49
38 22 49
35 21 48
35 20 48
35 20 49
37 20 50
35 21 49
36 19 49
35 20 47
34 20 48
33 18 46
33 18 44
33 15 45
35 17 45
34 15 47
33 15 43
33 15 43
34 17 44
35 15 44
33 15 44
33 16 43
33 15 42
34 15 45
34 16 45
34 15 45
34 16 44
33 17 44
33 14 44
29 18 47
34 17 49
37 18 45
37 19 45
37 19 45
36 16 46
35 17 47
34 18 47
35 17 46
35 17 45
35 18 45
33 16 45
35 15 42
34 16 45
31 16 38
33 19 44
34 31 52
39 34 55
39 34 55
38 36 53
38 35 53
35 38 53
35 41 52
37 42 52
36 40 52
37 40 51
35 39 50
36 40 50
35 40 50
37 41 49
36 42 50
36 41 51
37 42 50
39 43 50
37 37 49
36 42 48
36 42 47
39 42 47
37 42 47
39 46 51
37 44 50
38 44 52
37 46 52
37 42 51
35 39 48
35 37 46
31 42 47
30 46 51
33 41 56
35 39 51
34 41 52
36 41 52
34 41 51
33 42 51
32 41 50
33 42 51
34 42 51
33 41 51
36 41 51
33 42 51
34 41 50
35 41 50
34 41 50
34 40 51
32 43 51
33 41 51
34 42 51
33 42 51
33 40 51
34 40 51
33 43 50
33 42 51
34 41 51
33 40 51
34 42 50
33 42 51
33 41 50
33 41 50
33 41 50
32 42 51
34 42 51
34 40 51
34 41 50
33 42 51
33 42 51
31 41 51
33 41 51
33 41 51
34 42 51
33 41 51
33 41 51
34 42 52
32 42 51
33 42 50
33 41 51
35 41 51
34 42 50
34 41 51
33 41 51
33 41 51
33 40 50
34 42 51
33 42 50
33 42 51
34 41 51
33 41 50
34 42 51
34 42 51
33 42 50
34 43 51
33 42 52
33 41 51
33 41 51
33 41 50
33 42 51
34 41 50
32 42 51
34 40 51
33 42 51
32 42 51
34 42 50
34 42 50
33 40 50
33 42 50
33 41 50
35 41 51
34 42 51
34 41 51
34 42 50
34 41 50
34 42 51
34 42 51
34 40 51
33 41 50
34 41 50
34 40 51
35 41 51
34 41 51
34 40 50
33 41 50
35 41 51
33 41 51
35 42 51
33 40 52
34 41 52
32 42 52
33 41 51
33 41 51
34 41 50
33 41 51
34 41 52
33 42 50
33 41 51
33 42 51
33 41 51
33 40 51
32 40 52
33 41 51
33 40 51
34 41 51
33 41 52
34 42 50
33 40 50
33 40 52
33 42 50
34 41 52
34 40 52
34 42 50
34 41 51
34 41 50
35 42 50
34 41 51
34 42 50
32 40 51
33 41 50
34 40 51
34 41 51
34 42 51
32 41 51
33 40 51
35 41 51
33 41 52
34 41 51
34 41 51
34 41 50
34 42 51
34 41 49
34 41 51
35 41 50
34 41 51
33 41 50
34 39 52
34 42 51
33 40 52
33 40 51
34 41 52
34 40 51
34 41 50
33 39 52
34 42 50
35 41 51
34 42 51
34 40 51
34 39 51
34 42 51
33 40 51
34 41 52
34 41 52
34 40 51
34 41 51
35 41 51
33 40 52
33 40 52
35 41 51
33 41 52
35 40 51
33 41 50
34 41 50
34 40 52
33 41 50
33 40 52
33 40 51
33 40 52
33 40 51
34 41 51
34 40 51
34 41 51
34 41 52
33 41 51
34 40 51
34 40 50
34 40 50
33 41 52
34 40 51
35 41 51
34 39 51
34 41 52
33 40 50
34 41 52
32 41 52
32 40 51
34 40 53
35 40 51
35 41 52
33 40 51
35 41 51
33 41 51
32 41 51
33 41 51
34 40 51
33 41 51
35 41 51
34 40 51
33 41 52
33 41 51
33 42 51
33 41 51
34 41 51
34 41 51
33 40 50
35 41 51
33 40 51
34 40 51
33 40 51
35 41 52
35 41 51
32 41 52
32 41 51
34 41 51
35 42 51
33 41 50
34 40 50
34 41 52
33 41 51
33 40 51
34 40 51
34 40 51
34 41 51
34 39 51
34 41 51
33 41 51
34 42 52
34 42 51
34 40 51
35 40 51
34 41 52
33 40 50
35 40 50
35 41 51
33 41 50
33 40 51
33 41 51
34 39 52
33 41 52
33 42 52
32 42 52
35 41 52
35 40 52
38 36 51
39 31 51
39 27 50
38 28 47
37 22 49
39 23 49
39 21 47
38 20 48
37 20 48
36 21 48
36 19 49
35 20 49
36 20 48
35 20 48
36 17 48
37 17 46
36 18 46
35 15 47
35 16 44
34 15 45
34 16 45
33 15 46
36 16 43
36 15 45
34 16 45
35 16 45
35 16 45
33 16 45
35 15 45
36 16 44
35 16 45
35 14 44
33 17 45
34 17 46
35 17 45
37 17 46
38 18 46
38 20 47
40 20 48
38 19 46
38 19 46
37 18 47
36 17 47
37 18 47
37 18 45
36 18 43
34 15 48
33 15 40
33 16 42
35 20 47
35 25 53
38 27 56
37 31 53
38 31 53
38 31 51
37 32 52
36 32 51
36 33 52
34 33 52
35 33 54
36 33 52
36 36 54
36 35 53
38 34 52
36 34 53
37 35 54
36 36 53
35 34 53
36 34 52
37 34 52
35 35 52
36 35 53
36 36 52
36 33 52
37 34 51
35 35 52
36 35 53
36 35 52
36 34 52
35 33 52
35 33 52
37 35 52
35 35 52
35 35 53
36 34 52
36 34 53
36 33 52
36 35 52
35 35 52
36 35 53
36 35 53
35 35 54
36 35 52
35 32 53
36 34 52
36 34 52
36 35 52
36 34 52
35 33 52
36 36 53
36 35 52
35 35 52
35 35 51
36 35 52
36 34 53
35 34 52
37 35 52
37 35 52
36 38 53
35 39 52
36 39 52
36 39 51
36 41 51
37 38 51
39 40 50
38 38 50
39 38 50
39 38 50
38 41 51
38 41 50
38 41 49
38 40 51
39 39 49
38 37 51
39 38 49
38 39 52
37 41 49
37 42 50
37 43 50
37 41 50
37 42 51
35 41 51
36 41 52
36 39 53
35 40 51
36 36 51
35 38 52
34 38 52
35 38 53
35 35 52
34 36 53
34 35 52
34 35 52
35 35 52
34 35 52
34 35 52
34 35 52
35 35 52
35 34 52
33 34 53
34 35 52
35 36 52
34 35 52
35 35 53
34 35 52
34 35 52
34 34 53
35 33 53
34 35 52
35 36 52
33 36 51
33 35 53
34 36 53
34 36 53
35 36 53
35 35 53
34 37 52
34 36 52
34 37 52
34 38 52
33 36 51
35 35 52
32 36 52
33 37 52
32 37 52
34 37 53
32 38 53
33 37 52
34 37 52
33 37 52
32 37 53
32 36 51
34 36 52
35 36 53
34 37 52
34 35 53
34 36 52
33 37 51
34 35 52
35 35 53
34 36 53
33 35 52
34 36 52
35 35 53
34 34 52
33 36 53
34 35 52
35 36 51
34 35 53
35 36 53
34 35 53
34 34 52
34 34 53
35 35 53
34 34 54
34 36 53
35 34 53
34 34 53
35 35 52
34 34 52
35 35 53
35 34 52
35 33 53
35 34 53
33 35 52
35 34 52
35 35 53
33 35 53
35 35 52
34 34 52
34 35 52
34 36 53
34 34 53
35 35 53
34 34 53
35 35 52
34 34 53
35 34 53
36 36 52
34 35 53
35 35 53
35 35 52
34 35 53
33 36 53
34 33 52
34 35 53
35 35 53
34 35 52
35 35 53
35 35 52
35 35 53
35 34 53
35 33 53
33 36 52
35 35 53
35 34 53
35 34 53
34 35 53
35 34 52
35 35 53
35 34 53
35 35 52
35 35 53
35 35 52
34 34 53
35 35 53
35 35 53
35 35 52
36 35 53
36 35 54
34 35 52
34 35 52
34 34 53
34 35 52
34 35 53
35 34 53
35 34 53
35 35 52
34 36 52
34 35 53
34 35 52
33 34 53
34 35 53
34 34 53
34 34 52
35 35 52
35 36 52
34 36 52
35 35 52
34 34 52
34 35 52
34 35 52
34 34 52
35 34 52
34 34 52
36 35 54
34 34 53
35 35 52
34 34 52
34 34 52
33 34 53
34 36 53
35 34 53
34 35 52
34 34 53
34 35 52
36 34 54
34 34 53
34 35 53
34 36 53
34 34 53
36 34 53
35 34 52
35 34 52
34 34 53
35 35 53
34 34 53
35 33 53
35 35 52
35 34 52
35 35 53
35 35 53
34 34 52
34 34 53
34 34 52
36 34 53
36 35 54
34 35 52
34 35 53
36 35 53
35 35 53
35 34 53
34 34 53
35 34 52
35 35 53
35 34 53
35 34 52
35 36 52
34 35 52
35 35 52
35 34 52
35 35 54
35 35 53
33 35 53
35 35 52
34 36 52
35 35 52
35 35 53
35 34 53
36 34 53
34 35 53
34 36 52
35 35 54
35 35 53
34 33 52
33 35 53
35 36 53
35 35 53
35 35 52
36 35 52
34 34 53
34 35 52
35 35 52
35 35 54
35 35 53
35 34 54
35 35 52
34 35 52
34 34 53
35 34 53
34 35 52
34 36 53
35 35 52
34 35 53
35 35 53
35 35 52
36 35 53
34 34 53
35 34 53
35 34 52
35 35 53
35 35 52
35 36 52
35 34 52
35 34 52
34 34 53
35 36 53
35 36 52
35 34 52
34 34 53
34 35 53
33 35 54
35 35 52
35 34 53
35 36 53
33 35 53
35 34 52
34 34 52
35 34 53
34 34 52
35 35 52
34 33 52
34 35 51
34 32 52
34 37 53
34 34 52
35 34 55
32 39 55
34 36 54
35 34 53
38 31 52
38 30 51
39 27 51
39 25 48
40 24 48
38 21 48
37 20 49
36 20 49
37 22 50
35 22 49
36 21 49
35 22 49
35 20 49
36 21 49
36 22 49
35 20 47
36 21 50
38 21 48
36 19 49
37 20 49
35 19 48
34 19 47
34 15 46
34 15 44
33 17 44
34 16 45
34 18 45
34 16 44
34 17 44
35 15 44
33 17 46
34 16 45
33 15 43
34 16 44
34 16 46
35 16 45
32 15 43
33 17 45
36 20 46
34 15 46
33 15 43
33 17 43
36 17 46
34 13 42
31 17 47
33 18 48
39 18 45
37 19 45
37 18 46
37 18 47
37 16 47
34 18 49
35 11 50
31 15 44
33 16 44
34 20 47
35 15 47
33 16 44
32 16 43
33 17 44
33 17 46
33 15 45
31 14 46
32 18 49
35 16 47
36 18 46
37 20 44
36 18 47
35 18 47
35 19 48
35 18 48
35 17 50
36 21 45
34 17 45
34 15 44
33 14 42
33 15 42
33 19 46
32 29 50
35 31 53
37 32 54
36 34 53
35 34 54
36 35 55
35 37 53
35 37 54
35 39 53
35 39 52
37 39 52
37 38 50
38 36 50
39 37 51
39 37 50
38 36 49
39 38 50
39 40 51
39 43 50
39 42 50
40 40 50
39 42 50
39 40 49
39 40 49
40 42 49
41 38 49
39 41 50
41 40 50
42 40 50
41 42 50
38 40 47
36 40 45
36 40 50
36 41 50
36 42 50
37 39 54
35 37 52
34 35 53
35 36 54
33 34 53
32 34 52
34 33 54
34 35 53
33 35 52
34 35 53
32 34 52
32 36 52
33 35 52
34 35 53
33 35 53
32 35 53
33 36 52
34 34 53
34 35 52
33 34 53
32 34 52
32 35 54
33 36 53
32 34 53
32 34 53
32 36 53
32 35 52
33 34 53
33 36 53
33 36 52
33 36 53
33 36 52
34 36 52
33 36 52
32 34 53
32 35 53
33 35 53
32 37 52
33 36 53
33 34 54
34 35 53
32 37 52
32 35 51
32 35 53
32 35 53
33 36 53
33 36 53
32 36 53
33 36 52
34 36 52
33 36 52
33 36 52
33 36 53
33 35 53
34 35 52
33 38 52
33 36 52
33 35 53
32 36 52
32 37 52
33 37 52
33 36 53
33 35 51
33 35 52
33 35 53
32 37 52
33 36 52
33 35 52
33 36 52
33 35 53
33 36 53
33 36 52
33 36 53
34 36 52
32 36 53
33 35 52
33 36 53
32 36 52
33 36 52
33 35 53
33 37 53
35 37 52
33 36 52
32 35 53
33 36 53
33 36 52
33 35 53
33 36 52
34 35 53
34 37 53
32 36 52
33 36 52
33 37 53
33 36 52
33 36 52
33 35 51
32 36 52
33 36 53
32 36 53
33 35 53
33 36 53
32 37 53
33 37 52
33 36 52
33 36 53
33 37 52
32 36 53
33 36 52
33 36 52
33 35 52
33 37 53
33 36 52
33 36 52
32 36 53
34 36 53
32 36 53
34 37 51
34 35 52
34 36 52
35 35 52
33 38 52
33 37 53
33 36 52
33 36 53
33 35 52
33 36 52
34 35 52
33 35 53
33 36 52
33 35 53
33 37 53
33 35 52
34 35 53
33 35 53
33 36 52
32 37 53
32 36 53
32 37 53
33 35 52
33 35 51
33 36 53
33 36 52
32 37 53
35 36 53
34 36 52
33 35 53
33 36 53
33 36 52
33 36 52
34 35 53
33 36 53
33 37 52
33 36 52
34 36 52
32 36 53
32 36 53
34 36 52
33 36 52
33 36 52
33 37 52
33 36 52
34 36 52
34 36 52
34 36 53
33 37 53
33 36 52
32 36 53
34 36 52
33 35 52
33 35 52
31 37 52
34 36 53
32 36 51
32 36 52
32 36 53
33 37 51
34 36 52
33 37 52
33 37 51
32 37 53
33 36 52
34 36 52
32 36 52
33 37 53
34 36 53
32 36 53
33 36 52
34 36 52
33 36 52
33 37 53
34 36 52
33 36 52
33 36 52
33 36 52
33 36 52
33 36 53
34 36 52
33 36 52
34 36 53
33 36 53
33 36 53
33 37 53
34 35 52
32 36 52
33 36 53
32 35 52
34 36 53
33 37 52
34 37 53
31 36 53
33 35 52
33 36 52
33 36 51
33 37 53
32 35 53
32 37 53
33 36 52
33 35 52
32 36 53
32 36 53
33 36 52
33 37 52
33 37 52
32 36 52
33 37 53
33 37 53
32 37 53
31 35 52
33 37 52
32 38 52
34 37 53
33 36 53
33 36 52
34 37 53
32 37 52
32 36 52
33 37 52
33 37 52
34 36 52
32 37 53
33 35 53
34 36 52
33 37 53
33 37 53
34 36 52
32 37 52
33 37 53
33 36 53
32 36 53
33 35 53
32 37 52
32 35 52
32 37 52
34 36 52
34 37 53
33 37 53
32 36 52
34 36 52
34 36 52
32 35 53
33 35 52
33 36 52
33 36 52
32 36 52
34 37 52
32 37 53
32 36 52
33 35 52
33 36 52
34 35 53
34 37 52
34 36 53
32 36 52
32 34 53
33 36 53
32 37 52
33 36 53
34 36 53
33 37 52
33 36 52
32 36 52
32 36 53
32 36 53
33 35 53
33 36 53
33 36 53
33 36 53
32 36 52
33 36 52
34 35 52
32 36 53
33 38 53
32 35 52
33 35 53
33 36 52
32 37 52
32 35 52
33 35 53
33 35 52
33 36 51
34 36 52
33 37 53
32 37 53
33 38 53
34 36 53
32 37 52
31 36 53
33 36 52
33 37 52
33 36 51
33 36 53
33 35 52
33 35 53
33 37 52
34 36 53
32 36 53
33 36 53
33 36 53
34 36 53
33 36 53
33 37 53
32 37 52
34 36 53
32 36 53
33 35 53
32 37 52
33 36 53
33 37 52
33 37 52
33 35 52
33 36 52
33 36 53
33 36 53
33 35 52
32 36 53
33 36 52
33 36 53
33 35 53
33 37 52
33 36 53
33 36 53
33 35 53
33 37 53
32 36 52
32 37 52
33 36 52
32 37 53
35 35 52
33 36 52
33 37 52
33 37 52
33 35 52
32 37 52
34 36 53
32 37 53
31 36 52
34 35 51
32 36 52
32 35 53
33 35 53
33 36 54
34 36 52
32 36 53
32 35 52
33 36 52
33 35 53
33 36 53
33 36 52
33 35 52
32 36 53
33 36 53
33 36 53
34 36 53
34 36 52
33 36 53
33 36 52
33 36 53
35 35 53
33 35 52
33 35 52
33 37 53
34 36 52
33 36 52
32 36 53
34 36 51
34 37 52
33 35 53
34 34 52
33 36 53
34 36 53
33 35 52
33 35 53
33 35 53
34 35 52
32 36 54
35 37 55
36 33 53
36 30 52
37 30 51
37 28 51
37 27 51
35 28 51
35 28 52
34 26 53
34 27 54
34 28 52
33 26 53
34 27 52
33 28 51
36 24 51
38 23 51
37 24 52
35 21 51
36 23 51
37 23 50
36 21 47
37 21 48
35 18 47
36 20 47
35 17 45
34 17 46
37 19 47
35 18 48
35 19 46
36 19 47
37 18 48
33 16 46
32 17 43
34 16 45
36 17 47
34 21 48
33 20 49
33 16 44
34 16 43
36 17 47
35 17 46
32 18 51
33 17 47
40 21 46
38 19 44
36 18 45
36 18 46
35 16 51
35 21 46
35 18 46
32 18 44
35 17 45
38 17 49
34 18 49
35 16 46
35 17 45
38 19 48
35 17 48
33 14 44
34 15 43
33 22 49
38 19 48
36 16 47
38 20 45
36 20 49
37 19 48
38 21 48
36 18 48
36 20 48
37 19 50
37 17 50
37 17 48
39 20 46
35 18 47
33 17 44
33 15 40
36 19 43
35 28 48
37 33 55
38 39 54
38 42 55
36 42 53
36 42 53
38 41 51
38 42 50
40 39 49
40 40 49
41 40 48
41 41 49
40 41 47
40 42 47
40 42 48
42 41 49
39 40 49
41 40 49
43 43 49
40 44 48
40 40 46
38 45 49
34 45 43
33 43 47
33 47 52
33 49 54
35 42 50
34 38 50
32 39 52
34 40 53
34 35 52
34 37 52
33 37 52
34 38 52
35 38 51
33 37 52
32 38 52
33 39 51
31 37 52
33 37 51
33 36 52
33 37 51
31 38 52
32 38 53
33 37 52
32 36 52
33 38 51
31 37 52
32 37 52
32 37 52
33 37 52
34 37 53
33 38 53
33 37 52
33 39 52
31 37 52
33 38 52
32 38 53
32 38 52
32 38 52
32 38 52
32 37 52
32 37 52
33 37 52
32 38 52
32 36 51
32 36 52
32 37 52
32 37 52
32 38 51
33 38 52
32 36 52
33 37 52
32 37 53
32 37 52
33 38 52
32 37 53
33 38 52
32 37 53
32 38 51
33 37 52
32 37 52
32 38 52
32 36 52
32 38 53
32 38 53
33 38 52
32 38 52
32 38 52
32 39 52
32 38 52
34 38 52
32 39 52
32 38 52
32 38 52
33 38 52
32 38 52
33 38 51
32 38 52
32 40 52
32 37 51
32 38 52
31 37 52
32 38 52
32 37 53
33 38 52
31 39 52
33 38 52
33 37 52
32 39 51
32 39 52
33 39 52
32 38 52
33 39 51
32 39 52
31 39 51
33 38 52
32 39 53
32 39 52
34 39 52
32 38 52
33 38 52
31 39 52
32 39 53
31 38 51
33 38 52
32 38 53
33 37 52
33 37 52
33 38 52
34 38 52
33 38 52
33 38 52
33 39 52
32 38 52
33 39 52
32 37 51
32 37 53
31 38 52
33 39 53
32 38 52
32 38 53
32 38 51
32 37 51
34 37 52
33 39 51
33 38 52
32 37 52
34 37 52
32 37 52
33 39 52
33 38 51
32 37 52
32 37 53
32 39 52
32 39 51
33 36 51
32 38 53
32 37 52
33 38 52
33 37 52
33 38 52
32 38 52
32 38 52
32 39 52
32 39 51
32 37 52
32 37 51
31 37 52
33 37 52
32 39 52
33 37 52
31 38 53
33 38 52
32 38 51
32 39 52
32 37 52
34 37 52
33 37 52
32 38 52
32 37 52
32 37 53
32 38 52
32 37 51
33 38 53
33 37 52
32 38 53
32 37 52
33 39 52
32 37 52
33 38 53
32 37 52
31 38 52
32 38 52
32 38 53
32 37 52
32 37 52
32 37 52
33 38 53
33 38 52
32 37 51
33 36 52
34 37 52
32 37 52
33 37 52
34 38 52
32 38 51
33 37 51
31 37 53
33 37 52
33 38 52
32 38 52
32 38 52
32 37 52
34 38 52
33 36 53
32 38 52
33 39 52
33 38 52
32 38 51
34 38 52
32 37 52
32 38 53
32 37 52
32 37 52
33 37 52
32 37 52
32 37 53
32 36 52
33 38 51
33 38 52
33 37 52
33 36 52
33 38 53
32 39 52
33 38 52
32 38 52
33 37 52
34 37 53
32 38 52
33 37 52
32 37 53
33 38 52
32 38 52
33 39 52
33 37 53
33 38 51
33 38 53
32 37 53
33 37 52
32 39 52
32 38 52
32 38 52
33 38 53
32 38 53
32 38 52
33 37 52
33 38 52
33 38 52
32 37 52
34 37 52
33 37 52
34 39 53
33 39 52
32 38 52
33 37 52
32 37 51
32 38 52
32 38 52
32 37 52
33 38 53
32 37 51
32 38 52
32 37 52
32 37 52
32 37 52
33 39 52
31 37 52
34 37 53
32 37 52
32 37 53
33 39 53
33 36 52
32 37 53
33 37 52
33 37 52
33 38 52
33 38 52
34 38 53
33 36 52
33 38 52
33 38 52
32 38 52
33 39 53
33 37 52
32 37 53
33 38 52
33 39 52
32 37 53
34 38 52
32 37 53
33 38 53
32 38 52
33 38 51
33 38 52
34 38 52
34 39 52
33 38 52
31 38 53
33 38 52
33 37 52
33 38 51
32 37 52
32 37 53
32 39 53
32 39 53
33 38 51
33 37 52
33 38 53
33 38 52
34 38 52
33 37 52
34 37 52
32 38 51
32 38 52
32 38 53
33 38 52
32 38 52
33 38 52
33 39 52
33 38 52
32 37 51
33 37 52
34 39 52
33 39 52
33 36 52
32 38 52
33 37 52
32 38 51
33 38 52
33 36 53
32 38 51
33 37 52
34 38 52
34 39 51
33 37 52
33 38 52
34 38 52
33 38 54
32 39 53
33 41 54
35 37 53
37 33 52
39 31 50
38 28 49
39 26 48
38 25 50
37 24 49
36 25 52
36 24 50
38 22 50
36 21 50
36 22 49
35 21 48
35 21 49
36 21 47
37 22 45
36 18 47
35 18 46
35 17 45
33 17 46
33 17 46
36 15 49
35 21 48
38 22 46
36 21 45
36 17 47
33 14 49
34 19 47
35 21 50
30 20 45
33 15 42
32 16 44
35 20 49
33 19 48
34 18 46
34 18 46
36 18 46
35 17 49
34 18 46
32 17 45
34 18 47
36 18 48
35 17 48
33 16 47
35 19 47
36 18 46
38 17 46
37 21 47
36 21 48
35 19 48
34 18 46
36 18 49
35 20 48
33 19 45
30 21 41
32 18 43
32 17 41
31 22 49
34 27 52
36 31 54
37 34 54
35 36 54
35 36 53
34 40 54
35 43 52
35 41 52
35 42 51
34 42 51
37 41 50
37 41 50
38 40 48
38 41 50
39 40 49
38 41 48
40 40 48
41 41 48
40 43 47
39 45 48
39 44 48
39 45 49
39 46 48
40 42 50
38 43 48
41 45 48
38 43 47
37 43 46
35 46 51
33 40 46
33 42 50
31 43 52
32 42 53
34 41 53
32 38 52
31 38 52
33 39 52
31 39 52
31 37 52
33 37 52
34 38 52
33 37 53
33 37 52
33 37 52
31 37 52
32 36 52
33 37 52
33 37 52
32 37 52
32 38 52
31 38 52
32 37 52
33 37 52
33 37 52
30 37 52
32 37 52
32 37 52
32 37 52
34 37 52
32 38 52
33 37 52
32 36 52
32 36 53
33 37 52
32 36 53
33 37 52
33 37 53
33 36 53
33 37 53
34 37 52
33 37 53
34 38 52
33 37 52
34 37 53
32 37 51
33 38 54
33 38 53
32 37 53
34 36 52
33 37 52
32 36 52
33 36 52
33 36 53
32 36 53
33 37 53
33 37 53
33 37 53
33 36 52
33 37 53
33 37 52
34 37 52
33 36 52
32 37 53
33 37 52
34 36 53
32 36 53
34 37 52
34 38 52
34 36 52
33 36 52
33 36 52
34 36 52
32 37 53
32 36 52
33 37 53
34 37 52
33 37 53
31 36 52
34 36 52
32 35 52
33 36 53
33 36 52
33 36 53
33 37 52
33 37 52
33 37 52
33 37 52
32 36 52
33 38 52
34 38 52
32 36 52
32 36 52
33 37 52
34 35 53
33 37 52
33 36 52
34 37 53
33 37 53
34 36 52
33 37 53
34 37 53
32 36 53
32 36 52
34 35 52
34 36 53
34 37 52
33 37 52
33 36 53
33 36 52
34 35 53
34 37 53
33 37 53
32 36 53
33 36 53
34 36 52
34 36 52
35 36 53
34 36 52
33 36 53
34 36 53
34 36 53
34 36 52
33 36 52
32 37 53
32 36 53
33 37 52
34 37 52
32 35 52
33 37 52
32 35 52
34 36 52
34 36 52
34 36 52
33 35 52
33 36 52
33 35 52
33 37 53
34 37 52
34 36 52
33 37 52
33 36 52
34 35 53
34 35 52
33 36 52
34 37 53
35 36 53
35 35 53
34 35 53
34 36 52
34 37 52
33 37 53
33 37 52
33 37 52
34 36 52
32 35 52
34 37 53
34 37 52
33 37 53
34 36 52
33 37 51
33 36 54
33 36 53
33 37 53
34 37 52
34 36 52
35 37 52
33 36 52
33 36 53
34 37 52
33 37 52
33 37 53
34 36 52
35 36 53
34 36 52
34 37 52
35 36 52
34 35 53
34 36 52
33 37 52
33 37 51
34 36 53
34 35 53
34 36 53
32 36 52
34 35 52
32 37 53
33 37 52
34 36 53
34 36 53
34 36 52
34 35 52
34 35 53
33 36 53
34 37 51
33 35 53
34 36 52
33 36 52
33 35 53
34 36 51
34 38 51
34 37 53
33 36 52
34 37 52
34 37 52
34 36 53
34 36 52
33 36 53
33 37 53
32 35 52
33 35 52
32 36 52
34 36 52
35 36 52
34 36 52
32 37 53
33 37 52
33 37 52
33 37 52
35 37 52
33 36 52
33 36 52
33 37 51
34 37 52
33 37 53
32 36 52
34 35 52
34 36 52
34 36 52
34 36 52
33 37 52
33 36 52
34 36 52
33 37 52
34 36 53
34 36 52
35 35 52
35 37 52
33 36 53
33 36 52
33 37 53
33 36 52
34 37 52
33 37 52
34 35 53
34 36 52
34 37 52
33 36 52
33 37 52
33 36 53
33 37 52
34 36 53
34 37 53
33 37 52
35 36 52
33 36 51
32 37 53
34 36 53
34 38 52
34 37 52
34 35 53
34 35 52
35 35 53
34 37 53
34 35 52
32 35 53
33 35 52
33 36 52
35 37 52
34 36 53
33 36 53
33 35 53
34 36 52
34 36 52
34 36 53
35 37 52
35 35 52
34 35 53
34 37 52
34 34 53
33 35 52
34 37 53
34 37 53
34 35 52
34 35 53
34 37 53
34 36 52
34 36 53
34 34 52
33 35 52
34 36 52
33 34 52
34 36 53
34 36 52
34 33 52
33 36 52
34 35 52
34 35 53
34 35 52
33 36 53
33 36 52
34 36 52
35 35 52
35 35 52
34 35 52
34 36 52
34 35 52
34 34 53
34 36 53
34 35 53
33 34 53
35 35 52
34 37 52
34 36 52
34 36 53
33 35 53
34 35 52
34 35 52
34 36 53
33 35 52
34 35 53
35 37 52
34 36 52
34 35 52
33 36 53
35 34 53
34 36 53
35 35 53
34 35 53
34 36 53
34 37 53
35 35 52
34 35 53
35 34 52
34 35 52
35 36 53
34 36 53
34 36 53
34 36 53
36 34 52
34 36 53
