48 37 33
40 44 48
39 43 48
39 45 48
38 43 48
40 44 48
39 43 49
39 43 48
39 45 48
39 44 48
39 44 49
38 44 50
38 43 50
38 42 49
38 42 50
37 43 49
34 46 50
35 44 51
36 40 54
38 38 54
41 35 50
40 30 49
40 30 47
40 29 48
37 28 49
36 27 51
35 28 52
35 25 52
34 26 50
36 24 52
35 24 52
37 25 50
38 23 51
35 24 51
37 22 50
36 23 49
35 21 49
32 21 48
33 18 44
33 18 46
33 19 48
34 16 47
33 16 46
33 17 44
33 18 45
32 16 45
34 17 47
33 17 48
33 16 45
32 17 46
33 17 46
35 16 46
32 18 46
33 19 45
32 18 46
33 17 46
35 17 47
33 16 46
33 18 46
32 15 46
33 17 45
33 19 45
35 21 48
36 20 50
36 24 52
37 22 51
35 23 52
35 23 52
37 24 50
38 22 51
37 20 48
36 19 48
36 18 48
35 19 47
35 19 48
35 19 48
35 18 48
34 18 47
36 20 46
34 18 47
34 18 46
33 19 45
31 18 45
30 18 40
31 23 48
35 34 52
37 40 55
38 39 55
38 40 54
37 41 53
37 42 51
37 43 51
37 45 51
36 45 49
37 46 49
37 44 50
39 44 49
38 44 47
38 43 47
39 45 46
38 45 47
39 45 46
38 45 47
38 50 46
38 46 45
38 45 45
39 48 45
39 49 44
39 49 43
39 45 45
36 49 45
38 44 45
39 45 48
39 40 47
39 44 49
38 48 48
39 45 48
39 44 47
38 47 46
39 45 47
39 46 47
39 45 47
40 44 48
40 44 48
39 45 47
39 43 48
39 43 47
39 44 48
39 44 48
40 44 48
40 44 48
40 43 48
40 45 47
41 44 47
41 43 47
41 45 46
41 43 47
41 44 48
39 44 47
40 43 47
40 44 47
41 45 47
41 44 47
41 43 48
40 44 47
42 45 47
41 43 46
40 44 46
41 44 46
41 45 47
41 43 46
41 44 49
41 43 47
42 45 47
40 45 47
40 44 47
40 45 47
41 44 46
42 44 47
41 43 47
41 42 46
41 44 46
39 44 46
41 43 47
42 44 47
41 45 47
42 45 47
40 44 48
41 44 47
42 43 47
41 44 47
42 43 48
40 44 47
39 44 46
40 43 47
41 44 47
41 44 46
41 43 47
40 43 47
41 43 47
41 44 49
41 45 47
42 44 48
41 43 47
41 42 47
41 44 47
42 44 46
41 44 47
40 43 47
40 43 47
41 44 46
41 44 46
40 44 47
41 43 47
42 44 47
40 44 47
39 44 46
40 44 46
41 44 47
40 43 47
41 45 47
40 45 48
42 44 47
40 42 47
40 44 47
40 43 47
40 45 47
41 45 47
41 44 47
40 45 47
40 44 47
42 45 47
39 44 47
40 44 48
40 43 47
41 44 47
41 45 48
43 44 48
40 45 47
42 44 47
41 43 47
41 43 47
40 43 48
42 43 47
41 43 48
40 43 47
41 43 48
41 44 47
40 45 47
42 45 47
40 43 47
42 43 47
40 43 47
41 44 47
40 44 46
40 44 46
42 44 48
40 44 47
41 44 46
41 43 47
40 45 47
41 44 47
41 45 48
40 44 47
41 44 47
41 44 48
41 44 47
41 43 47
39 44 47
41 44 47
40 44 48
41 44 48
41 45 47
41 45 47
39 44 47
41 44 48
40 46 47
40 44 47
41 45 46
40 43 47
40 44 47
41 45 47
41 43 47
41 44 47
41 44 47
41 44 47
39 44 47
42 44 47
40 43 48
41 44 47
41 43 47
40 44 47
41 43 46
41 44 46
40 42 47
41 44 48
41 44 47
40 44 48
41 44 48
39 44 46
40 45 48
40 44 47
40 45 47
41 45 46
40 44 48
40 44 47
41 43 46
41 44 47
40 44 47
39 45 47
41 43 47
41 45 47
40 45 48
40 43 47
40 44 47
40 44 47
41 43 47
41 44 47
41 45 47
41 45 47
40 45 47
42 44 47
40 44 47
40 45 47
41 45 47
41 44 47
40 43 48
41 44 47
40 44 47
41 44 47
40 44 47
40 44 47
43 44 49
42 43 47
40 43 46
41 44 47
41 43 47
41 43 47
39 45 47
41 43 47
41 45 47
41 44 47
40 44 48
41 44 47
40 44 48
41 43 48
41 43 48
42 44 48
41 44 47
41 44 48
42 45 46
41 45 47
41 44 47
41 45 47
41 45 47
40 43 46
40 45 47
40 45 47
41 44 47
41 44 47
41 44 47
42 43 47
41 44 47
41 45 47
41 44 48
42 45 47
40 44 47
40 44 47
40 43 48
40 45 47
41 44 46
40 44 47
40 43 46
40 44 47
40 44 47
41 44 47
41 44 47
39 43 47
41 44 46
41 43 47
41 44 47
40 44 48
41 44 47
39 43 47
40 45 47
40 44 47
40 45 47
41 44 47
40 44 48
41 43 47
41 44 48
41 43 47
40 44 48
41 44 47
40 44 46
41 44 47
40 45 48
41 44 48
40 44 47
41 45 46
40 44 47
40 44 47
41 44 47
40 44 47
41 44 47
41 45 48
40 43 47
40 44 47
41 44 47
41 44 48
41 43 48
41 42 47
41 43 47
41 43 47
41 44 47
41 43 46
42 42 46
41 44 47
40 43 47
41 44 48
40 43 48
41 43 47
42 44 47
42 44 47
41 44 47
40 44 46
41 43 47
42 45 48
42 45 46
40 43 47
41 43 47
40 45 47
41 44 47
40 43 47
41 42 48
42 45 47
39 44 47
41 43 47
42 43 48
41 44 47
41 44 47
41 44 47
41 43 47
42 43 47
40 44 47
41 44 48
40 44 47
42 45 48
40 44 47
41 43 47
41 43 48
40 43 48
40 43 47
41 43 47
41 44 47
41 44 48
40 44 47
41 44 49
41 44 48
41 44 50
40 44 49
38 43 49
37 44 52
38 42 52
41 39 51
42 37 51
42 35 51
42 31 50
41 28 49
40 27 50
38 26 50
38 25 50
37 25 50
36 23 49
37 23 51
37 23 50
36 23 50
34 23 50
36 21 48
35 20 49
33 20 47
33 18 45
34 17 45
34 17 47
33 18 46
33 16 46
33 17 46
35 17 47
33 17 46
32 16 44
34 16 45
35 16 47
33 17 48
32 18 46
31 17 46
34 15 47
31 16 46
32 20 51
36 22 47
37 19 44
37 19 46
34 19 48
33 21 46
33 18 47
35 20 48
36 20 47
35 19 46
31 12 42
33 16 43
34 17 46
33 14 46
32 16 43
33 16 44
33 16 44
33 16 45
32 16 45
32 17 44
33 17 44
33 17 46
33 17 46
29 15 44
30 16 45
31 18 45
35 17 47
37 21 48
37 22 48
37 23 49
35 23 50
36 22 50
37 21 49
36 22 51
34 20 51
35 21 49
33 20 49
34 19 48
35 20 47
34 18 48
34 19 48
33 19 46
33 17 48
32 13 42
29 14 39
31 16 41
32 27 48
35 30 54
36 38 54
35 38 55
36 36 54
35 38 52
35 39 53
35 41 52
34 41 51
35 40 50
34 40 51
34 42 51
34 41 51
35 42 51
36 41 50
36 41 51
36 40 51
34 41 51
33 40 51
35 40 51
33 38 52
33 39 51
33 39 52
34 39 51
33 39 52
35 39 51
35 38 52
33 40 52
34 39 52
34 38 53
35 39 51
34 38 51
33 38 51
32 39 51
32 39 51
33 39 51
33 42 51
32 40 50
33 41 51
34 42 51
35 41 51
35 41 52
34 43 52
35 41 50
35 41 49
35 42 48
35 42 49
35 41 49
35 43 50
36 42 49
35 43 49
35 42 47
36 44 48
35 47 48
36 46 48
35 47 47
36 48 47
34 45 47
34 46 46
34 48 46
34 48 47
38 48 46
35 46 47
37 42 49
35 44 50
35 42 48
36 42 51
35 41 52
36 40 51
37 39 52
37 39 51
38 39 51
38 38 52
37 37 51
37 39 52
38 39 51
36 37 50
36 38 52
39 38 50
38 37 51
39 37 51
38 37 51
38 39 51
39 39 51
39 38 51
39 39 50
40 39 51
39 39 50
40 39 51
39 39 51
40 38 50
39 40 50
41 40 51
40 39 50
40 40 50
39 38 50
39 40 51
40 38 51
39 40 50
40 41 49
39 40 50
40 39 50
39 40 51
40 39 51
37 40 51
38 39 50
39 40 51
40 39 51
39 39 51
40 40 50
39 39 50
38 40 51
38 39 51
38 38 51
38 39 50
41 39 50
39 39 51
39 39 50
40 40 50
40 39 50
40 38 50
39 40 50
39 39 50
39 40 50
39 41 51
41 40 52
36 42 52
36 38 52
33 41 49
32 41 48
29 40 49
28 42 49
28 40 49
32 41 51
34 39 52
34 38 54
33 39 52
35 39 52
35 38 51
35 37 52
34 39 52
35 39 53
34 38 52
36 39 52
35 37 51
35 39 51
36 38 52
36 38 52
36 37 52
38 38 52
36 38 52
36 37 52
36 37 52
36 38 52
35 38 51
37 37 51
37 38 52
36 37 52
36 38 52
38 38 52
38 37 51
38 38 51
38 38 51
38 39 51
37 37 51
37 37 52
38 39 51
36 38 51
37 39 51
38 38 51
37 38 52
37 39 51
38 37 53
38 39 52
38 37 51
38 38 52
39 36 51
38 38 51
38 37 51
37 39 51
37 38 51
37 37 51
37 38 52
39 39 52
39 38 51
38 38 51
39 38 50
38 38 52
38 37 52
37 37 51
39 37 50
38 37 52
39 39 50
38 38 51
38 38 51
38 37 52
38 37 51
38 38 51
38 37 51
38 37 51
38 38 52
38 38 51
38 39 51
37 37 51
39 37 51
38 38 51
38 37 51
38 38 51
40 37 51
39 38 52
37 37 51
38 38 52
38 38 51
38 37 51
39 38 51
38 37 52
39 37 51
38 38 52
39 37 51
38 37 52
39 37 52
39 37 52
39 38 50
38 37 50
38 37 51
39 37 50
39 38 52
38 37 52
40 38 52
39 39 52
38 39 51
38 38 51
38 38 51
38 38 51
38 37 52
38 38 50
39 37 51
37 38 51
38 37 51
39 38 51
39 38 51
38 39 51
39 37 51
37 36 52
39 37 52
38 37 52
38 38 51
37 37 52
38 38 51
39 36 52
38 37 51
39 37 51
40 38 50
38 37 51
38 37 52
39 38 51
39 37 50
38 38 51
39 37 52
38 38 52
38 37 51
39 38 51
39 38 52
38 38 51
38 37 51
39 39 50
38 38 52
39 38 51
39 38 51
39 38 52
39 38 51
38 38 51
38 38 51
39 39 51
40 37 51
39 39 52
40 38 52
39 38 52
39 38 51
39 37 51
38 38 52
39 39 51
38 38 51
40 37 51
39 38 51
39 37 51
38 37 51
38 38 51
38 37 52
39 38 51
39 38 52
38 37 52
40 36 52
39 37 51
38 38 51
38 38 51
39 39 51
38 39 51
40 38 51
39 38 51
39 39 51
38 38 52
38 38 51
39 38 51
39 38 51
38 37 51
39 38 51
40 38 51
38 38 51
38 37 51
39 38 52
39 38 52
38 38 52
39 37 52
40 37 51
39 37 51
39 36 51
40 37 52
38 36 52
39 38 51
39 38 51
39 36 51
40 38 51
40 38 51
40 38 51
38 38 51
39 38 51
39 38 52
38 38 51
38 37 51
38 37 51
38 38 51
39 38 52
38 38 51
38 39 51
38 39 51
39 37 52
39 39 52
38 37 51
38 38 51
39 37 51
39 37 51
39 38 51
38 38 51
39 39 52
39 38 51
39 37 52
39 38 51
39 38 51
39 38 51
39 37 51
39 38 51
39 37 52
39 38 51
38 37 51
38 39 51
38 38 51
39 38 51
38 38 52
38 38 51
38 38 51
39 36 51
39 38 51
38 37 51
39 38 52
39 38 52
40 38 51
39 38 51
38 39 51
39 38 51
40 39 50
37 37 50
37 37 51
38 37 51
40 38 50
38 38 51
39 39 51
39 39 51
40 38 51
40 37 51
39 39 51
40 39 50
39 38 51
39 38 50
40 38 50
39 37 51
39 39 50
39 38 51
39 38 50
39 38 51
39 38 51
39 39 50
40 37 51
39 37 51
39 38 51
39 38 50
38 38 50
39 38 50
38 38 51
40 38 51
38 36 52
39 38 51
38 38 51
40 38 52
39 37 52
40 38 52
39 37 54
36 38 52
36 39 52
38 39 51
38 37 49
37 37 51
38 36 51
38 37 52
37 37 52
38 37 54
38 34 53
39 32 54
38 30 52
37 25 51
37 25 49
36 25 49
37 24 49
36 23 49
36 24 50
37 22 49
35 21 52
34 21 52
36 22 49
32 21 50
33 19 47
34 17 46
35 16 45
34 18 47
33 18 48
34 17 45
33 16 45
35 16 46
35 16 47
33 18 47
34 15 45
35 15 44
32 17 47
34 21 49
38 21 47
37 22 45
34 18 48
35 14 49
33 19 48
29 21 45
33 17 43
34 17 47
33 18 48
33 19 45
33 16 46
35 16 46
33 17 46
31 15 45
32 18 45
34 19 47
37 21 49
37 20 49
37 22 49
37 21 48
36 20 49
37 20 49
35 20 48
33 20 48
34 19 48
35 18 47
34 18 45
34 18 44
31 16 40
30 17 40
31 22 48
34 31 53
38 33 54
38 37 55
36 40 54
37 40 55
35 41 52
35 41 50
35 41 51
36 44 50
35 42 49
36 43 49
34 42 50
35 43 49
37 41 50
36 43 50
37 44 50
37 43 49
37 43 50
37 43 49
36 45 48
37 45 48
37 45 48
36 44 47
36 47 48
36 46 48
38 45 47
37 48 46
38 46 46
38 47 45
38 44 48
36 44 45
37 44 49
37 44 47
37 42 50
36 51 60
38 43 50
37 44 49
38 44 48
38 45 49
39 39 48
39 39 46
36 43 49
37 42 46
39 42 50
38 41 51
39 38 50
37 40 51
39 38 50
40 39 50
39 39 50
41 40 50
40 38 50
41 38 51
40 39 49
40 39 51
40 37 51
40 39 50
41 38 49
39 39 50
40 37 50
40 39 51
40 38 50
39 39 52
40 38 50
40 39 51
40 40 52
39 39 50
40 38 51
39 39 52
39 39 50
40 39 50
39 38 50
39 39 50
39 39 50
40 39 50
39 39 50
39 39 50
40 38 51
39 39 50
39 39 50
40 39 50
41 39 51
39 38 50
40 39 51
41 38 50
39 38 49
41 40 50
41 39 50
41 38 50
39 38 50
41 39 50
40 38 50
41 38 51
40 38 51
40 39 50
40 39 51
40 38 51
40 38 50
40 37 50
40 38 51
41 39 50
40 39 50
41 39 50
40 39 50
41 38 51
40 39 50
40 39 50
40 39 51
40 38 51
40 38 51
40 38 51
41 39 51
39 38 51
40 39 50
40 38 50
40 40 50
39 38 50
40 39 50
40 39 50
40 38 51
40 39 51
40 38 50
39 39 50
40 39 51
40 38 50
40 39 51
39 38 50
41 40 50
40 39 51
40 40 51
40 39 51
39 39 51
40 39 50
39 40 50
39 39 51
40 38 51
40 38 50
41 38 50
40 39 51
40 39 51
41 38 50
41 38 50
40 38 50
40 38 50
42 39 49
40 38 50
40 39 50
41 39 51
41 38 51
40 38 51
41 39 51
41 39 50
41 39 50
40 39 49
40 40 50
41 39 51
41 38 50
40 39 50
40 39 50
40 39 50
39 39 51
41 39 50
40 39 50
40 39 50
40 40 50
40 38 51
39 40 50
41 39 51
41 40 51
40 39 51
39 40 51
41 39 50
40 40 50
40 39 50
40 38 50
40 39 51
39 39 50
40 38 50
41 39 51
40 41 51
39 39 51
40 39 50
38 39 50
39 38 50
39 39 50
40 39 50
41 39 50
40 39 50
40 38 51
41 40 50
40 40 50
41 39 50
39 38 50
40 39 51
40 38 50
40 38 50
40 39 50
40 38 51
42 38 50
40 39 50
41 39 50
40 39 50
41 39 50
40 39 50
41 38 50
39 39 51
40 39 50
40 39 50
39 38 50
40 38 50
41 39 50
40 38 50
41 39 50
40 39 50
40 39 50
40 39 50
40 37 50
40 39 50
42 39 50
39 39 49
40 38 51
40 39 51
41 39 50
40 39 50
40 39 49
40 39 50
40 39 50
40 40 50
41 40 50
41 40 52
40 39 50
40 39 50
39 39 51
41 39 51
40 38 50
40 40 50
40 40 50
41 38 50
41 40 51
40 39 51
40 39 51
40 39 50
41 38 50
40 40 50
40 38 49
41 40 50
41 39 50
40 40 50
41 39 51
40 38 52
40 39 49
40 40 49
40 40 50
41 40 50
39 38 50
40 40 50
40 38 50
40 39 49
40 39 49
39 39 50
41 39 50
41 38 50
41 38 51
39 40 50
39 40 50
39 38 50
38 39 51
40 40 51
40 40 50
40 39 50
41 39 51
41 38 51
41 39 50
40 39 50
39 39 51
40 39 49
41 40 50
40 39 49
42 40 50
40 39 51
40 40 51
41 39 50
40 39 51
41 40 50
40 38 51
41 39 51
40 38 49
41 40 49
41 39 50
40 39 50
39 40 51
40 39 51
39 39 50
41 40 51
40 41 49
41 38 50
40 39 50
41 39 50
41 40 50
41 40 50
41 40 49
41 38 49
41 39 50
41 39 51
41 39 50
41 39 49
40 40 49
41 39 50
41 39 50
41 38 48
40 39 49
42 39 50
42 38 49
41 39 50
40 39 49
40 38 51
40 38 51
39 39 51
38 39 51
40 39 54
40 38 55
41 33 52
41 32 51
40 29 50
39 25 50
37 23 48
37 22 49
35 21 49
36 21 49
36 20 48
37 19 49
36 21 48
36 19 48
35 18 47
36 19 47
35 18 47
31 18 46
32 18 42
32 16 44
33 17 45
34 16 44
34 16 45
32 15 45
33 15 43
33 16 43
33 15 44
33 15 44
34 15 45
33 15 44
32 16 44
33 16 43
33 16 43
32 14 44
35 16 45
35 17 46
34 16 46
33 15 46
34 14 44
33 17 44
35 16 45
36 19 46
36 17 47
36 18 46
36 20 47
37 18 46
37 19 49
36 20 48
35 18 48
34 17 45
33 18 47
36 19 46
34 15 46
31 17 43
33 18 43
32 20 46
33 30 52
36 33 55
36 38 55
36 38 54
35 38 53
34 40 53
35 40 51
34 40 51
34 42 52
34 42 52
34 41 50
34 40 51
36 41 51
36 42 50
35 43 50
36 43 48
36 41 49
37 42 49
36 43 50
36 44 49
37 44 48
37 43 48
37 45 47
38 45 48
38 42 46
40 42 49
38 44 48
39 43 49
37 44 49
38 42 50
38 42 50
37 43 48
37 40 51
38 41 48
38 41 49
38 38 51
40 39 50
40 41 50
40 41 50
38 39 49
40 40 49
40 41 49
40 40 50
41 41 49
40 40 49
40 41 49
41 41 50
40 39 50
40 41 50
41 39 49
40 41 50
39 40 50
39 41 50
40 40 50
40 40 50
40 40 50
40 40 50
40 41 50
41 40 50
39 40 50
39 39 50
41 40 51
39 39 50
38 40 49
39 39 50
40 40 50
40 40 50
40 41 50
40 41 49
40 39 49
39 40 50
41 39 50
40 41 50
41 40 49
40 39 50
40 40 51
39 40 49
41 40 50
41 40 49
39 40 50
40 39 49
40 40 49
40 40 50
40 40 49
40 41 49
41 40 50
39 39 50
42 40 50
40 40 50
38 39 50
40 39 49
41 39 50
41 40 49
40 40 50
38 40 49
39 39 51
40 40 49
40 40 50
40 40 51
41 39 50
40 40 50
39 40 50
40 39 50
39 40 49
39 39 50
39 38 50
41 39 50
38 40 51
39 41 49
39 39 49
39 41 50
39 39 51
40 40 51
41 41 49
40 40 50
40 41 50
40 41 50
40 40 50
40 40 50
40 40 50
40 39 50
40 41 50
38 40 51
38 40 50
38 41 50
37 40 50
39 38 51
37 39 51
37 40 50
37 40 51
38 40 50
38 40 50
38 40 52
38 40 52
38 39 50
39 39 51
39 39 51
39 40 52
38 40 51
39 39 51
38 39 51
38 38 51
39 38 51
39 39 52
39 38 51
39 37 51
39 38 51
39 38 51
39 37 50
39 38 52
39 38 50
38 37 50
39 39 51
38 39 51
40 38 51
39 39 51
38 38 52
40 39 50
39 39 50
39 39 50
40 38 52
40 38 51
39 39 51
39 39 51
40 38 50
39 39 51
38 38 51
39 40 50
40 38 51
39 38 51
40 39 50
40 39 50
39 39 51
40 40 50
40 38 50
39 39 50
41 38 50
40 39 52
40 39 50
40 39 51
40 38 50
40 39 50
40 38 50
39 38 50
39 40 50
40 39 51
40 40 50
41 40 50
38 39 51
39 39 50
39 39 49
41 39 50
40 39 50
39 39 50
39 38 50
40 39 50
39 39 50
40 38 51
40 38 51
41 39 51
40 39 50
39 38 50
40 38 50
41 39 51
41 39 50
40 39 51
40 39 50
39 38 51
39 39 50
40 39 51
40 39 50
39 38 52
41 39 51
41 38 50
39 39 50
39 39 51
39 38 51
41 39 50
40 39 50
39 39 52
40 39 50
40 38 51
40 40 51
40 39 50
38 39 50
39 39 50
40 39 50
40 38 50
41 39 50
39 39 50
40 40 50
40 38 50
39 40 51
40 39 50
40 39 51
40 38 51
40 40 51
40 38 51
40 39 51
40 38 51
39 40 50
41 39 50
40 38 51
40 38 50
39 39 50
40 38 50
41 39 50
40 39 51
41 39 50
41 38 51
40 38 50
40 38 51
41 39 50
40 38 50
41 38 51
39 39 51
40 39 50
40 38 51
40 38 51
40 37 51
40 39 51
39 38 51
40 38 51
40 37 50
40 38 50
39 39 52
40 39 53
38 41 53
38 40 55
39 36 53
41 34 52
38 32 50
39 29 49
38 28 49
37 26 50
35 26 50
35 24 50
36 23 50
34 23 50
35 24 51
37 24 50
35 22 50
36 22 50
33 22 47
34 20 46
33 21 44
35 25 50
34 35 53
35 41 56
36 40 54
35 39 53
34 39 52
36 41 51
36 43 51
35 43 51
35 45 50
35 45 49
36 44 48
35 44 48
36 45 48
36 45 48
36 44 48
36 43 48
37 44 49
37 44 48
37 44 48
36 46 48
38 44 47
37 46 46
39 42 48
38 43 48
40 42 49
40 41 48
38 45 48
35 44 50
39 44 49
38 42 50
36 42 48
37 43 48
39 38 50
38 40 51
38 40 51
38 41 51
38 40 50
38 40 51
39 40 51
40 39 51
37 39 51
38 38 50
40 39 50
39 39 51
40 38 50
40 40 50
39 40 50
39 38 50
40 38 51
41 39 50
40 38 51
40 40 50
40 40 50
41 39 50
40 39 50
39 39 50
41 39 49
40 41 51
41 40 50
39 39 51
41 39 51
40 39 51
40 38 51
39 38 51
40 39 50
39 38 51
40 39 50
39 38 51
41 39 50
40 39 49
39 39 51
41 40 52
40 39 50
40 38 51
40 38 50
39 38 50
41 38 49
40 37 51
39 38 51
39 39 50
41 38 51
40 36 49
40 39 50
40 39 50
39 38 51
41 38 50
41 39 50
40 38 51
41 39 49
41 39 51
41 39 50
40 39 50
41 38 49
41 40 50
40 38 50
40 39 49
41 38 50
41 39 49
40 39 50
41 39 49
41 40 50
41 37 51
41 39 49
39 39 51
41 39 50
41 39 50
40 39 51
40 37 49
41 38 50
40 39 50
40 39 50
41 38 49
40 39 49
40 39 49
40 39 50
41 39 51
40 39 50
40 40 50
41 40 49
41 39 50
41 38 49
42 38 51
41 39 50
40 39 49
41 40 50
40 39 50
42 39 51
40 38 49
39 42 55
38 38 52
40 37 53
42 34 50
41 33 49
41 31 50
40 29 49
38 25 50
38 26 51
37 24 50
37 24 50
37 25 51
37 24 50
35 23 50
39 23 51
36 23 50
36 22 50
35 23 52
37 23 49
36 23 51
35 22 48
36 22 53
35 24 51
34 19 49
34 18 45
34 19 48
35 22 49
39 21 50
38 22 47
38 20 46
36 19 50
38 20 47
38 21 50
37 19 47
34 16 43
32 17 44
34 14 44
36 16 46
35 17 47
34 17 46
35 16 44
35 16 45
35 16 46
34 17 45
36 16 45
35 16 45
35 17 46
36 15 46
35 16 46
35 16 45
36 17 44
35 17 45
36 19 49
35 20 50
37 20 49
38 20 48
38 20 49
38 21 48
38 21 50
37 19 49
36 19 47
35 18 46
36 18 47
36 20 46
36 18 46
36 17 46
36 19 46
36 16 47
37 19 45
35 17 46
34 16 44
31 16 42
32 22 47
36 30 53
38 30 55
37 32 54
37 34 53
37 36 52
37 37 53
37 39 52
36 39 52
35 39 52
35 39 52
35 41 50
35 40 50
37 42 51
36 40 51
34 42 51
36 42 51
35 41 51
35 42 50
36 42 50
36 42 49
37 43 49
35 43 49
36 44 49
36 43 49
38 44 50
36 44 48
37 44 48
38 44 48
37 45 47
37 45 47
37 46 48
38 45 47
39 45 49
39 45 48
38 45 48
38 46 46
39 45 47
40 45 46
39 42 48
38 44 47
39 39 49
37 41 48
39 40 50
38 39 50
38 40 52
39 39 54
40 40 50
38 42 52
40 37 51
40 38 51
39 37 50
39 38 51
41 38 50
41 37 50
40 39 51
40 38 50
40 37 50
41 37 51
41 38 50
39 38 50
40 37 50
39 39 50
41 38 51
39 38 50
40 39 50
39 37 51
39 39 50
40 38 51
39 38 50
40 39 51
40 39 49
39 37 50
40 38 51
41 38 50
41 39 50
42 39 49
42 38 49
43 37 50
42 38 50
40 39 50
41 39 50
40 39 49
41 39 49
41 37 50
42 37 50
42 38 50
41 38 50
41 38 50
42 39 50
42 38 50
41 39 50
40 39 50
41 37 50
41 39 50
41 37 51
40 38 50
41 38 49
40 39 51
41 38 50
40 39 50
41 39 51
40 38 51
40 38 51
41 38 51
41 38 50
40 39 50
39 37 50
40 37 51
42 39 50
42 39 51
39 37 50
40 38 52
40 38 51
41 39 50
41 38 50
41 38 51
41 37 50
40 38 50
39 38 51
41 39 51
41 38 51
40 39 50
40 38 51
42 38 51
40 37 51
41 38 50
41 39 50
41 39 49
40 38 50
41 37 50
41 38 51
41 38 51
42 38 50
40 39 49
40 37 50
41 38 50
40 39 50
42 40 51
41 38 50
40 39 51
40 38 50
41 39 51
41 38 51
41 38 50
42 38 49
41 38 51
41 39 51
40 36 51
40 37 49
40 38 50
40 38 50
40 38 51
41 38 50
41 39 50
41 38 49
41 38 51
41 39 50
40 38 49
40 37 50
41 38 50
41 38 50
40 37 50
41 39 49
41 39 50
41 38 49
40 37 50
41 38 50
40 37 51
41 38 50
41 37 50
40 39 51
41 39 50
40 38 50
40 37 50
40 38 50
41 38 50
41 39 50
41 37 51
40 38 51
40 38 51
42 39 50
40 37 51
39 37 51
40 38 50
40 38 50
40 38 50
40 37 50
41 39 50
41 38 50
41 38 49
40 38 51
41 38 51
40 39 50
41 39 50
42 39 50
41 40 51
40 37 49
42 38 49
41 38 51
41 38 50
40 39 50
40 38 50
40 37 50
40 38 50
41 39 50
41 39 50
41 38 51
40 38 50
41 39 50
41 38 51
40 38 50
41 39 50
41 39 50
42 38 50
40 37 50
41 39 49
42 39 50
41 38 50
42 38 50
41 38 49
41 38 50
40 38 50
41 38 50
41 37 50
41 38 51
41 38 50
41 37 50
40 38 49
41 38 50
42 38 50
41 38 50
41 38 50
41 37 50
41 38 50
40 38 51
40 38 49
41 39 51
41 39 50
41 38 50
41 37 51
41 37 51
40 38 49
41 38 51
41 38 51
40 39 49
41 38 50
42 38 50
42 38 50
41 38 51
41 39 50
42 40 50
40 39 50
40 37 49
42 39 50
41 38 50
41 38 50
41 37 50
43 38 50
42 39 50
41 39 50
41 38 50
40 38 49
40 38 50
40 38 51
39 37 50
41 38 51
40 38 50
42 38 51
40 38 50
41 38 51
41 38 49
42 39 50
41 37 51
42 38 50
41 37 50
41 38 49
40 38 50
42 38 51
41 38 50
41 39 50
42 39 50
40 38 50
41 37 50
41 37 50
40 38 50
40 38 50
40 39 51
41 37 50
40 38 50
40 39 50
41 38 51
41 37 50
40 38 51
41 37 49
41 39 51
41 38 50
42 39 50
40 39 50
41 38 50
42 38 51
41 39 49
41 39 50
41 38 51
41 39 50
40 38 50
41 38 49
41 38 50
39 39 50
