33 36 51
33 35 53
32 36 52
32 36 51
33 35 52
32 35 53
32 38 53
33 35 52
32 36 53
34 36 52
32 37 53
33 37 52
33 35 52
32 36 52
31 35 51
32 36 52
33 37 52
32 36 51
32 36 52
33 36 53
33 36 53
31 36 52
32 35 53
31 37 52
32 36 53
32 36 52
32 36 52
33 37 53
32 35 51
32 35 53
33 35 52
33 35 53
34 35 53
34 34 53
35 35 53
35 35 53
33 34 53
32 35 53
34 35 53
32 35 53
34 35 53
33 34 53
31 38 55
32 40 54
35 36 55
36 34 52
39 30 51
40 28 50
38 26 47
38 25 48
37 22 48
38 21 50
35 21 48
36 22 49
36 22 50
37 20 49
36 21 49
36 22 49
35 19 49
36 21 47
33 19 49
36 19 46
34 17 48
35 17 46
34 17 45
34 16 44
34 16 43
34 16 43
33 14 43
34 14 43
34 15 44
34 15 43
35 14 42
33 14 42
32 14 41
31 12 41
31 13 40
32 14 43
32 17 42
33 15 43
33 15 44
32 14 40
29 11 39
30 12 38
31 9 49
32 18 45
31 14 42
31 15 42
30 14 41
30 14 41
30 15 42
32 14 42
32 14 43
31 14 42
29 13 40
31 16 43
33 13 43
33 15 43
32 14 43
30 14 41
31 15 41
32 14 42
33 12 46
30 14 41
32 13 41
32 14 42
30 13 41
29 14 41
30 13 39
31 12 41
34 16 47
34 17 47
33 17 47
32 18 45
34 16 45
33 15 45
32 16 46
34 15 46
34 16 45
33 18 44
34 17 45
37 17 48
36 18 45
35 18 45
35 15 46
35 16 45
33 17 45
35 16 45
34 17 45
34 16 46
34 15 44
33 15 45
32 12 38
29 15 41
35 20 36
28 15 41
28 16 40
29 13 37
27 17 38
31 19 45
34 23 51
38 30 54
38 34 55
38 35 54
38 37 52
37 37 50
36 41 51
36 46 51
36 48 50
37 47 49
38 45 48
37 46 48
38 43 49
40 43 50
38 43 49
38 43 48
39 42 47
39 42 48
39 44 49
40 43 48
41 44 48
41 44 47
42 48 47
40 42 48
35 26 47
38 56 48
43 50 48
40 45 50
38 44 48
37 39 46
35 42 49
34 42 49
33 40 49
33 43 52
32 43 51
32 45 53
33 37 53
32 36 53
33 36 52
31 39 52
31 40 52
30 39 52
32 39 51
30 40 52
30 41 52
32 40 51
30 40 51
31 40 51
31 41 51
30 41 51
30 41 51
30 41 51
30 42 50
30 41 50
31 40 51
29 41 51
31 41 51
31 41 50
30 40 50
30 42 50
32 41 50
30 40 50
30 42 49
31 42 50
28 42 50
31 41 51
30 42 51
30 41 49
31 41 51
31 41 51
31 42 50
29 41 50
31 41 50
30 42 51
31 41 51
30 41 50
30 41 51
31 41 51
31 42 51
30 40 51
31 42 50
30 41 51
29 42 50
31 41 50
30 42 50
31 42 50
31 42 51
31 42 50
32 42 50
31 43 51
30 42 51
30 40 49
31 42 51
30 41 51
30 42 50
30 43 50
31 41 50
30 42 50
30 42 51
31 40 51
31 41 51
29 41 50
30 41 51
30 42 51
30 41 51
29 41 51
31 42 51
30 41 51
30 41 51
29 41 51
31 41 50
30 42 51
30 42 51
31 41 51
31 42 51
31 42 50
31 41 51
30 41 51
30 42 51
31 41 51
30 42 51
30 41 50
31 41 50
30 42 51
30 42 50
30 41 51
31 40 51
31 41 50
31 42 51
30 41 51
31 42 52
31 42 51
30 40 50
30 42 51
31 41 51
30 42 51
31 42 51
31 42 51
31 42 51
31 41 50
31 42 51
30 42 51
31 41 52
30 41 51
31 41 51
30 42 50
30 41 51
32 42 51
30 41 52
30 41 50
31 42 50
31 42 50
31 42 50
29 42 51
30 41 50
32 41 51
29 42 51
30 41 51
32 42 51
30 42 51
29 41 51
30 41 50
31 42 50
31 41 51
29 41 51
31 41 51
31 41 50
30 42 51
31 43 50
31 42 50
30 42 50
30 41 52
31 41 51
31 43 51
30 41 50
31 41 51
30 41 51
31 41 51
30 41 51
31 42 50
32 41 51
31 40 50
30 41 51
31 41 51
30 41 51
30 41 51
31 41 50
30 41 51
31 41 49
30 42 50
31 40 50
32 41 50
31 41 51
31 42 50
31 42 51
31 41 51
30 41 51
30 41 50
31 43 52
31 41 50
30 42 51
30 42 51
31 42 50
31 43 51
30 43 50
31 41 50
31 43 50
31 42 51
31 42 51
31 42 50
32 40 50
30 42 51
31 42 50
31 42 51
30 42 50
30 42 50
32 42 50
30 41 50
29 42 50
31 42 50
30 42 51
31 40 51
31 42 50
31 42 51
31 41 51
31 40 51
30 40 51
31 41 52
29 40 51
31 39 52
31 39 54
34 38 53
36 36 55
35 30 52
36 26 49
37 24 50
36 24 48
34 22 48
34 22 48
34 21 48
35 19 49
32 19 48
33 18 48
34 18 48
33 17 48
33 17 46
33 15 45
33 17 46
31 16 45
30 17 44
29 14 42
31 15 42
32 14 43
29 14 44
28 13 40
28 13 39
32 13 41
30 13 43
31 15 42
31 15 41
27 14 39
29 13 42
31 14 43
31 16 42
28 12 43
28 15 40
30 16 41
29 15 41
30 13 42
31 13 42
32 14 43
30 15 43
29 14 42
30 12 41
31 15 41
30 14 42
30 13 43
30 15 42
29 14 41
25 11 37
32 21 46
31 14 46
31 11 41
30 14 42
29 17 41
31 15 42
29 13 40
31 13 42
29 14 39
28 16 47
30 13 44
35 17 37
33 14 42
32 14 42
29 12 46
31 17 43
33 15 43
31 13 48
32 14 39
26 11 38
28 17 40
31 13 42
32 13 42
30 16 45
29 15 40
29 12 38
32 13 42
31 13 42
30 14 42
29 14 40
31 14 39
31 13 43
30 13 42
30 14 41
30 14 41
31 15 40
31 13 44
31 12 41
29 14 41
31 14 40
29 14 39
29 15 39
29 13 42
33 17 44
32 20 48
33 23 47
33 24 50
33 26 51
33 28 52
34 31 51
34 31 53
33 35 53
32 35 53
32 36 53
33 38 52
30 41 51
31 42 50
30 41 52
31 41 49
30 42 49
31 42 50
31 43 50
31 43 49
31 44 50
32 43 49
31 44 49
31 45 49
31 46 47
31 46 48
31 46 49
30 46 48
31 49 47
31 50 46
32 48 47
32 47 45
33 46 46
32 49 45
34 48 45
34 48 47
34 47 46
35 48 46
35 44 47
35 47 48
35 47 49
37 45 48
37 45 50
35 44 48
39 41 48
37 41 49
36 41 50
36 42 50
36 45 51
37 41 50
36 40 49
35 41 48
35 41 49
34 44 49
34 40 49
33 43 52
33 43 51
33 41 53
32 39 52
33 35 52
31 38 55
31 33 52
31 33 52
30 38 53
31 35 54
30 39 54
30 40 51
29 39 49
28 38 50
28 39 53
31 39 51
30 40 51
29 38 52
29 39 52
31 39 52
30 40 50
32 38 52
31 39 51
30 39 51
31 39 52
31 39 52
31 39 52
31 38 53
32 38 52
32 38 52
30 40 52
32 39 51
32 37 52
31 40 50
31 37 52
31 38 52
30 39 52
31 39 52
31 38 51
31 39 52
31 38 53
31 39 52
32 38 52
31 38 51
32 39 52
31 39 51
31 38 53
31 40 51
31 39 51
31 37 52
28 39 51
31 39 52
30 39 53
31 39 52
30 38 51
31 39 52
31 37 52
31 38 52
31 37 52
32 38 52
31 39 51
31 38 52
32 39 52
30 38 52
31 38 53
31 38 52
31 38 53
30 38 52
31 38 52
31 38 52
30 37 52
32 38 52
31 39 52
30 38 52
31 39 52
32 37 52
30 38 52
31 38 52
32 38 52
31 39 51
32 39 53
31 39 52
31 40 52
32 38 52
31 38 52
31 38 52
30 37 52
31 39 52
31 38 51
32 38 52
32 39 52
32 38 52
32 37 53
30 38 52
32 39 52
31 38 53
31 38 52
31 38 52
31 39 51
31 39 52
32 38 51
32 39 51
32 38 52
30 38 51
31 39 52
31 39 52
31 38 52
32 39 52
32 38 52
31 38 52
30 39 52
31 39 52
30 38 53
30 38 52
32 39 52
30 37 52
30 39 52
31 40 52
32 39 52
30 39 52
31 38 52
31 38 52
32 39 50
31 39 52
31 39 51
31 38 52
31 38 52
32 38 52
30 39 52
31 39 53
32 39 53
30 39 52
30 38 52
31 38 53
32 39 52
31 39 52
31 38 52
30 38 52
31 37 52
31 38 52
32 38 52
30 39 52
32 37 51
31 37 52
33 38 52
31 38 52
31 38 51
33 37 52
31 39 51
31 38 52
31 39 51
31 39 52
32 38 52
31 39 52
31 38 52
30 37 52
32 38 51
31 39 52
30 38 52
32 38 52
31 37 52
31 38 53
32 38 52
31 41 52
32 39 52
30 38 52
31 37 52
32 39 52
32 39 52
32 38 52
32 38 51
31 37 52
31 39 52
33 39 53
31 38 52
31 38 52
32 39 52
32 38 52
32 37 52
31 38 51
33 38 52
31 39 53
32 37 52
31 38 52
32 39 53
31 37 53
32 39 52
31 38 52
31 37 51
31 37 52
31 38 52
33 38 51
31 37 51
32 38 53
32 38 52
31 38 51
31 38 52
32 38 52
31 39 52
31 39 52
32 37 52
32 38 51
31 38 52
32 38 52
32 38 52
31 38 52
32 38 52
31 38 52
32 39 51
32 39 52
31 38 52
30 39 51
31 38 52
31 37 53
31 39 53
31 39 52
32 38 52
31 39 52
32 38 51
30 38 52
31 38 52
32 38 53
31 38 51
31 39 52
31 39 51
31 38 53
32 37 52
33 38 52
32 37 51
32 38 52
32 38 52
30 38 52
31 39 51
31 38 52
32 38 53
31 38 52
32 39 52
32 38 52
31 38 52
33 37 52
32 37 51
31 37 52
32 37 52
32 37 53
31 38 53
31 37 52
31 38 51
30 38 53
32 38 53
32 37 52
32 39 52
33 38 51
33 37 52
31 39 52
32 37 52
32 37 52
31 38 53
32 38 53
33 39 53
31 37 52
32 38 52
31 37 53
33 38 52
31 36 52
32 37 53
32 38 53
32 40 53
32 40 53
35 38 53
35 38 52
36 36 51
37 30 51
36 27 49
36 26 51
36 25 51
36 26 52
37 24 51
36 24 51
35 22 50
33 22 50
34 22 50
34 23 50
36 25 49
36 23 50
37 22 50
35 21 50
35 22 49
36 20 50
38 21 49
36 20 48
36 21 48
36 20 49
36 18 47
35 18 46
35 20 45
35 18 46
35 18 46
34 18 47
34 17 48
35 17 45
33 17 46
34 16 46
32 17 44
34 16 44
34 14 43
35 17 40
29 2 49
31 17 42
32 17 45
33 18 46
30 14 44
30 13 40
29 12 39
31 15 42
33 13 42
31 14 43
30 14 41
29 14 40
30 12 40
31 14 42
30 16 43
30 13 40
29 14 39
30 13 41
30 12 39
31 13 43
31 16 41
30 13 39
29 14 38
31 14 40
31 13 42
31 14 42
31 13 41
28 12 38
31 14 41
32 14 42
31 14 42
32 13 42
29 12 39
31 15 40
31 14 42
30 13 41
30 13 41
30 13 40
32 14 41
31 13 41
29 12 39
26 14 40
31 14 42
32 22 47
35 22 49
33 28 52
33 29 52
33 33 54
33 33 54
32 34 53
33 37 52
32 37 52
31 40 53
31 40 53
31 41 51
31 43 51
31 45 50
33 43 49
31 42 48
31 43 49
29 48 49
30 49 48
32 47 48
32 48 47
33 46 48
33 45 47
33 46 48
34 45 48
34 43 48
35 43 50
34 45 49
36 45 48
36 41 51
36 43 49
37 42 49
36 41 51
36 42 50
35 39 51
35 41 50
35 42 51
35 42 49
35 43 50
34 41 47
36 40 50
35 42 49
34 42 50
35 40 51
32 43 52
30 45 55
34 40 50
32 40 52
31 38 52
32 38 51
30 40 50
31 40 51
31 39 51
30 40 52
30 40 51
30 40 51
30 40 51
30 41 51
31 39 51
31 40 51
30 40 52
31 40 52
31 42 51
30 40 51
31 40 51
31 40 51
31 41 50
32 40 50
31 40 50
30 41 50
30 39 52
31 39 52
30 40 51
31 41 51
31 40 52
30 40 52
31 40 51
30 40 51
31 40 52
30 39 50
31 39 51
30 40 51
30 41 51
30 40 51
31 40 51
30 38 51
30 39 51
31 40 52
31 41 52
31 39 51
31 39 51
30 41 52
31 40 52
31 40 50
31 39 51
30 40 52
31 40 50
30 41 52
30 40 52
29 38 52
30 40 52
32 39 51
30 40 52
31 40 51
31 39 52
31 40 51
30 40 51
31 40 51
31 39 51
31 39 52
30 39 52
31 38 52
31 39 51
30 39 51
30 39 52
30 38 52
32 39 52
31 39 51
30 39 51
31 38 52
31 39 51
31 39 52
30 40 51
32 39 51
31 40 52
31 39 52
31 39 52
31 39 52
30 39 51
32 38 53
31 39 51
30 39 52
30 39 51
30 39 51
30 39 52
30 39 51
30 38 52
32 39 52
30 40 52
32 39 51
31 39 51
31 39 52
30 39 52
30 39 52
31 38 51
31 39 52
30 39 52
31 38 51
31 38 51
30 40 51
31 38 50
31 40 52
30 39 53
31 38 51
31 40 51
32 39 51
31 40 52
31 40 52
32 40 52
32 39 52
31 38 52
32 39 51
32 39 51
30 38 51
32 39 52
31 37 52
31 38 52
32 38 53
31 38 50
31 37 52
31 38 53
31 38 52
30 38 52
31 38 52
31 37 52
31 38 53
31 38 53
32 38 53
31 38 52
31 38 51
31 37 52
32 37 52
30 37 52
31 38 52
30 37 52
31 38 51
31 38 52
31 37 52
32 38 53
31 37 52
30 37 52
30 37 52
31 39 52
31 37 52
31 37 52
32 38 53
31 37 52
30 37 52
32 38 52
31 39 52
31 38 52
32 37 51
30 39 52
32 38 52
30 38 53
30 38 51
32 38 52
30 38 52
30 37 52
31 39 52
31 39 52
32 38 53
31 38 52
30 38 51
31 37 52
32 37 53
31 38 52
31 38 52
31 38 53
30 38 52
31 38 52
31 37 52
31 38 52
31 37 53
32 38 52
31 37 52
31 38 52
33 40 52
31 39 52
31 39 52
30 38 52
31 37 51
31 37 53
31 38 52
32 38 52
31 37 52
31 38 52
32 38 52
30 38 52
32 37 53
32 37 52
31 38 53
31 37 52
32 38 52
31 37 51
31 38 52
31 38 53
31 37 51
31 37 52
31 37 53
32 37 52
31 37 52
31 38 52
32 38 52
31 39 52
31 37 52
31 37 52
32 36 53
31 38 52
31 37 53
31 37 54
31 40 54
31 39 56
33 39 54
36 33 53
37 30 51
39 28 50
37 24 49
37 24 47
37 21 47
34 21 46
36 20 49
34 19 48
34 18 47
33 18 47
33 18 46
33 16 46
34 17 46
32 17 46
34 16 45
32 16 44
32 15 43
32 14 44
32 14 42
30 14 40
29 13 39
29 12 39
30 16 42
29 13 43
29 13 41
29 15 40
27 16 40
29 13 39
30 12 39
28 14 44
29 12 39
31 14 39
31 14 41
30 14 42
30 13 39
27 13 40
27 13 40
29 15 39
32 13 42
30 11 41
29 13 41
29 12 41
28 12 41
33 14 42
30 10 40
28 14 40
28 17 38
31 13 42
30 13 42
30 14 40
29 11 40
28 14 38
30 15 41
30 13 41
29 14 41
29 11 40
29 14 40
30 12 42
32 12 42
30 13 40
27 14 40
32 14 40
29 14 41
31 14 42
30 11 39
29 13 41
30 13 40
32 13 41
29 13 42
29 11 39
28 13 38
31 15 41
30 13 39
29 13 40
29 11 39
31 16 40
29 12 41
30 12 41
31 13 41
30 13 39
30 14 40
29 17 39
32 12 39
31 13 41
31 13 41
34 17 43
36 22 48
35 26 53
35 28 52
35 30 53
34 33 54
34 33 53
34 35 53
34 35 53
34 36 53
35 35 52
33 35 52
33 37 53
33 38 53
34 40 53
35 41 53
36 39 53
37 37 52
38 38 51
39 35 51
38 37 50
39 36 50
39 37 49
39 38 50
39 40 49
39 41 51
37 42 49
39 39 50
39 44 48
39 42 48
38 43 49
38 42 48
39 42 50
36 44 48
36 41 46
34 43 50
35 45 50
34 45 50
36 44 51
34 46 49
34 43 49
33 41 50
32 42 52
31 40 49
33 37 50
32 38 52
32 39 52
34 35 51
31 37 52
30 38 52
31 38 52
33 35 52
32 37 52
32 37 53
31 37 52
33 36 52
31 37 52
32 38 53
31 37 51
32 38 53
32 37 53
31 38 51
31 37 53
33 37 52
32 36 52
33 37 53
31 37 52
32 36 51
31 37 54
31 37 52
33 37 51
32 36 52
31 37 51
32 37 52
32 37 52
31 38 52
32 38 52
31 37 51
31 37 53
32 37 52
31 37 53
32 38 52
33 37 52
32 38 53
31 37 53
33 37 53
32 36 52
32 37 53
33 36 53
32 36 52
31 36 52
33 38 52
33 37 52
31 35 53
32 37 52
30 36 52
32 36 52
31 37 52
33 36 52
32 37 52
32 36 52
32 37 52
32 37 51
31 37 52
32 35 52
33 36 53
32 37 52
31 37 53
32 37 52
32 35 53
32 36 52
32 37 53
33 37 53
32 36 52
32 37 52
33 36 53
31 36 52
32 37 53
32 36 53
32 35 52
32 37 52
31 36 53
33 37 52
32 36 52
32 35 53
32 36 53
32 35 53
33 36 53
33 36 53
31 36 52
33 37 53
34 37 53
33 35 52
33 35 53
33 35 52
32 36 54
33 35 52
34 37 53
32 37 52
32 36 53
31 36 52
32 37 53
32 37 53
33 36 53
32 35 52
33 35 52
33 36 53
32 37 52
32 37 52
33 36 52
32 35 53
30 36 53
32 37 52
32 36 52
32 36 52
33 36 52
32 36 52
31 36 52
32 36 52
32 37 52
33 37 54
32 36 52
32 36 52
32 36 52
32 37 52
32 36 52
32 36 52
33 36 52
32 35 52
32 37 52
32 36 53
32 36 53
33 35 51
32 36 52
32 35 52
32 35 52
32 36 51
33 35 51
33 36 53
31 36 52
32 36 51
33 36 52
31 37 53
33 36 53
33 36 52
32 36 53
31 36 52
31 37 53
33 36 52
33 36 52
33 36 53
34 36 52
32 35 52
32 35 52
33 36 52
33 35 53
33 35 53
32 37 53
31 36 53
33 36 53
33 34 52
31 36 52
32 36 53
31 36 52
32 36 53
32 37 52
33 36 53
32 35 53
32 35 52
32 35 52
33 35 52
31 37 51
32 36 53
32 36 52
32 36 52
32 35 52
31 35 52
32 36 53
32 36 52
30 36 53
33 37 53
32 36 53
31 35 53
32 35 51
32 36 53
32 36 52
33 35 53
32 37 52
32 35 52
32 36 53
32 36 52
32 35 53
32 35 52
33 36 52
33 37 53
32 35 52
32 35 53
33 35 53
31 35 53
33 36 53
32 35 53
33 37 52
33 36 53
32 35 52
33 35 52
33 36 53
32 35 53
32 36 53
33 36 52
31 35 53
32 35 52
32 35 53
33 35 53
33 35 52
33 36 53
33 35 53
32 35 52
32 35 52
32 35 53
33 36 52
33 36 53
33 35 52
32 36 53
32 35 52
33 35 52
33 35 53
31 36 52
34 35 52
34 35 53
33 35 52
33 35 51
33 37 52
32 34 52
32 35 53
33 35 52
34 35 53
32 36 52
32 35 53
33 35 53
33 36 52
34 35 52
33 35 53
33 35 53
32 36 52
32 35 52
33 36 53
32 34 53
32 35 53
34 35 52
33 35 52
34 35 53
33 35 53
33 34 52
33 35 52
33 34 53
32 35 53
33 35 53
33 39 56
36 37 54
35 35 53
37 29 52
36 27 50
35 25 49
35 26 49
34 25 47
36 25 50
37 20 50
35 20 50
37 20 48
36 20 47
36 20 47
35 18 48
35 19 48
34 19 47
34 18 47
34 18 47
33 18 47
35 18 46
34 16 46
34 16 46
32 17 43
33 15 42
35 9 50
31 13 39
31 13 41
32 14 44
31 12 41
30 15 42
31 14 41
31 13 40
30 13 39
30 14 42
31 14 42
29 13 39
28 13 39
32 14 41
32 13 42
31 13 43
32 13 41
30 15 38
32 13 40
32 15 41
31 12 40
32 13 41
30 11 39
32 12 42
32 14 41
32 14 41
31 12 41
31 12 39
32 14 40
31 15 41
33 14 41
32 15 42
34 16 42
33 14 44
35 16 44
36 17 47
34 20 50
35 27 51
35 26 52
35 29 51
35 31 53
34 34 54
35 33 55
34 30 54
35 31 53
36 31 53
36 31 53
34 31 52
35 31 53
35 31 54
35 31 53
35 31 53
34 31 53
35 35 52
35 34 53
35 33 53
35 36 52
36 35 53
36 37 52
37 37 52
36 36 52
38 37 52
38 37 51
39 35 50
40 35 50
40 36 50
39 37 49
41 37 51
38 39 51
40 38 50
39 38 51
39 40 51
40 39 51
38 39 50
39 37 52
38 40 50
39 36 50
38 39 52
33 43 46
33 39 50
33 44 52
32 43 51
34 43 53
35 42 55
33 42 51
33 37 52
31 36 53
30 38 52
30 37 53
31 37 52
32 36 53
32 34 53
32 37 52
31 37 53
31 36 53
31 36 51
31 36 52
30 37 52
30 36 52
30 36 53
30 35 53
31 36 53
31 36 53
31 36 52
31 37 52
30 36 52
31 36 52
30 36 52
31 36 51
31 36 53
32 36 53
32 37 53
30 37 53
31 38 52
31 37 52
32 36 53
31 36 52
31 37 52
31 37 52
32 37 53
29 36 53
31 35 52
32 36 52
30 36 52
33 36 52
30 36 52
29 36 52
31 36 54
31 36 52
31 36 52
31 35 54
32 35 52
30 36 53
31 35 53
32 36 52
30 35 52
32 36 52
31 36 52
30 35 53
31 35 52
33 35 52
31 36 51
31 36 52
31 36 53
31 36 52
31 36 53
31 36 51
31 35 53
32 36 53
32 35 53
32 37 52
32 36 52
32 35 52
32 36 53
31 36 53
33 36 53
32 36 53
32 37 52
31 36 52
31 35 52
33 35 53
33 35 52
31 35 52
33 36 53
31 36 52
32 36 52
32 36 54
32 36 52
32 34 53
33 36 53
33 35 53
32 35 54
32 36 52
33 35 52
32 35 53
33 35 52
32 34 53
32 34 53
33 35 52
33 35 52
33 36 53
32 34 52
34 36 53
32 34 54
33 35 52
33 34 53
33 34 52
33 34 52
33 35 53
34 36 52
32 35 53
33 34 53
32 35 53
32 35 52
33 35 53
33 36 52
33 35 53
34 34 52
33 34 53
33 35 52
33 34 53
33 34 53
33 35 53
33 34 53
33 33 53
33 35 53
33 34 53
33 34 52
33 34 53
32 35 53
33 34 53
33 33 53
33 34 53
33 34 53
32 34 53
32 33 53
33 33 53
33 34 54
33 33 52
33 33 52
32 33 52
33 34 52
32 33 53
33 34 53
32 34 53
33 34 52
33 33 52
32 32 53
32 33 53
32 33 53
33 35 53
33 34 53
32 33 53
32 33 54
32 34 52
33 33 52
33 33 53
33 32 53
32 32 54
33 37 54
32 36 55
33 38 56
37 32 53
39 27 51
40 26 49
38 23 48
36 22 47
35 20 47
36 19 48
35 19 48
34 18 46
35 19 46
34 18 48
35 18 45
34 18 48
35 18 45
33 17 44
34 22 41
33 9 50
32 16 45
34 17 44
33 16 45
33 15 43
33 13 41
31 13 42
32 15 45
32 16 44
30 13 40
30 15 40
32 15 41
32 14 42
30 13 41
30 13 40
31 14 41
31 13 43
32 13 43
30 13 41
29 13 39
31 14 41
31 13 40
31 13 44
31 14 41
31 14 40
32 13 41
32 12 41
30 14 42
28 15 39
32 12 40
33 14 42
33 15 44
32 15 42
30 13 41
32 14 41
32 16 45
34 23 48
35 30 52
35 30 54
34 37 55
35 39 53
35 37 53
35 38 50
34 38 51
33 42 53
36 43 53
35 42 52
37 43 51
38 41 50
39 41 50
39 40 50
40 40 50
40 39 48
39 41 49
38 41 48
39 40 48
40 44 50
39 43 48
40 42 48
40 43 49
38 35 49
37 43 48
40 45 50
39 44 47
37 44 49
35 40 46
34 41 48
32 42 50
34 41 50
33 45 55
34 43 51
34 41 49
32 42 52
34 38 51
32 38 52
32 38 51
33 39 51
33 39 51
31 37 51
32 38 52
31 38 52
31 38 52
31 38 51
31 38 51
32 38 52
32 37 52
31 37 51
31 38 52
30 37 53
32 37 51
30 39 52
30 38 52
30 37 52
33 37 52
32 37 52
32 38 51
31 37 51
32 38 52
32 39 52
31 38 51
31 39 52
32 38 52
31 37 52
31 38 53
33 38 53
31 38 52
31 36 52
31 38 52
33 38 52
31 38 50
31 37 52
33 38 51
32 37 52
31 37 52
31 39 51
32 38 52
32 38 51
31 38 52
31 37 52
33 37 52
31 38 51
31 38 51
31 38 51
31 37 52
33 38 52
31 37 52
31 38 52
32 36 52
32 37 52
32 37 52
31 37 52
32 38 52
31 37 52
32 37 52
32 37 52
31 36 52
33 37 53
31 37 53
32 37 53
31 38 52
31 38 53
31 37 52
32 37 53
32 37 52
32 37 52
33 36 52
34 37 52
31 37 51
31 38 53
32 38 52
31 37 53
31 38 52
31 38 52
31 38 52
32 38 52
31 37 52
32 37 52
33 38 52
31 39 52
33 37 53
32 38 53
32 37 52
33 37 52
32 36 52
33 39 52
32 37 51
32 37 52
31 37 53
31 37 52
32 37 52
32 38 52
32 37 52
31 37 52
31 38 52
32 39 53
33 37 52
33 38 52
31 38 52
31 37 52
33 37 51
32 36 53
32 37 53
31 37 52
32 36 52
32 38 52
31 38 52
33 38 52
33 37 52
33 37 53
32 37 53
33 38 52
32 38 52
33 37 52
32 37 52
32 36 52
32 39 52
32 37 52
32 36 53
32 37 52
32 37 51
33 37 52
31 36 52
32 37 52
32 38 52
32 37 52
33 37 52
33 37 53
32 36 53
32 37 52
33 36 53
33 35 52
32 38 53
33 35 53
32 38 54
33 38 53
34 37 53
35 35 54
37 30 53
36 26 50
38 24 48
38 23 46
38 21 48
39 22 47
39 17 48
37 18 48
36 19 48
37 18 46
36 18 47
36 20 48
38 19 46
39 18 46
37 19 46
36 19 48
36 19 49
36 22 47
38 18 47
36 18 48
37 18 47
38 19 47
37 18 45
34 17 48
35 16 46
35 16 45
36 19 45
33 15 47
35 17 43
35 15 45
33 13 49
34 15 43
35 16 43
33 15 46
32 16 44
32 15 44
30 15 40
31 14 40
33 15 44
32 16 44
30 13 40
32 16 42
34 14 41
29 14 42
30 18 49
34 15 45
35 17 43
37 17 41
35 16 42
31 15 45
35 17 45
35 16 48
33 14 44
31 13 40
30 15 40
33 15 43
32 8 52
31 13 43
31 13 41
31 15 41
31 14 41
33 14 42
32 12 43
32 15 42
29 12 41
32 14 41
32 13 42
31 14 43
30 12 40
31 13 41
33 14 43
32 14 42
30 13 41
30 13 38
28 13 39
33 19 45
36 22 50
36 26 53
35 32 54
34 32 53
33 34 53
33 37 52
34 38 52
35 39 52
32 41 52
32 45 51
32 46 48
33 43 49
34 45 46
33 46 47
32 48 47
32 52 47
34 50 47
33 49 46
36 47 46
35 46 46
34 47 45
36 47 47
36 47 47
36 45 47
34 47 47
36 47 47
37 44 48
37 45 48
37 44 47
38 43 49
36 42 49
38 45 48
36 43 49
38 44 49
36 41 50
35 46 50
37 45 49
37 42 48
37 41 47
37 42 49
36 45 48
35 43 48
36 42 49
33 45 49
31 45 52
33 45 51
34 40 49
32 44 52
33 41 51
31 42 52
31 38 51
33 40 50
34 41 51
32 40 52
33 41 51
31 41 51
30 39 51
31 40 52
31 38 52
31 40 52
33 38 52
32 38 51
32 40 51
30 38 51
32 38 52
31 37 52
32 39 52
32 39 52
31 37 53
31 38 51
32 38 52
31 37 51
32 38 52
32 38 52
32 38 52
32 38 53
32 38 53
32 37 52
32 38 52
32 38 51
32 37 53
33 39 52
31 37 52
32 38 51
31 38 51
32 38 51
32 39 52
31 39 53
32 39 52
32 39 52
32 38 53
34 39 52
32 39 52
32 38 52
31 38 52
32 38 53
32 37 52
32 37 52
31 38 52
31 39 52
31 38 51
32 37 52
32 38 51
32 38 52
30 38 53
33 38 52
33 38 53
32 38 52
33 38 51
32 38 52
32 39 53
32 38 52
32 39 52
32 38 52
33 38 51
32 38 52
31 38 52
33 38 52
32 38 52
32 38 51
32 38 51
33 38 52
32 38 51
32 39 52
32 38 52
32 38 52
31 39 52
32 38 52
32 37 51
32 39 52
33 38 52
31 38 52
32 37 53
33 37 51
32 38 52
32 38 52
33 38 52
33 37 51
33 38 52
31 37 52
31 38 52
32 38 52
33 39 52
31 38 52
32 37 52
32 38 52
32 39 52
33 38 52
32 39 52
32 38 51
32 38 52
32 38 52
31 38 51
33 38 51
32 39 52
32 36 52
33 38 52
32 36 52
31 38 52
32 38 52
32 39 52
33 37 52
32 38 52
32 37 53
33 38 53
32 39 52
33 38 52
32 39 52
31 37 52
32 39 52
31 37 51
31 40 52
32 38 52
32 37 53
32 38 52
31 39 51
32 38 52
31 38 51
33 38 52
32 37 52
31 39 52
32 38 52
31 38 52
32 37 51
33 38 52
32 37 52
32 37 53
33 39 52
32 38 52
31 38 52
32 37 51
32 38 52
32 38 53
31 39 52
32 37 52
32 37 52
32 38 52
32 38 52
32 38 52
33 40 51
32 39 52
33 38 52
33 38 52
33 38 52
32 38 52
31 37 52
32 38 52
32 38 52
32 38 52
33 39 51
33 38 53
32 39 52
32 37 53
32 41 51
33 39 52
32 38 52
33 38 52
33 38 51
33 38 52
33 40 52
33 38 51
34 38 52
33 38 51
34 38 52
33 37 52
33 38 52
32 38 52
33 39 52
33 39 50
34 37 52
34 38 52
33 38 53
33 38 52
32 38 53
33 37 52
32 38 53
34 38 52
33 38 53
33 38 51
34 38 51
34 38 52
33 38 52
34 37 52
33 39 52
34 37 52
32 37 53
33 36 52
33 38 52
33 36 51
33 37 52
35 37 52
33 37 52
33 38 52
34 37 52
33 37 53
33 37 52
33 37 53
34 37 52
33 38 53
34 37 52
33 38 52
33 36 52
33 37 52
34 38 53
34 37 52
35 37 53
34 36 52
34 38 51
36 36 53
32 40 55
32 43 54
35 42 54
37 34 51
39 27 49
39 23 47
39 22 48
38 20 47
36 18 47
35 20 48
34 20 47
35 19 46
33 19 46
34 17 47
34 17 46
34 17 45
32 20 47
33 17 47
35 17 46
33 18 46
34 16 45
32 3 55
30 12 42
31 14 40
31 16 41
32 13 42
33 15 43
32 13 43
30 14 41
31 15 40
31 11 41
32 14 44
30 13 41
30 13 41
31 15 42
33 14 43
31 14 42
29 13 40
32 14 40
31 14 43
31 14 42
32 13 41
29 13 39
31 15 42
31 12 42
31 12 42
31 13 41
31 15 39
33 14 42
30 9 39
30 14 43
31 12 45
35 25 45
36 16 43
35 13 43
31 15 46
33 16 45
35 16 45
33 17 46
33 13 46
31 12 41
29 12 40
31 16 42
32 13 40
32 12 40
35 16 35
31 12 41
28 15 40
31 8 37
29 16 37
30 17 44
34 21 50
36 23 50
36 28 53
34 28 54
36 30 54
36 30 52
35 31 52
35 32 53
35 34 53
34 36 54
35 36 52
37 36 53
35 37 52
34 37 52
35 37 54
34 40 53
35 41 51
36 42 51
37 42 50
37 42 50
39 40 50
38 41 49
40 39 50
40 39 49
41 37 48
42 39 47
41 40 50
40 41 48
41 42 50
39 40 49
43 42 48
41 44 50
42 40 49
41 39 49
40 41 46
38 37 45
36 42 51
34 44 49
34 45 51
35 43 56
35 41 54
36 38 50
33 38 52
33 40 52
35 38 51
33 40 52
34 39 52
33 39 52
33 39 52
33 39 52
34 39 51
34 38 52
34 39 52
35 38 52
33 38 52
33 37 52
33 38 51
34 38 52
33 39 52
33 38 52
33 39 52
33 38 52
35 39 53
34 38 52
34 39 52
35 37 52
34 38 52
33 38 52
33 38 51
34 38 52
34 38 51
33 39 52
34 38 52
35 39 52
33 38 51
34 39 51
34 39 52
34 39 51
34 38 52
34 39 51
33 37 52
34 37 51
34 38 51
34 38 52
35 37 52
32 38 52
35 39 53
33 38 52
34 38 51
33 39 52
34 39 52
33 39 52
33 39 51
34 39 52
34 38 52
33 39 52
34 39 53
34 38 52
34 37 51
34 38 51
34 37 52
33 38 52
34 38 52
33 38 51
33 38 52
34 38 52
34 39 52
35 39 52
34 39 52
34 38 51
35 39 53
34 38 52
35 37 52
34 38 51
34 38 53
35 39 52
34 38 53
34 38 52
34 37 53
34 39 52
33 39 52
33 38 53
34 38 52
33 38 52
34 38 52
34 38 52
33 39 52
34 37 52
35 38 52
34 38 52
33 38 52
34 38 52
34 38 52
34 37 51
35 37 53
34 38 52
34 37 52
35 38 52
35 39 51
34 37 52
33 38 52
34 39 52
34 39 51
33 38 52
35 37 51
34 37 51
34 39 52
33 39 52
34 38 52
35 38 52
34 38 52
35 38 53
36 38 52
34 38 51
34 37 52
34 38 53
35 38 52
34 37 52
35 38 52
34 38 52
35 38 51
36 39 51
34 38 51
34 38 52
34 38 51
34 38 52
33 37 52
34 38 51
34 39 52
34 38 52
34 38 52
36 38 52
34 38 52
34 40 51
34 39 53
33 39 52
35 38 52
34 37 51
35 37 52
33 38 52
35 40 52
34 38 52
35 38 52
34 38 51
35 38 51
35 39 52
34 38 52
34 37 51
35 38 52
35 38 52
34 37 52
35 38 51
35 39 51
34 39 51
34 38 51
35 38 52
35 38 52
35 37 51
34 38 52
34 37 51
36 38 51
34 39 52
33 39 52
34 39 52
34 38 52
35 39 53
34 38 51
35 38 51
34 37 52
35 37 52
34 39 51
35 38 52
35 37 52
34 38 52
35 37 52
34 38 52
35 38 51
36 38 52
35 38 52
35 38 51
35 38 52
35 38 52
35 39 52
35 37 52
35 37 52
35 38 52
37 37 52
34 38 51
34 37 51
35 38 52
34 38 51
35 39 52
35 38 53
34 38 52
34 37 52
34 38 53
33 39 52
34 37 52
35 38 52
34 38 52
34 37 51
34 38 52
35 38 53
34 38 52
34 39 52
35 38 53
35 38 52
35 39 51
35 37 53
35 38 51
34 38 52
35 38 52
35 38 52
36 37 51
35 37 52
35 37 52
34 38 52
34 37 52
34 37 52
34 38 51
35 38 52
35 37 52
35 38 52
33 39 51
34 37 52
34 38 51
35 39 51
34 38 52
35 37 51
35 39 51
35 39 52
35 38 53
35 38 52
35 39 52
34 38 52
34 37 52
35 38 52
35 38 52
34 39 52
34 38 53
35 37 52
36 38 52
35 39 52
34 37 52
34 37 52
36 36 52
34 38 53
34 38 52
35 37 52
34 38 52
34 38 52
34 38 52
34 38 53
36 38 53
34 38 52
35 37 51
35 37 51
34 38 52
34 38 51
34 38 52
34 38 52
35 38 52
35 38 52
35 38 52
35 36 52
35 38 52
35 37 52
35 38 51
35 38 52
34 39 51
35 37 52
34 40 51
35 39 52
33 39 52
34 39 52
36 39 52
34 38 52
34 38 51
35 38 51
35 36 52
35 38 53
36 36 52
37 39 53
34 38 51
34 36 52
36 37 52
35 39 54
34 40 54
35 38 52
37 35 53
38 31 51
38 26 50
38 20 47
38 20 47
37 21 46
38 18 46
36 19 45
37 18 46
35 18 46
37 17 47
36 17 46
37 16 46
35 17 46
35 16 46
37 17 44
35 17 44
33 16 45
33 16 41
36 14 44
35 16 45
33 16 44
34 13 43
32 16 44
32 15 43
32 14 42
32 14 41
31 14 41
32 14 43
32 14 44
30 12 41
32 12 41
31 14 41
33 15 43
32 15 43
30 15 42
31 14 41
33 12 41
30 14 43
33 14 43
30 15 40
30 16 41
34 15 42
32 13 43
32 12 42
31 14 41
33 14 41
32 14 43
31 13 41
31 14 39
29 13 39
32 16 40
33 21 46
36 23 51
36 26 54
35 32 55
34 33 53
33 33 53
33 38 53
34 37 52
33 40 51
33 43 52
32 45 52
35 42 50
33 40 52
33 40 49
31 47 51
32 45 50
35 44 51
36 43 50
36 44 50
36 45 49
37 46 49
39 44 49
37 42 48
39 42 47
40 42 48
39 42 48
39 42 49
39 41 49
38 43 50
39 43 47
40 41 49
39 41 50
39 43 48
40 41 48
39 43 47
38 43 47
37 45 47
35 45 46
36 44 46
35 47 47
32 48 48
32 50 50
33 44 50
32 43 49
33 44 49
34 44 49
32 44 49
31 44 50
33 44 51
32 43 50
31 43 50
32 43 49
31 42 50
31 42 50
31 44 50
32 43 50
32 43 50
31 44 51
32 43 50
31 43 50
32 42 50
32 42 50
31 42 50
31 43 49
32 42 50
31 43 50
31 42 50
32 43 51
31 42 50
32 43 50
33 41 50
31 43 50
31 42 50
31 41 51
32 41 51
33 43 50
31 42 50
30 42 50
33 42 51
32 44 51
32 42 51
33 43 50
32 42 50
32 42 50
33 42 50
32 43 50
31 45 50
32 43 50
31 42 51
32 43 50
31 44 51
33 43 50
32 42 50
32 42 50
33 43 50
33 43 50
31 42 50
32 42 49
32 43 50
32 43 50
33 43 51
32 43 50
33 43 51
32 41 50
32 41 51
32 43 50
34 41 50
34 42 51
32 41 50
32 42 51
33 43 50
32 42 50
34 42 50
33 42 51
32 42 50
32 43 50
33 43 51
33 42 50
34 42 50
33 42 50
34 43 50
33 42 49
33 43 50
32 43 51
33 42 51
32 43 50
32 43 51
32 42 51
33 43 51
32 42 50
33 41 51
33 42 50
32 42 50
34 43 50
33 43 50
33 42 50
31 42 49
34 41 51
34 43 49
32 42 51
33 42 51
32 42 50
31 43 50
33 42 50
33 41 50
33 43 50
32 42 50
32 43 50
33 43 50
33 43 50
33 41 51
33 43 50
32 43 50
33 41 51
33 43 49
32 43 51
33 41 50
32 41 50
32 43 51
32 41 51
32 42 51
33 42 50
31 41 51
33 42 51
33 42 50
32 42 50
31 43 50
32 41 49
32 42 50
32 43 50
33 43 49
34 43 50
32 44 49
32 43 51
33 42 51
32 43 51
32 43 50
33 42 51
32 43 50
33 42 50
32 42 50
32 43 50
33 41 51
32 42 51
32 43 50
33 43 50
33 42 51
32 42 50
33 43 50
32 44 50
32 42 50
33 42 50
32 41 51
32 42 50
33 42 50
33 41 50
33 41 50
34 41 50
34 42 50
32 42 51
33 43 51
32 44 52
34 43 54
34 42 54
37 36 52
39 29 50
40 24 48
39 24 48
34 22 48
35 21 48
33 20 46
33 21 47
33 18 48
34 20 46
36 16 45
32 15 45
30 12 47
31 16 44
33 17 43
32 10 46
32 14 44
31 16 46
30 17 46
35 22 45
32 13 42
31 14 42
33 13 43
32 12 42
30 13 43
32 15 43
32 15 42
30 13 41
32 14 42
33 13 45
32 17 43
31 13 41
32 13 40
30 15 41
33 13 43
31 13 44
31 14 42
31 15 41
31 13 41
31 14 43
31 15 42
29 14 40
31 16 43
33 13 42
31 14 42
30 14 43
31 14 41
33 15 42
33 13 43
32 13 41
30 15 41
31 15 40
34 15 42
34 18 46
36 22 51
35 25 54
35 30 54
35 31 53
34 32 52
35 36 53
35 38 53
34 37 54
33 39 54
33 41 52
35 41 51
35 41 52
36 42 51
37 43 50
39 42 49
39 43 49
40 42 48
37 43 48
38 43 49
39 42 47
38 43 49
39 41 48
40 45 47
39 44 48
41 45 48
39 41 49
40 43 48
41 42 50
41 43 47
41 40 49
38 42 48
37 35 47
34 42 51
34 40 51
34 43 53
32 44 55
33 40 52
34 38 51
31 41 54
33 40 51
33 39 52
34 37 52
34 37 53
33 39 52
33 37 52
33 36 53
32 38 53
33 38 51
33 37 53
33 39 53
32 37 52
32 36 51
34 37 52
32 38 52
34 38 53
33 37 52
34 37 52
33 38 52
33 38 53
32 38 53
33 37 53
34 38 52
33 38 52
33 39 53
33 38 53
33 38 53
33 38 52
34 37 52
34 37 52
31 38 53
33 38 52
33 38 52
33 38 52
33 37 52
33 38 51
33 38 52
32 38 51
34 38 52
32 38 53
34 39 53
33 38 52
33 36 52
33 36 51
33 37 52
33 38 51
33 37 51
33 38 53
33 39 52
34 38 52
32 38 52
33 39 51
32 37 52
32 38 51
33 39 53
33 37 52
33 37 51
33 38 52
33 39 51
34 38 52
34 36 51
33 38 52
33 37 52
33 38 52
33 38 53
34 38 52
33 38 52
33 38 52
33 38 52
33 36 53
34 37 52
35 37 53
33 39 53
34 37 52
34 37 52
34 38 52
33 38 51
34 38 52
33 38 52
33 37 52
34 38 52
32 38 51
34 38 52
32 39 53
33 39 53
33 37 52
33 38 52
34 38 52
32 38 52
33 38 52
34 38 52
32 37 51
34 38 52
34 37 52
33 37 53
33 37 52
33 38 53
33 38 52
34 38 52
35 38 51
33 37 52
33 37 53
33 37 52
33 37 53
33 37 52
33 38 51
34 37 51
34 37 52
33 38 52
33 38 52
32 38 51
34 38 53
34 39 52
34 37 52
33 38 52
34 38 52
33 39 53
33 38 52
32 38 52
33 37 51
33 38 53
33 39 52
33 38 52
33 36 51
34 38 52
34 38 51
34 37 52
34 37 53
33 39 52
33 38 52
34 38 52
34 38 52
32 39 53
34 39 51
33 38 51
34 38 52
34 38 51
33 37 51
33 38 51
33 38 51
34 38 52
34 38 51
34 38 53
33 37 52
33 38 52
35 38 53
34 38 52
35 38 52
36 39 52
36 38 52
34 38 51
35 38 51
36 36 51
35 38 52
35 36 53
37 34 53
34 35 53
35 34 52
36 32 52
36 32 53
37 34 53
37 32 52
37 30 53
38 31 54
37 27 52
38 26 51
37 24 48
38 23 48
37 20 49
37 20 47
36 19 46
36 18 46
34 18 45
34 17 46
36 18 46
35 18 43
37 17 43
34 15 45
35 16 44
27 13 50
32 15 41
31 15 45
33 15 45
33 18 47
31 15 44
30 14 41
30 15 43
32 14 43
31 15 45
31 15 43
31 15 42
34 16 44
30 14 43
31 15 43
29 13 42
31 15 42
32 15 43
30 16 44
31 14 43
32 15 42
30 14 42
32 15 44
32 13 43
32 16 43
32 14 42
30 15 43
31 14 44
31 14 43
32 14 42
32 14 42
32 15 43
31 14 43
29 13 41
31 14 39
33 16 42
34 21 48
33 21 48
34 26 53
34 29 53
35 30 53
35 30 53
35 34 53
36 35 52
35 37 53
35 38 53
36 38 52
35 41 52
36 37 50
35 38 49
35 42 50
34 44 52
35 45 52
35 45 50
34 45 51
35 44 50
37 42 49
37 42 48
39 42 49
38 40 49
39 40 48
38 41 48
38 41 49
39 41 49
40 43 49
40 42 48
40 43 49
40 42 48
38 40 49
36 39 48
36 48 49
38 46 51
39 40 49
35 46 52
35 38 47
34 40 50
32 40 49
31 42 55
33 36 55
35 39 51
35 40 53
35 39 52
35 37 51
34 38 52
33 38 52
34 38 51
35 38 52
33 36 51
34 37 51
34 37 52
34 37 52
34 39 51
33 38 52
34 39 52
33 38 52
34 37 53
34 36 52
33 37 52
33 38 52
33 37 52
33 38 53
35 39 52
34 38 52
34 38 53
35 38 52
34 38 53
34 37 52
33 38 53
34 38 52
34 38 52
35 38 52
36 38 52
34 38 51
34 37 52
34 39 52
33 36 52
34 37 52
34 38 52
34 38 52
33 38 52
35 37 53
35 37 52
34 37 52
34 36 52
35 37 53
35 38 52
34 38 52
36 38 52
34 38 51
34 39 51
34 38 52
34 39 52
35 38 52
34 38 52
34 37 52
35 39 51
35 38 52
34 38 51
35 37 51
34 36 51
35 37 52
34 38 52
34 38 53
34 38 52
34 38 52
35 37 52
35 38 53
34 37 53
35 38 51
34 38 51
34 37 52
34 38 52
35 37 52
34 39 51
35 39 52
35 38 52
34 39 52
36 36 52
34 36 52
35 37 52
34 37 52
36 38 52
35 37 52
35 37 52
35 37 51
34 38 52
34 37 52
36 38 52
34 37 52
34 37 51
34 37 52
34 36 53
34 38 52
35 37 52
34 37 52
36 37 51
35 38 52
34 39 52
35 36 52
35 38 52
34 37 53
34 37 52
34 37 52
34 38 51
34 37 52
34 37 52
34 38 52
34 37 52
34 37 52
33 38 51
35 40 53
35 37 53
34 37 53
35 37 52
35 38 51
33 37 52
34 38 52
34 37 51
35 38 52
34 38 51
34 37 52
35 38 52
34 37 52
35 37 52
34 37 53
34 38 53
34 38 52
35 38 52
35 38 53
35 37 52
34 38 52
34 38 52
35 37 51
34 38 53
35 40 52
34 38 51
35 39 53
35 38 53
34 38 52
35 38 53
33 38 52
35 38 51
34 38 54
34 39 51
35 38 52
34 38 52
35 38 51
35 39 52
34 39 52
35 40 51
35 38 52
35 37 52
34 39 52
35 37 52
34 37 52
35 38 52
35 37 52
36 38 53
35 36 52
35 37 52
36 38 52
34 38 51
35 37 52
35 35 54
33 41 56
33 39 54
37 38 53
39 32 49
40 27 49
37 23 47
37 20 46
37 19 47
38 20 47
37 20 48
36 20 47
36 20 48
36 19 47
34 18 47
35 18 48
35 19 47
34 17 45
34 15 43
33 15 43
32 15 46
32 18 45
31 15 42
31 14 42
33 15 44
31 14 43
31 14 42
31 13 40
32 14 42
33 15 42
33 13 42
32 15 43
33 14 40
31 14 40
30 15 41
33 14 41
33 13 42
31 14 43
31 14 41
31 14 41
33 14 43
31 12 41
30 13 41
30 14 39
30 14 40
31 17 41
34 17 45
36 18 48
36 22 49
35 21 51
35 23 52
34 23 50
34 24 49
35 27 50
35 30 52
35 31 52
36 34 52
35 34 54
34 36 55
35 36 52
34 39 52
34 39 53
36 41 51
35 42 49
34 46 51
33 44 51
36 45 50
35 44 49
35 43 48
38 42 50
37 41 50
38 40 49
39 40 50
38 40 50
40 41 50
38 40 50
40 39 50
39 41 49
40 39 50
38 38 51
38 39 51
37 42 51
38 42 52
36 42 49
34 41 48
33 41 49
35 42 51
33 43 52
32 43 50
33 43 52
33 42 52
33 42 50
34 39 50
34 38 52
32 40 52
33 40 52
34 39 51
33 39 52
33 39 52
33 40 52
32 40 52
33 39 51
33 38 51
33 41 51
33 39 52
33 40 51
33 39 53
32 39 52
32 40 51
33 40 51
34 39 52
32 39 52
32 39 51
32 40 51
32 40 52
34 39 52
31 40 52
33 39 52
32 40 51
32 39 51
32 40 51
32 39 52
34 41 51
33 39 51
33 40 52
33 41 51
32 40 52
33 38 53
33 39 52
33 40 52
32 40 52
32 40 52
32 40 52
33 41 51
32 39 52
32 41 51
33 39 51
32 40 52
32 39 52
33 40 51
34 40 51
33 39 51
33 40 52
33 40 51
33 40 51
34 40 51
32 40 51
32 40 52
33 39 51
33 40 52
33 39 51
33 38 51
33 40 52
32 39 52
34 41 52
32 39 51
34 41 51
34 39 52
34 39 52
33 40 51
34 41 52
34 39 52
32 39 51
33 40 51
33 40 52
33 39 52
33 40 52
33 39 51
33 40 52
32 40 52
32 39 51
33 38 52
34 40 51
32 40 51
33 40 52
33 39 51
33 40 53
32 40 52
33 39 51
32 39 52
33 39 51
33 39 52
32 41 51
33 39 52
33 41 52
33 38 50
33 38 51
33 41 51
33 38 51
34 38 51
34 39 52
34 40 51
33 40 51
32 40 52
32 40 51
33 39 51
32 39 52
33 40 52
34 39 52
33 37 52
32 39 51
34 39 51
33 40 51
33 40 52
33 39 51
34 40 50
33 38 52
33 40 51
34 39 51
32 39 51
33 39 51
33 38 51
32 39 51
32 40 51
32 38 51
32 39 51
33 39 52
33 40 51
33 38 51
32 39 52
32 39 51
32 38 51
32 40 51
33 39 51
33 39 51
33 39 52
32 39 51
33 41 51
33 40 51
34 40 52
33 40 51
32 38 51
33 38 51
33 39 52
33 39 50
33 39 50
33 39 52
32 39 51
34 39 51
33 41 52
34 38 51
34 40 51
33 40 52
33 40 52
34 40 51
34 40 51
34 40 53
33 39 51
34 40 51
34 39 51
33 39 52
34 38 52
33 39 51
33 40 51
33 39 52
34 40 51
34 40 52
34 40 52
33 40 50
35 38 51
34 39 52
34 39 52
34 41 52
33 41 51
34 40 51
33 40 51
34 38 52
35 38 51
33 39 51
34 39 52
34 39 52
35 38 51
34 39 51
33 41 53
35 38 51
34 39 51
34 39 52
33 39 52
34 39 51
33 40 51
35 39 51
34 38 52
34 41 51
34 39 52
34 39 52
34 37 51
34 40 52
35 39 52
35 38 51
33 39 51
34 39 51
36 39 52
34 37 51
33 39 53
33 41 56
32 43 54
37 36 54
37 32 51
39 28 49
38 25 50
40 23 48
39 22 46
36 20 47
38 18 48
35 20 46
38 18 46
39 16 46
34 18 45
36 16 44
36 17 44
32 22 38
33 15 43
33 15 44
32 16 44
32 12 46
33 14 43
32 16 44
33 14 41
32 14 43
31 15 43
32 15 43
33 14 43
32 14 43
32 15 43
30 14 41
30 13 41
32 15 41
31 13 42
31 14 42
32 15 43
31 14 41
31 14 43
30 15 42
32 14 42
32 13 42
31 14 44
31 15 42
31 14 40
32 14 42
31 14 42
31 11 43
32 14 40
31 15 42
33 13 42
32 14 43
31 13 41
31 13 40
32 16 44
34 14 44
32 15 42
34 15 43
33 16 43
33 16 45
34 16 46
34 17 47
34 17 45
33 14 44
34 15 45
33 16 44
32 17 44
34 15 45
33 15 44
34 15 44
34 15 44
33 16 44
32 16 44
32 15 43
31 15 42
34 16 45
34 20 46
34 25 49
35 27 51
35 29 53
34 37 54
34 38 53
33 42 52
35 42 52
35 42 51
34 44 50
34 44 50
35 46 49
34 47 48
35 46 48
36 47 48
37 46 47
36 46 48
38 45 48
37 45 48
37 44 47
37 45 50
38 44 49
38 44 48
38 46 47
36 43 48
37 45 48
37 44 48
37 46 48
38 44 48
36 35 50
36 44 49
38 48 50
38 45 49
38 44 49
38 43 47
35 40 45
35 46 48
33 44 47
36 45 49
32 46 50
34 48 54
36 41 48
34 40 53
35 40 51
33 38 51
33 39 52
33 40 52
34 35 53
33 38 52
33 38 52
33 39 52
34 39 51
33 39 51
33 38 51
33 38 52
34 38 52
33 38 52
32 39 52
31 39 52
32 39 53
33 38 52
33 38 52
33 38 52
32 39 52
33 39 52
32 39 51
33 38 52
34 39 51
33 38 51
32 39 52
33 39 51
32 38 53
32 38 52
33 38 52
32 37 51
32 38 50
33 38 52
34 38 52
32 38 51
34 38 52
32 40 52
34 38 52
33 39 52
33 39 52
33 39 52
32 38 51
33 39 52
32 39 51
34 39 53
32 38 51
33 36 51
33 37 51
34 38 51
33 39 52
33 38 52
33 38 52
34 38 52
33 38 51
34 39 52
33 37 52
33 40 52
33 38 53
33 39 51
33 40 52
33 37 52
33 39 51
33 39 54
33 39 52
33 37 52
33 39 52
34 38 52
34 37 52
33 39 51
32 38 51
33 38 52
34 39 52
33 38 51
33 37 52
33 39 51
33 39 52
33 39 52
33 38 52
33 38 52
34 38 52
32 38 52
33 39 52
34 38 51
34 38 53
34 38 52
34 39 52
33 38 52
34 38 51
34 39 51
33 38 52
34 39 52
34 38 52
33 39 53
33 38 52
33 39 52
34 39 52
34 39 52
33 39 52
35 39 51
34 38 53
33 38 53
34 38 52
34 39 52
33 38 52
32 38 51
34 38 52
33 39 51
33 38 52
33 39 52
34 38 52
34 39 52
34 39 52
34 38 52
33 39 53
34 38 52
33 39 51
35 38 52
35 38 53
35 37 52
33 40 52
33 38 52
34 37 51
34 38 52
34 38 52
33 39 52
34 38 51
32 38 52
34 38 51
34 38 52
35 38 53
34 39 53
34 38 52
33 38 52
34 38 53
33 38 52
34 39 51
33 39 52
33 37 52
34 38 51
33 38 52
34 39 52
33 39 52
32 38 52
33 38 53
34 38 52
32 39 52
32 38 52
32 37 52
33 37 51
34 39 51
33 38 52
34 39 52
33 39 52
33 38 52
34 37 52
35 39 52
34 38 51
34 40 52
32 40 52
34 40 52
33 38 52
34 39 52
34 38 52
35 39 52
32 40 51
33 39 52
33 37 53
33 38 51
33 39 52
34 39 52
34 38 51
34 39 51
35 39 52
34 39 52
34 37 51
34 39 52
34 39 52
34 38 52
34 38 52
34 38 52
33 39 52
33 38 51
33 39 52
33 38 52
34 38 52
35 39 52
34 37 51
34 39 52
34 38 52
34 37 52
35 38 52
34 39 52
33 39 52
33 38 52
33 39 52
34 38 52
34 39 53
33 37 52
34 38 51
34 37 51
33 38 52
33 39 52
34 39 52
34 37 52
34 38 52
33 38 52
35 38 52
34 38 52
35 39 52
35 38 53
35 38 52
34 39 52
34 38 52
34 38 53
35 38 52
32 42 54
34 40 54
35 37 53
38 32 53
37 28 51
38 29 51
40 26 49
37 24 49
37 22 49
37 22 49
37 20 48
38 20 48
38 19 47
37 20 48
37 19 48
37 19 47
37 17 48
36 19 47
35 16 45
36 17 46
36 17 47
35 18 46
36 17 45
35 15 44
38 15 43
29 9 49
31 15 43
33 15 41
35 16 42
31 14 42
32 13 43
32 15 42
32 14 42
33 14 41
32 13 42
32 15 41
31 15 43
30 14 39
31 16 41
32 14 41
32 12 41
33 15 43
32 13 41
30 14 42
30 14 41
32 13 40
33 13 42
31 13 43
32 14 42
29 13 39
31 14 41
30 13 39
32 15 42
31 13 43
32 14 41
31 13 40
32 14 42
34 14 42
31 12 41
31 13 41
34 14 41
33 13 42
30 13 41
32 13 41
30 12 38
29 11 41
32 17 42
34 21 46
35 22 50
35 24 51
33 28 52
35 29 53
35 31 54
36 30 53
36 34 53
34 36 53
35 38 52
35 41 52
34 41 52
35 41 52
36 43 50
36 42 49
35 41 50
36 44 50
36 46 49
37 46 49
37 45 48
37 43 49
37 43 48
37 42 48
37 43 48
38 42 49
38 43 49
38 42 49
39 44 48
39 44 47
39 44 47
38 42 48
39 44 49
39 43 47
37 44 48
38 42 45
37 43 47
36 44 47
37 40 49
34 45 50
35 42 49
34 44 49
34 45 52
35 43 51
34 45 50
34 41 51
34 41 51
33 38 51
33 40 51
33 39 52
34 39 52
34 39 52
33 41 52
32 39 53
33 40 52
32 39 52
34 38 53
33 39 52
33 39 52
33 38 51
33 39 51
34 41 52
35 38 51
34 39 51
34 40 53
34 38 52
34 38 52
34 38 51
33 39 52
33 39 52
34 38 52
35 39 51
35 41 51
35 39 52
34 39 51
34 38 52
35 38 51
34 38 51
33 39 51
33 38 51
34 39 52
35 39 52
35 38 51
35 39 51
34 40 52
34 40 52
34 38 52
34 40 51
33 39 52
34 39 52
34 39 51
32 40 52
33 40 52
33 39 52
33 39 51
33 40 52
33 39 52
34 39 52
35 39 51
33 39 52
33 40 52
33 39 51
33 39 51
32 39 52
34 40 51
33 40 51
35 38 52
33 38 52
34 39 51
33 39 53
33 39 51
34 39 52
33 38 52
35 39 51
33 39 51
33 39 52
34 40 52
33 39 52
35 39 51
34 39 52
32 38 52
34 38 52
34 39 52
34 38 52
33 40 52
32 40 52
33 38 52
34 39 52
32 39 52
34 39 51
32 38 51
34 40 52
33 40 52
33 38 52
33 38 53
33 38 52
32 39 52
32 38 52
32 39 51
33 40 51
33 38 52
33 41 51
35 38 52
33 38 51
32 39 52
33 39 51
33 39 51
34 40 52
33 39 51
34 41 51
34 39 52
35 39 52
32 40 52
33 39 52
34 39 52
33 40 51
34 38 53
33 39 52
34 39 51
33 38 52
33 38 51
33 40 51
34 40 52
33 39 51
34 39 52
33 38 52
33 39 53
34 39 51
34 39 51
34 39 52
34 40 53
34 40 53
33 39 51
34 39 52
34 40 52
34 39 52
32 39 53
34 38 51
34 37 52
34 38 52
33 39 52
34 39 52
34 39 53
34 38 52
34 38 52
34 37 53
34 37 52
34 39 51
34 39 51
33 38 51
34 37 51
34 39 52
35 37 51
35 38 51
33 37 52
33 39 52
34 39 53
33 38 52
33 39 52
34 39 52
34 38 51
33 38 52
33 39 51
34 39 52
33 38 52
34 39 52
34 38 52
34 38 52
34 39 52
35 38 52
34 38 51
34 38 52
34 38 51
34 38 52
33 39 52
35 40 51
34 39 52
34 39 52
34 38 51
35 38 52
35 39 53
34 40 51
34 38 52
34 39 51
34 39 52
33 39 52
33 40 52
34 38 51
35 38 51
34 39 51
34 39 51
34 38 52
35 38 52
35 38 52
33 40 52
34 39 52
34 39 51
34 38 52
35 39 52
34 38 53
34 39 52
34 38 52
34 38 52
34 39 51
35 39 52
35 40 52
34 38 52
34 38 51
35 39 52
33 38 51
34 38 51
33 39 52
35 39 51
34 39 52
35 39 52
34 38 51
35 39 51
35 38 52
34 38 53
34 39 51
33 39 52
34 39 52
34 38 52
33 38 52
34 38 51
34 38 52
34 38 53
33 38 52
33 38 52
35 38 52
35 38 52
34 38 52
33 38 52
33 37 51
33 36 52
34 37 52
34 37 52
35 38 52
35 37 52
34 38 52
35 37 51
35 37 52
35 37 52
36 37 52
36 36 51
34 37 53
33 38 54
34 41 53
35 41 53
36 40 54
38 36 52
38 33 51
39 28 49
36 23 50
36 23 49
38 22 49
37 23 49
37 19 48
36 20 47
34 19 46
37 21 46
36 18 48
37 19 46
36 17 45
36 17 45
37 17 45
36 18 45
37 17 44
35 15 46
33 16 43
34 15 43
34 15 44
32 17 42
32 15 41
33 20 47
35 27 54
36 31 54
36 36 53
36 38 52
36 37 52
36 40 52
37 39 52
36 42 51
36 42 51
36 41 51
34 42 50
34 44 50
34 44 50
35 46 50
37 44 49
36 44 50
37 44 49
39 44 49
40 42 49
40 40 48
39 40 49
41 42 49
40 41 48
40 42 49
41 39 48
40 43 49
41 42 49
40 43 47
40 40 49
40 43 47
41 44 46
41 46 46
40 44 46
38 44 48
37 44 45
37 42 46
35 46 49
33 45 49
35 44 50
34 47 53
36 43 49
33 44 50
34 41 52
35 38 52
33 40 51
33 41 51
34 39 52
33 40 51
34 39 53
33 39 52
35 39 52
34 39 51
33 41 52
34 39 51
34 40 52
34 40 52
33 39 51
33 41 52
34 40 51
33 40 52
34 40 52
34 39 52
33 38 52
34 39 52
34 38 52
34 39 52
35 38 52
35 38 52
35 38 51
35 39 52
34 38 52
35 37 51
34 38 52
35 37 52
37 38 52
35 38 53
35 38 52
35 39 52
34 37 53
34 38 52
35 38 53
35 38 51
36 38 51
34 38 52
34 37 53
35 38 52
35 37 52
34 37 52
34 37 52
34 38 52
35 38 51
34 38 52
34 38 52
35 37 52
35 38 52
34 37 52
35 37 53
34 37 52
34 38 52
34 38 53
36 38 52
34 37 52
35 38 52
35 37 53
35 37 52
34 37 52
34 37 52
34 37 52
35 39 53
34 36 52
34 37 53
34 37 51
35 36 52
34 37 52
35 37 52
34 37 52
35 37 52
35 37 52
36 36 52
35 37 52
