35 33 33
37 35 52
36 33 52
36 34 52
36 33 53
38 34 52
36 33 53
36 33 52
38 34 52
37 33 53
36 33 53
36 33 52
36 32 52
36 34 51
37 33 52
38 34 52
36 33 53
35 33 52
36 33 53
37 32 53
36 34 52
36 33 52
37 34 53
36 33 53
35 34 52
35 33 53
34 34 53
35 33 53
37 34 54
35 33 53
35 34 53
34 33 53
35 34 53
35 32 51
33 34 52
35 32 52
35 31 52
35 31 53
34 32 54
36 34 55
37 35 54
38 33 51
36 34 51
36 32 52
35 32 51
34 28 52
33 28 53
33 30 52
33 30 53
36 31 53
37 30 53
39 28 52
38 26 52
40 28 53
40 28 52
39 27 52
37 27 51
39 25 50
36 22 50
37 22 50
36 20 49
35 21 49
35 21 48
36 21 47
36 20 49
38 20 48
38 21 47
38 20 50
37 20 49
36 18 48
35 18 47
35 19 45
37 18 46
34 18 48
32 15 44
34 14 42
33 14 44
36 16 44
35 15 46
33 16 45
33 15 43
33 15 44
34 16 43
35 16 46
34 16 45
33 16 43
33 14 43
32 17 43
32 16 45
35 20 47
36 22 50
35 30 52
36 33 53
35 33 56
35 33 56
38 32 55
38 28 51
37 26 49
36 24 50
36 26 51
36 25 51
35 24 50
36 22 48
36 21 48
36 21 48
36 20 48
36 20 48
36 19 48
38 22 44
35 21 42
34 15 42
34 19 44
32 27 49
35 33 56
35 33 54
34 37 55
35 39 54
37 42 53
36 41 52
35 41 51
36 40 50
39 41 50
39 40 48
38 41 49
38 40 47
37 43 49
38 44 49
40 42 49
40 42 50
41 43 50
42 41 47
40 41 49
34 44 45
35 42 47
35 42 48
35 43 51
33 43 54
35 42 55
31 38 53
33 36 54
31 37 53
34 37 52
34 36 53
33 38 52
33 36 54
33 37 52
33 35 52
33 37 52
34 37 53
34 35 53
34 33 53
32 37 53
32 35 52
33 33 53
33 34 52
34 34 52
33 35 52
33 35 53
33 37 53
34 37 53
34 34 53
34 36 53
33 36 53
33 35 54
34 34 52
32 36 54
32 35 52
33 35 53
33 35 53
33 35 53
33 34 53
33 34 52
33 35 54
33 35 53
33 34 53
33 34 54
33 35 53
33 35 52
34 34 53
33 34 52
34 34 52
33 34 53
34 35 52
33 35 52
32 35 53
34 35 53
32 35 53
33 34 53
33 34 52
33 34 53
33 34 53
33 35 53
33 34 53
34 34 53
33 35 53
33 34 53
33 35 54
33 35 52
34 35 53
33 36 52
33 34 51
32 35 52
33 34 53
32 34 53
33 36 53
33 34 52
31 35 53
32 34 53
34 35 52
33 34 53
33 35 51
33 35 52
33 33 53
33 35 53
33 34 52
34 34 52
34 33 53
34 35 53
34 34 52
34 34 53
34 34 53
33 34 53
33 34 52
32 34 51
33 35 53
33 34 53
34 36 53
34 35 53
33 35 52
32 34 53
32 34 53
34 34 53
33 34 53
33 35 52
32 34 53
33 34 52
33 34 53
34 36 52
33 34 53
32 35 53
34 35 53
33 35 53
33 33 54
33 34 53
34 35 52
34 35 53
32 34 53
33 35 52
34 35 52
33 34 51
33 33 53
33 34 52
34 34 53
32 34 52
32 34 53
34 35 52
33 34 52
34 35 53
33 34 53
33 34 52
33 35 52
34 36 53
33 34 54
33 33 53
35 36 52
33 34 53
34 34 54
33 34 53
34 35 52
33 35 52
34 35 53
32 35 54
33 33 52
33 35 53
33 36 53
34 34 52
34 34 53
33 35 53
34 35 54
34 34 53
32 35 53
34 34 53
33 34 52
33 35 52
34 34 52
33 35 52
33 34 52
33 34 53
33 36 52
33 35 53
33 34 53
33 34 53
34 34 53
34 34 53
33 35 53
34 35 53
34 34 54
34 35 53
32 34 52
33 34 52
33 35 53
33 33 52
34 35 52
34 34 52
34 34 53
33 35 53
33 35 52
34 35 54
34 33 53
33 34 53
34 34 53
34 35 52
34 34 52
33 35 51
33 33 51
33 35 54
33 34 53
33 33 53
33 35 52
33 34 52
33 34 52
32 33 53
34 34 52
34 35 53
33 34 52
33 33 53
34 35 53
33 35 53
33 35 53
34 34 53
33 34 54
34 35 52
32 34 53
34 35 53
33 34 52
33 34 53
33 34 53
34 34 53
34 35 52
34 35 53
33 34 52
34 34 52
33 34 53
32 35 52
33 34 53
34 34 53
33 34 52
34 34 52
34 34 52
34 34 53
33 35 53
34 34 52
33 34 52
33 34 52
34 34 53
32 34 53
33 34 53
34 33 53
34 35 53
33 34 52
34 34 52
32 34 53
34 33 54
33 35 52
33 34 52
34 34 52
34 34 52
34 35 53
34 34 52
34 35 53
33 35 53
33 36 52
34 33 53
34 34 53
33 33 52
34 34 52
34 34 52
34 35 52
33 34 52
33 34 53
34 34 53
33 32 52
34 33 52
34 35 53
33 34 52
34 33 53
33 34 53
33 34 53
33 34 53
34 35 53
33 34 52
34 35 53
33 35 53
32 33 52
34 33 53
34 35 53
32 35 53
33 34 52
35 34 52
33 34 52
33 35 53
34 35 53
34 34 52
33 34 52
33 34 53
34 35 52
34 33 53
33 35 53
34 35 52
34 33 52
33 34 51
33 35 52
33 34 53
34 34 52
32 34 52
34 35 52
34 34 52
34 34 53
34 34 52
33 32 53
34 34 52
34 32 53
35 34 53
34 35 54
35 34 56
34 34 54
36 34 54
37 31 51
37 28 51
37 27 50
36 26 50
35 24 50
36 23 51
36 24 50
36 20 51
36 22 50
37 21 49
37 21 48
38 22 47
35 20 47
35 18 48
35 20 47
34 19 46
36 15 48
36 18 51
38 23 46
38 21 47
36 23 46
38 19 48
34 19 51
38 21 49
35 20 49
37 19 44
37 3 58
32 16 45
34 18 47
36 18 48
33 15 45
34 16 44
35 16 45
36 17 47
36 18 47
33 16 44
31 19 48
37 17 48
38 19 46
38 20 45
38 18 47
37 18 47
36 19 49
37 20 49
36 18 47
35 19 49
36 18 48
35 19 48
36 18 47
35 18 46
34 18 46
34 19 44
34 17 45
34 17 44
35 17 45
34 22 49
35 27 52
35 30 54
36 34 53
36 34 53
35 36 53
36 36 53
35 37 52
35 39 53
36 40 53
36 41 51
36 40 52
38 41 51
36 39 50
38 37 50
35 39 51
35 42 51
36 42 51
37 39 51
37 41 51
37 42 51
38 43 51
38 42 50
39 41 50
39 40 49
38 39 49
39 39 49
41 38 49
41 39 48
42 39 49
40 42 49
40 42 49
41 43 49
39 44 47
41 43 47
40 43 48
40 42 48
39 44 48
41 42 49
40 44 49
40 41 47
39 45 49
37 38 46
35 39 51
34 38 52
34 38 54
33 38 55
34 38 53
35 36 50
35 37 55
34 33 54
33 34 53
34 35 52
33 34 53
33 36 52
33 36 53
35 36 52
34 34 53
34 38 53
33 36 53
32 34 53
32 35 53
35 35 54
34 33 54
32 35 52
33 35 53
33 35 53
34 34 52
34 34 53
33 34 54
33 35 52
34 35 53
33 34 53
34 34 52
32 34 53
34 34 52
33 33 53
34 34 52
32 35 52
34 35 53
33 34 52
34 34 52
33 34 52
33 34 53
32 35 53
34 35 54
33 35 51
33 34 53
33 35 53
33 34 53
33 35 54
32 35 53
34 34 53
33 34 52
33 34 53
33 35 53
33 34 53
33 34 51
33 34 52
33 35 53
33 33 53
32 34 52
34 35 53
34 35 54
33 35 53
33 34 53
32 34 53
32 36 53
33 34 52
34 35 54
33 35 53
33 35 52
34 33 54
33 35 53
33 34 53
34 35 53
33 34 53
33 35 52
34 33 52
31 34 54
33 34 53
33 33 52
33 34 54
33 34 53
33 34 52
33 34 52
33 33 53
33 34 53
33 35 52
32 35 53
34 35 53
34 34 52
33 36 53
35 33 53
33 34 52
35 33 53
34 34 53
33 34 53
34 34 53
33 35 54
33 35 53
32 33 53
34 35 52
33 34 52
32 34 53
33 34 52
34 35 52
33 33 53
33 34 53
33 35 53
33 34 53
34 33 53
33 35 52
35 34 53
34 34 53
33 34 52
33 34 53
34 35 53
35 33 52
34 35 53
33 32 53
33 33 53
34 34 53
34 35 54
33 34 53
33 33 53
34 35 52
33 34 53
33 33 52
32 35 53
33 34 52
33 34 53
33 33 53
34 34 53
33 33 54
33 33 53
33 35 53
33 33 52
33 33 53
34 33 53
34 33 53
33 34 53
33 34 53
33 33 52
34 34 52
34 32 52
33 34 53
33 33 54
32 34 52
32 35 53
33 34 53
34 33 53
34 33 53
32 34 52
34 34 52
33 33 52
32 34 53
34 34 52
33 32 53
34 34 53
33 34 52
32 33 53
33 35 53
34 34 53
33 33 53
33 33 53
34 34 53
33 35 53
35 34 52
33 33 53
33 33 53
33 34 52
34 33 53
33 33 53
33 34 53
34 34 53
33 34 53
33 33 53
34 35 53
33 35 52
33 33 52
34 34 53
34 34 53
34 34 53
33 35 53
33 33 52
34 34 53
34 34 53
35 33 53
34 34 52
34 33 53
33 35 54
34 34 53
34 34 53
33 34 52
34 33 52
34 35 53
33 34 53
34 34 52
33 34 53
34 34 52
35 34 52
34 33 52
34 34 52
34 33 52
34 33 52
34 34 52
34 35 53
34 33 52
34 34 53
33 34 53
33 34 52
34 34 54
34 34 53
35 34 51
33 34 52
32 35 52
34 34 53
34 35 53
34 34 52
34 34 53
34 35 53
33 35 52
33 33 53
34 34 53
33 34 53
32 34 53
34 33 51
33 35 53
33 35 53
34 34 54
32 34 52
33 34 53
33 33 53
32 34 52
35 34 52
33 34 53
33 33 53
34 34 53
34 32 53
34 35 52
35 33 52
34 35 53
34 34 53
35 33 52
33 33 53
34 34 53
33 33 54
34 34 53
33 32 52
33 35 53
34 35 53
33 33 52
34 33 53
32 34 53
34 34 53
34 33 53
33 33 53
33 34 52
34 33 53
34 35 52
32 34 52
33 34 52
33 33 53
35 33 53
34 34 52
34 35 53
33 34 53
34 33 52
34 34 53
34 33 52
34 35 52
35 34 53
35 34 52
33 33 54
33 35 53
34 34 52
33 34 53
34 34 53
33 34 53
35 34 52
33 34 53
34 33 53
34 33 52
34 34 54
34 35 52
33 35 52
35 34 53
34 33 54
33 34 53
33 34 52
34 34 53
35 34 53
33 35 53
35 34 53
33 34 53
34 34 53
34 34 53
33 34 52
32 33 53
35 33 53
34 34 53
34 34 53
34 34 53
34 34 52
34 34 53
33 35 53
34 35 53
34 35 53
33 34 53
33 34 52
32 33 52
34 33 52
34 33 53
34 34 52
33 34 53
33 33 53
35 33 53
34 33 52
33 32 54
34 35 53
35 36 54
35 35 53
35 34 52
35 33 51
35 33 51
31 32 53
30 32 51
31 32 53
33 32 54
32 33 54
32 33 53
35 32 51
34 32 53
37 27 54
38 29 53
38 27 52
38 25 51
38 23 49
38 22 49
37 20 48
37 22 49
35 21 48
36 20 49
37 21 48
36 20 49
36 21 49
36 18 47
34 19 46
34 16 44
33 15 45
34 16 45
36 16 45
34 16 44
33 16 43
32 18 48
35 18 50
36 20 48
40 19 48
37 21 49
38 21 46
34 20 46
35 27 49
33 29 53
32 32 54
36 32 56
36 32 54
38 28 53
37 26 52
37 26 49
36 24 50
37 22 50
35 23 49
36 21 48
36 22 46
34 19 49
34 19 45
35 24 51
34 34 54
34 39 54
35 44 53
36 44 52
38 39 49
36 44 50
36 48 49
38 45 48
38 44 47
40 43 48
39 41 48
39 42 48
38 42 48
39 42 49
39 44 47
38 45 48
41 42 50
42 41 52
41 40 51
39 41 47
36 42 46
34 43 46
34 43 48
33 43 50
33 44 54
32 43 55
36 39 51
33 38 51
33 41 52
32 39 51
33 38 52
33 39 51
34 38 53
33 38 51
33 37 52
34 39 52
33 38 52
34 36 53
34 37 52
33 35 52
34 36 52
34 36 53
33 37 52
33 37 52
32 36 51
33 36 52
33 36 52
32 36 52
34 36 52
33 37 53
34 36 53
33 35 52
33 36 52
34 36 52
34 37 53
33 35 51
33 35 53
33 35 52
34 35 52
34 35 53
34 34 53
32 34 54
34 36 52
33 35 53
33 36 53
32 36 52
33 35 53
32 35 52
33 36 52
34 35 53
34 34 53
33 34 53
33 35 53
33 35 53
33 36 54
33 34 52
34 35 53
34 35 53
33 34 53
34 35 52
35 36 52
33 35 53
34 36 52
35 36 53
34 34 52
33 35 53
34 34 53
34 35 53
34 34 53
34 35 53
33 35 52
34 35 53
33 35 52
34 35 52
34 34 53
32 36 52
34 34 53
33 35 53
33 35 52
33 35 52
33 35 53
34 34 52
33 36 53
33 34 53
33 35 52
33 35 52
35 35 53
33 35 53
34 35 52
34 35 52
33 35 52
33 34 52
35 35 53
32 34 53
33 36 52
34 35 52
34 35 52
34 35 51
34 35 52
34 36 52
34 35 53
35 34 53
33 35 52
33 35 53
34 34 53
33 35 52
33 35 52
33 35 52
33 34 53
34 35 53
33 35 53
34 35 53
34 34 52
34 35 53
34 35 51
34 35 52
34 35 52
33 37 52
34 36 53
34 35 54
33 35 52
33 36 52
34 34 53
33 36 52
33 34 52
34 35 52
33 36 53
34 35 53
33 37 53
32 35 53
33 35 53
33 34 53
33 35 53
32 35 52
34 35 53
35 35 52
33 36 53
33 36 52
33 36 52
35 35 53
34 35 53
33 35 53
34 34 52
35 34 52
33 36 53
33 34 53
34 35 52
34 36 52
34 35 52
34 36 52
33 34 52
33 34 53
36 36 54
35 35 53
37 35 54
37 34 53
37 34 53
36 30 52
34 28 50
32 27 50
32 28 52
32 26 52
33 27 54
33 27 52
34 27 53
33 27 52
35 28 52
35 28 51
35 26 52
35 26 53
37 27 53
38 25 50
38 22 48
38 21 48
38 22 48
37 21 49
37 19 48
37 20 48
37 21 48
37 20 47
37 20 47
36 16 49
37 19 46
35 18 48
35 20 46
36 12 50
35 16 46
35 17 45
35 16 45
36 15 44
38 16 44
36 17 47
36 18 45
35 18 45
34 16 46
36 18 47
37 19 47
39 18 48
37 20 46
37 21 49
36 21 49
35 18 49
37 19 48
38 21 47
39 23 47
39 20 47
38 20 48
37 19 47
37 18 49
37 19 47
38 21 47
36 19 48
36 20 46
36 19 46
37 17 47
37 20 46
36 20 47
33 18 49
34 16 42
32 17 41
35 18 46
36 25 51
36 32 54
36 34 54
37 37 53
35 39 53
36 43 52
35 46 51
35 45 49
38 44 49
38 41 48
38 44 48
39 43 48
41 43 48
39 44 47
39 45 46
40 44 48
40 44 48
42 46 46
40 45 47
40 46 47
40 44 47
38 40 49
38 41 49
36 47 47
38 43 47
34 45 47
34 42 44
34 42 50
33 49 50
35 46 52
35 42 50
33 43 50
34 39 52
35 39 51
34 38 53
33 39 53
34 37 52
33 37 52
33 37 53
34 38 52
33 37 52
34 35 52
34 35 52
34 35 53
33 38 52
33 37 53
34 37 53
32 36 51
35 36 52
35 36 53
34 36 51
33 35 52
34 37 53
35 37 53
35 35 53
33 37 53
33 37 52
34 35 52
34 36 53
33 36 53
34 36 53
33 35 52
34 37 52
32 35 53
34 35 52
33 36 52
36 35 53
33 36 52
34 36 52
34 35 52
35 35 51
35 36 52
34 35 52
34 36 52
33 35 52
34 35 51
34 36 53
35 35 52
34 35 53
34 34 54
35 35 52
35 35 53
35 35 53
34 35 52
34 36 52
33 35 52
34 36 53
34 35 53
35 36 52
33 36 52
34 36 53
34 35 53
34 36 53
35 35 53
34 36 51
34 35 53
33 35 53
34 35 52
35 34 54
34 36 52
35 36 53
34 35 53
34 36 52
35 35 52
34 35 52
35 35 52
34 35 53
34 37 52
34 36 53
33 35 52
34 36 53
35 36 52
34 35 52
34 37 53
35 36 51
34 35 53
34 34 53
35 35 53
34 35 52
35 35 52
35 35 52
34 36 53
34 35 52
35 37 53
34 35 53
34 36 52
34 35 52
34 35 51
33 36 52
34 36 52
35 36 53
33 34 53
34 35 52
34 36 53
35 34 53
35 36 53
34 35 52
35 34 53
34 36 52
35 35 52
34 34 52
33 36 52
34 36 53
35 35 52
34 35 53
34 35 53
35 35 52
33 36 51
34 35 52
34 34 52
34 34 52
34 35 52
35 35 53
35 35 52
34 35 52
35 35 53
34 35 52
35 35 53
35 34 52
34 36 53
35 36 52
34 37 53
35 35 52
34 35 53
34 34 53
35 34 52
34 35 53
35 34 53
34 34 52
34 34 52
34 35 53
35 35 54
35 35 53
35 36 52
34 34 52
34 36 53
34 36 54
33 36 53
33 36 53
35 35 52
35 34 52
34 35 52
35 35 52
34 36 52
35 35 52
34 35 52
35 34 53
35 35 53
34 36 53
35 35 53
34 36 52
33 36 52
34 36 52
34 35 52
33 35 52
32 35 53
35 34 53
34 35 52
35 34 52
34 36 52
34 34 52
34 35 52
35 35 53
33 35 53
34 35 52
34 35 52
34 34 53
35 34 52
35 35 53
34 36 53
35 35 53
35 34 52
34 35 52
34 34 52
35 35 53
35 35 53
34 34 53
33 35 52
33 36 53
34 35 52
35 35 53
36 35 52
34 36 53
35 34 53
34 35 52
35 35 53
34 35 52
34 35 54
35 35 53
34 34 52
35 34 53
35 34 52
34 35 53
34 35 53
35 34 53
36 34 53
34 35 53
35 34 52
35 35 53
34 35 51
35 35 53
36 34 53
35 36 53
35 35 53
34 34 52
34 34 52
34 34 52
34 35 53
34 36 53
35 36 53
33 35 53
35 35 53
35 36 53
35 35 53
34 35 52
33 35 53
33 36 53
34 34 53
34 34 53
35 36 52
33 36 53
35 34 53
35 34 52
34 34 53
35 35 52
34 35 53
34 35 52
34 35 53
34 34 52
34 36 54
35 37 54
37 38 53
38 37 51
36 33 51
36 34 51
33 34 52
33 33 53
31 31 53
31 34 51
32 32 53
32 34 53
34 32 52
35 31 53
35 28 53
39 28 53
41 25 50
40 22 48
39 21 48
36 20 47
37 19 48
36 21 48
36 21 49
36 19 49
36 19 48
37 20 47
37 18 47
35 17 47
36 17 48
34 18 46
35 17 45
34 17 45
36 17 47
35 17 46
35 16 47
35 17 46
37 17 46
34 17 47
35 17 48
36 18 46
38 17 48
39 20 47
39 22 46
38 20 47
37 20 48
38 18 47
37 18 49
35 18 47
37 20 47
36 19 46
35 18 47
36 18 45
37 18 45
35 21 44
35 16 43
33 17 42
34 21 45
35 25 49
36 35 54
36 38 53
34 41 53
35 44 52
36 45 51
36 46 50
37 43 48
38 43 47
39 42 48
40 44 48
39 44 47
38 44 48
39 44 48
40 44 47
39 44 47
40 45 47
40 46 46
40 44 47
40 45 49
39 46 47
39 47 46
39 44 48
38 47 47
37 42 47
32 49 47
31 44 47
31 48 51
33 45 51
34 41 50
34 41 52
33 41 52
33 43 51
34 40 51
33 41 51
34 40 51
33 41 49
33 41 51
32 41 52
33 41 51
33 40 52
32 40 52
33 40 52
33 40 51
31 40 52
33 40 52
32 40 51
33 41 51
33 41 51
32 38 52
33 40 51
33 40 52
33 41 52
34 39 51
33 39 52
33 40 52
33 41 52
35 40 52
34 38 51
31 43 51
33 41 51
35 42 51
35 38 50
32 41 50
33 42 50
34 39 52
33 41 51
34 39 51
35 39 50
32 42 51
34 41 50
34 40 51
35 41 50
34 40 51
34 40 51
33 40 51
34 41 51
36 40 51
34 40 52
33 41 52
34 38 51
34 39 51
34 39 51
33 39 52
33 39 52
34 40 51
34 39 51
34 41 52
33 40 51
34 39 52
35 40 51
33 39 52
34 40 51
34 38 51
34 39 52
33 38 52
34 39 51
35 40 51
34 38 52
33 38 51
34 40 52
35 38 52
33 40 52
33 38 52
34 39 52
35 39 51
35 39 52
34 39 52
34 40 51
34 38 52
34 40 51
34 39 52
34 40 52
33 39 52
34 40 52
34 39 52
34 40 52
34 39 51
33 39 52
33 40 51
33 39 52
34 38 52
35 39 52
34 40 53
35 40 53
34 38 52
34 39 51
34 37 51
34 38 52
33 38 51
33 39 52
34 40 51
33 39 51
34 38 51
33 39 51
34 38 52
34 38 51
34 39 51
33 39 51
33 40 52
34 39 52
33 39 52
34 38 52
34 38 53
36 39 51
34 39 53
34 40 52
34 38 51
35 39 52
34 39 52
33 38 52
34 38 51
34 40 52
33 39 52
33 39 52
34 39 51
34 38 52
34 37 52
34 40 52
34 38 52
33 39 51
34 38 52
34 38 51
33 38 52
35 40 51
33 39 51
34 39 52
33 39 52
34 39 52
33 40 52
34 39 51
34 38 51
33 38 52
34 38 51
34 38 52
33 38 52
34 40 51
34 37 52
34 38 52
34 36 52
35 38 51
34 39 53
34 38 52
34 39 53
34 38 52
34 38 52
33 39 52
35 38 51
33 39 52
35 38 52
35 38 52
35 38 54
34 41 53
34 41 53
37 37 53
38 37 50
39 35 51
36 33 50
36 29 51
35 30 54
34 30 53
33 31 53
34 29 53
34 29 53
35 30 51
35 29 53
35 28 51
34 29 52
35 27 53
36 29 53
39 28 51
38 26 49
39 25 49
38 22 48
37 21 49
37 20 49
37 20 50
37 23 51
36 24 49
35 24 49
36 21 50
37 20 50
36 21 48
37 19 50
36 19 46
36 19 46
35 18 47
35 18 47
36 17 46
36 18 46
35 17 46
35 18 48
36 19 49
38 20 48
39 18 47
39 23 47
38 21 48
39 20 50
37 19 48
37 21 48
36 19 49
37 19 48
37 20 48
36 18 47
37 18 47
37 19 43
34 17 45
34 16 43
35 17 46
35 21 47
35 25 50
34 31 54
36 31 52
36 33 53
34 35 53
35 35 52
34 36 51
34 37 52
35 39 52
35 38 52
35 40 51
36 42 52
35 43 50
35 46 50
36 46 48
36 44 49
37 44 48
38 44 47
38 44 48
37 44 48
39 43 48
39 43 49
40 43 47
41 44 48
39 43 48
40 45 50
39 44 47
39 42 48
40 45 48
38 47 47
38 44 46
35 42 46
34 43 49
33 42 49
32 43 53
34 42 54
36 40 50
32 40 53
34 39 52
34 40 52
33 39 52
33 40 52
33 39 52
33 39 52
33 39 52
33 39 51
33 40 51
32 39 51
33 39 52
33 39 52
31 40 52
33 38 52
33 38 52
32 39 52
32 39 52
32 38 51
33 40 52
34 39 52
32 39 52
33 39 51
33 39 52
34 40 51
33 39 51
33 38 52
33 39 52
33 38 51
33 39 51
33 39 52
33 39 52
33 39 52
33 39 52
32 39 52
33 40 52
33 38 51
34 40 51
34 38 52
34 39 51
34 37 51
33 39 52
32 38 53
34 40 51
33 38 52
34 38 52
32 39 51
33 39 52
33 38 52
34 38 52
35 39 52
33 38 52
33 38 51
32 39 52
33 38 53
33 39 52
34 40 52
33 39 51
33 39 52
33 39 51
33 39 52
34 38 52
34 39 52
33 38 51
32 38 51
33 38 53
33 38 52
33 39 52
34 37 51
33 39 53
33 38 52
34 39 52
34 39 52
34 39 52
33 39 52
34 39 52
33 39 52
33 39 52
34 39 51
33 39 52
33 39 52
34 38 52
34 38 52
34 38 52
32 39 51
34 39 52
34 39 51
34 39 52
34 39 52
34 38 51
34 40 52
33 39 52
34 38 52
34 38 52
33 39 52
33 39 51
34 39 51
33 38 51
34 40 52
33 37 52
33 39 51
35 40 51
33 39 51
34 37 52
34 40 51
34 39 51
33 39 53
34 38 51
33 39 51
34 38 51
33 40 52
34 39 52
34 38 51
32 40 51
32 40 52
33 38 52
33 38 52
33 39 53
34 39 52
34 40 51
33 39 51
32 39 52
34 39 52
33 40 52
32 39 52
33 39 52
33 39 51
34 40 51
33 38 52
33 39 51
33 39 51
33 38 52
34 39 53
33 38 51
33 39 51
33 39 52
34 39 52
34 39 51
33 39 52
34 40 51
34 39 51
33 38 51
34 40 52
34 38 53
33 38 53
34 39 51
33 39 52
33 39 52
34 39 51
33 39 52
34 38 52
34 39 51
34 39 52
33 38 52
33 38 52
34 39 52
33 39 51
33 38 52
33 39 51
34 36 52
33 39 52
32 39 53
34 39 52
33 39 52
33 39 52
33 39 52
34 39 50
34 38 52
34 38 52
34 38 51
32 38 52
34 38 51
34 39 51
33 39 52
33 38 52
33 39 52
33 39 51
34 38 52
35 39 52
33 39 51
34 38 52
34 38 51
34 39 52
35 39 52
33 38 52
34 39 52
33 38 52
34 39 52
34 38 52
32 38 52
33 37 51
34 38 52
34 38 52
34 38 52
32 39 52
33 38 52
34 38 52
33 38 52
34 39 52
34 38 53
34 40 51
33 38 52
34 37 52
33 38 51
34 38 52
34 39 52
33 38 52
33 39 52
34 39 52
33 38 52
33 39 53
33 40 53
34 40 52
33 38 52
34 38 53
34 38 52
33 39 52
34 39 51
34 40 52
35 38 51
33 39 53
33 37 52
33 38 52
33 39 51
34 39 51
33 38 52
34 37 52
34 39 52
34 38 52
33 39 51
34 38 52
34 37 52
34 38 51
35 38 52
33 38 51
33 39 52
33 38 52
33 40 52
33 38 52
34 39 52
34 38 51
34 39 51
34 38 52
34 38 52
34 38 51
33 39 52
34 39 51
33 39 52
33 38 51
32 39 51
33 38 53
33 39 52
34 38 51
33 40 52
34 39 52
34 38 51
33 39 52
35 39 52
33 38 52
34 38 52
33 39 51
34 38 52
33 39 51
35 39 51
35 38 52
33 39 52
34 37 52
33 38 52
34 39 52
34 39 51
34 39 53
34 38 53
34 40 51
33 39 51
33 39 52
33 40 51
34 38 52
35 39 52
33 39 52
33 38 51
33 39 52
33 40 51
33 39 52
33 39 51
33 38 53
33 40 52
32 40 52
34 39 52
34 40 52
32 39 52
33 38 52
34 39 52
33 40 52
34 40 52
33 38 53
34 39 51
32 37 52
34 38 53
34 39 53
33 39 52
34 38 52
34 39 52
32 37 52
33 39 52
35 39 51
34 39 50
34 39 51
34 38 52
34 39 51
35 38 52
35 38 52
33 38 51
34 38 52
34 39 52
34 39 51
34 38 52
34 38 52
34 37 51
33 38 52
34 38 52
33 39 53
35 37 52
33 37 52
34 39 52
34 38 51
35 38 52
34 38 51
32 39 52
34 39 52
33 37 52
34 38 52
33 38 52
35 38 51
35 38 52
34 39 52
34 37 53
33 39 53
34 39 53
34 38 51
34 37 51
34 38 52
34 39 52
33 39 52
34 38 52
34 37 52
34 38 53
35 38 52
34 39 52
33 38 52
34 39 52
34 38 50
34 37 52
34 39 52
35 39 52
34 38 52
34 38 52
34 38 51
33 38 52
33 38 51
34 38 52
34 39 52
33 38 53
34 37 51
33 38 52
34 38 52
34 38 52
34 39 52
35 39 52
34 38 52
34 38 52
34 40 52
35 37 51
34 39 52
35 37 53
34 38 52
34 37 51
33 38 51
34 38 52
33 38 52
35 38 52
34 38 52
34 38 51
35 38 52
34 39 51
34 37 52
34 37 51
34 40 52
34 39 51
35 39 52
33 38 52
35 38 53
34 37 52
34 37 52
34 37 52
33 38 51
33 38 52
34 38 52
34 38 51
34 38 52
34 37 52
35 38 51
34 38 52
34 37 53
34 38 52
34 38 52
34 38 52
33 37 52
34 38 52
35 36 52
34 37 53
34 38 53
35 39 52
34 39 52
33 38 52
35 39 52
34 38 52
34 39 52
34 38 52
34 39 51
34 39 53
34 38 51
34 37 52
33 37 52
33 38 52
33 37 52
33 38 52
34 38 52
35 37 52
34 38 51
34 38 52
34 38 52
34 37 52
35 39 52
36 38 52
35 36 52
34 39 52
34 38 51
34 39 52
34 38 51
34 39 52
34 38 52
33 38 52
35 38 52
34 38 52
34 38 53
34 38 53
35 38 52
34 38 52
34 38 52
34 40 52
35 38 52
33 38 51
35 38 52
35 38 52
34 37 53
34 38 51
34 38 52
34 38 52
33 38 52
33 38 51
34 38 52
35 38 51
34 37 52
33 37 52
35 39 52
34 39 52
34 38 52
33 38 53
34 37 52
33 38 52
34 38 52
34 40 52
34 38 52
35 38 52
35 39 52
33 37 52
35 38 52
34 37 52
34 38 52
35 38 52
34 36 52
34 38 52
34 37 52
34 38 52
34 39 52
35 38 51
34 39 52
34 38 52
35 37 52
35 38 52
34 39 52
34 39 52
34 38 52
34 39 52
34 37 52
35 37 52
35 39 52
34 36 51
35 38 52
35 38 52
35 38 52
35 39 52
34 38 52
35 37 51
33 38 52
34 38 52
35 39 52
35 38 52
34 37 52
34 38 52
34 38 52
33 38 53
34 38 52
35 37 52
34 37 52
35 38 52
33 38 53
34 38 52
34 38 52
35 37 52
34 38 52
34 38 52
35 38 53
35 39 52
34 37 52
35 39 52
34 37 51
36 38 52
34 37 52
34 38 52
34 37 52
34 37 52
34 37 52
34 37 52
34 38 52
35 37 52
34 38 52
33 38 52
35 39 52
34 37 52
34 38 53
34 36 51
34 37 52
34 39 51
34 37 53
34 37 51
34 37 52
34 38 51
35 38 51
33 38 52
35 38 52
34 37 52
33 37 53
34 37 52
35 37 53
34 39 52
34 39 52
34 39 52
34 38 52
33 39 52
34 38 51
34 38 51
34 38 52
35 38 51
34 39 51
35 38 52
34 37 52
35 39 52
34 38 51
35 38 52
34 38 52
34 38 52
35 37 51
34 38 52
34 38 52
35 39 52
35 39 52
35 37 52
36 37 52
35 38 52
35 39 52
35 38 52
34 39 52
34 38 51
33 37 52
35 39 53
35 38 52
35 38 52
34 38 52
35 37 52
35 38 52
35 38 52
34 39 52
34 38 52
34 38 52
35 37 51
34 38 52
35 39 53
34 38 53
34 36 52
34 39 52
36 39 52
35 38 51
34 38 53
35 38 52
34 38 52
35 38 51
34 37 52
34 38 52
34 39 52
33 38 52
35 38 52
35 38 51
34 39 51
36 38 52
36 38 52
35 38 52
34 37 53
33 38 51
35 38 51
34 38 52
35 39 52
34 38 52
34 38 52
35 38 52
35 38 52
35 37 52
35 39 52
36 38 53
35 38 52
35 38 52
35 36 52
34 39 51
35 37 52
36 37 52
35 36 53
35 37 52
36 37 53
34 37 52
35 38 52
35 38 53
35 38 52
34 38 52
35 37 51
35 36 52
35 37 53
35 38 52
35 37 52
35 38 52
36 38 52
35 38 51
33 38 52
36 37 52
35 37 52
35 38 52
35 37 52
35 38 53
34 36 51
34 38 52
35 38 52
35 37 52
35 37 52
35 39 51
34 38 51
35 38 52
35 38 51
36 37 52
35 39 52
35 37 51
33 37 52
35 37 52
34 37 53
35 38 52
34 37 51
36 37 52
35 36 52
35 37 52
35 37 53
36 37 51
35 38 51
36 38 52
35 39 53
35 39 52
35 39 52
35 38 52
34 38 51
33 36 52
35 38 53
37 37 51
35 37 51
35 38 52
35 38 52
35 37 51
34 37 51
36 37 51
34 37 52
35 37 52
36 38 53
35 37 52
35 37 51
34 38 52
36 37 51
36 39 51
35 37 51
36 36 51
35 37 52
35 36 52
35 37 52
36 38 51
35 38 52
35 37 53
36 37 51
35 37 52
35 37 52
35 37 52
33 37 51
35 38 52
36 38 52
34 39 52
35 37 51
34 39 53
34 39 52
35 38 52
35 37 52
35 39 52
35 39 52
34 38 52
35 39 52
35 37 52
34 37 52
34 38 52
35 38 52
35 38 51
36 38 52
34 39 52
35 38 51
36 36 52
34 38 52
35 36 53
35 38 52
35 38 51
35 37 52
35 37 52
36 37 52
35 37 51
35 37 51
35 39 52
35 38 52
35 37 52
35 38 52
34 37 53
34 37 52
34 37 51
36 37 52
35 38 52
36 38 51
34 38 52
36 37 51
34 38 52
36 37 52
34 38 52
35 37 52
34 38 51
35 38 51
35 37 52
35 38 53
36 38 52
35 38 52
35 39 52
34 38 51
36 37 53
35 38 52
35 38 52
35 38 51
35 37 52
35 37 52
36 38 52
35 37 52
35 37 52
35 37 52
36 37 52
33 38 52
36 37 52
35 37 52
34 38 52
36 37 51
35 38 52
35 37 51
34 37 53
34 37 52
35 37 52
36 37 52
36 39 51
36 38 51
35 38 52
34 37 52
35 37 52
36 37 52
35 37 53
35 38 52
35 38 52
35 36 52
36 37 52
35 39 51
34 37 52
35 37 52
34 38 51
35 37 53
35 37 52
34 38 51
36 37 52
36 38 52
36 38 51
35 37 52
34 38 52
35 38 52
36 37 51
35 38 53
35 37 52
36 37 52
35 37 53
36 38 51
35 37 52
34 38 51
35 38 52
35 38 52
36 36 53
34 37 52
35 38 52
34 37 52
36 38 52
35 37 53
36 37 52
35 37 52
35 38 52
36 37 52
35 37 52
35 37 51
34 38 52
36 37 52
36 38 53
35 36 52
35 37 51
35 37 53
35 37 52
35 39 53
35 37 52
36 35 52
35 37 52
35 37 52
36 38 52
36 37 52
35 37 52
34 37 52
35 37 52
35 38 53
36 37 52
34 37 52
35 37 51
35 37 53
35 37 53
36 37 52
34 37 52
34 38 52
34 37 52
34 37 52
35 38 51
36 38 52
36 37 51
35 37 51
35 38 52
35 36 52
35 38 51
35 37 52
35 38 52
35 37 53
34 38 52
35 38 52
35 37 52
35 38 52
34 37 53
34 38 52
35 38 52
36 38 53
34 38 52
35 38 51
34 38 52
34 37 53
35 37 52
35 38 52
35 37 52
34 37 52
35 38 53
35 37 52
34 37 52
35 37 52
35 37 52
36 37 53
35 37 52
35 37 52
33 37 52
35 37 52
35 37 52
34 38 52
36 37 51
34 37 51
34 38 52
34 38 52
34 38 51
36 37 52
35 37 53
35 36 52
34 37 52
35 37 53
35 37 53
35 36 52
36 37 52
35 37 52
34 36 53
34 37 52
35 37 52
35 37 52
35 38 52
36 38 52
37 37 52
35 38 51
35 37 52
35 37 51
34 37 52
36 37 53
34 38 52
35 37 52
35 36 52
34 39 52
34 39 52
36 37 53
34 37 52
34 38 52
35 39 52
34 37 52
34 39 52
36 36 52
35 36 53
34 37 52
34 38 52
36 38 52
35 38 53
35 36 53
35 39 52
35 39 52
35 38 51
35 37 52
35 36 52
34 37 52
34 36 52
35 37 52
34 38 52
35 37 52
35 37 53
35 39 52
34 38 52
34 37 52
36 37 51
34 37 52
35 37 52
35 37 53
36 38 51
34 39 53
35 38 53
36 37 53
35 38 52
36 37 52
36 36 52
35 38 52
37 37 52
36 37 52
34 37 52
35 36 52
36 37 52
35 38 52
36 37 51
35 36 53
36 37 52
35 37 52
35 37 52
34 36 53
35 37 52
35 37 53
35 35 52
35 37 51
35 38 53
35 36 52
34 37 52
35 38 52
34 37 52
34 37 52
33 38 53
35 36 52
34 38 54
33 41 54
34 40 53
37 39 52
37 34 51
38 36 53
39 34 51
40 32 51
39 29 50
37 27 49
37 23 50
37 21 49
37 22 49
37 21 48
36 22 48
38 20 49
37 20 48
36 21 49
37 14 52
35 19 44
34 17 45
34 23 47
35 26 51
35 33 52
37 35 54
35 38 52
36 38 53
36 42 52
35 41 52
36 44 50
35 44 51
35 43 50
38 44 49
38 46 48
37 44 47
36 45 46
38 46 47
39 46 46
39 44 47
40 45 46
40 44 47
41 46 46
40 47 45
41 45 46
40 45 47
40 48 47
40 48 44
40 44 46
41 47 46
40 48 48
40 47 45
41 44 44
39 44 45
37 42 44
36 43 51
34 41 50
34 41 52
32 42 53
34 38 52
33 40 55
33 40 50
35 37 51
37 37 51
36 40 52
35 38 52
35 38 52
36 37 51
34 37 52
36 37 52
34 37 52
34 37 53
34 38 53
36 37 52
34 37 52
35 37 52
34 39 52
35 37 52
36 37 52
34 38 51
34 38 51
34 36 52
34 36 51
33 37 54
34 37 51
33 38 52
34 37 51
33 38 52
35 37 53
34 36 53
34 37 52
34 38 54
34 37 52
36 38 52
34 37 52
34 37 53
35 37 53
35 37 52
34 36 52
35 37 52
36 38 53
35 36 52
35 37 52
33 37 51
34 37 52
35 37 52
34 37 52
35 38 52
35 37 52
34 37 52
34 39 52
35 36 52
35 37 53
34 37 53
34 36 51
35 37 52
36 37 51
34 38 52
34 37 51
34 38 52
35 36 52
35 38 52
34 38 52
34 37 51
33 37 52
36 38 52
34 36 52
34 36 52
35 36 53
35 38 52
35 38 52
35 37 52
34 37 53
35 37 51
36 37 53
36 37 52
36 37 52
36 38 53
35 37 51
35 36 52
35 37 52
34 36 51
35 38 52
34 38 53
34 37 51
34 38 53
34 37 53
34 37 52
34 37 52
35 37 52
35 37 52
35 36 52
35 37 52
34 36 51
34 37 52
34 37 52
34 37 52
34 37 52
35 37 53
34 38 52
35 37 52
35 37 53
34 38 52
34 37 53
35 37 52
35 37 52
35 38 52
36 36 52
35 37 52
35 37 52
34 37 53
34 36 53
36 37 52
35 36 52
35 37 52
34 36 51
35 36 53
35 36 52
35 36 52
