12 34 34
12 34 34
12 35 35
11 36 35
13 35 34
12 34 34
12 35 34
11 35 34
12 35 35
12 35 34
12 34 34
13 35 35
12 36 35
11 36 35
12 35 34
11 35 34
12 35 35
12 35 36
12 35 34
10 37 34
11 35 34
11 36 34
12 37 35
13 40 36
14 35 35
15 42 35
16 43 32
16 41 34
12 37 33
17 37 35
16 41 35
17 39 38
16 39 34
14 47 36
13 44 40
17 45 43
18 46 52
20 45 56
20 44 58
24 44 59
29 40 55
36 39 56
40 35 52
43 29 46
44 26 43
41 25 37
41 27 39
35 27 43
32 30 53
31 35 55
28 37 55
32 38 60
30 35 53
33 35 49
32 35 55
32 33 52
33 31 53
34 34 53
35 32 53
35 34 53
32 31 51
33 36 53
35 34 53
33 33 53
34 35 54
33 33 53
33 33 54
36 33 52
35 33 52
36 33 53
34 34 53
35 34 53
35 33 52
34 32 54
34 33 52
34 34 52
34 34 53
33 33 53
34 33 53
34 34 53
34 33 53
34 33 53
35 35 52
35 32 53
35 32 52
34 34 53
35 34 54
34 34 52
34 32 53
34 33 52
34 33 53
35 34 52
35 34 53
33 33 52
35 34 53
35 34 53
33 35 53
