12 36 32
13 35 31
14 35 31
13 37 31
13 37 32
12 38 33
13 39 33
11 39 34
11 40 33
13 40 33
13 40 33
13 39 32
13 41 33
13 39 33
13 39 34
11 40 33
13 40 34
14 40 34
14 40 34
13 40 35
12 40 34
13 40 34
12 41 34
12 40 34
13 39 34
14 40 34
13 40 33
12 39 34
12 40 33
13 39 34
13 40 34
13 41 34
14 41 35
15 40 34
13 40 34
12 40 34
12 39 34
13 40 33
14 41 33
13 40 34
13 39 34
12 40 33
14 41 34
13 40 34
13 41 34
13 40 34
13 41 35
13 41 34
13 39 33
13 39 33
13 40 32
12 41 34
13 41 35
13 41 34
13 39 33
12 40 33
11 36 33
13 38 33
11 40 33
12 38 34
13 39 33
12 38 31
12 39 32
13 39 32
12 39 32
11 39 35
12 38 33
13 37 31
12 38 31
12 38 32
12 37 32
12 38 32
13 38 33
11 38 31
12 38 32
12 37 32
12 39 33
11 38 34
13 38 33
15 37 32
12 39 32
13 39 33
12 38 32
13 37 32
13 38 33
13 39 32
13 38 32
12 38 32
13 36 32
14 37 31
13 38 31
14 38 30
14 38 29
13 38 30
14 38 30
13 40 32
12 40 32
15 38 33
13 35 34
11 31 34
11 34 35
12 33 29
12 32 27
10 30 25
10 29 26
3 35 29
15 31 35
13 31 31
12 36 34
12 40 34
12 38 33
13 34 34
14 41 35
14 41 35
18 38 32
15 48 44
18 43 42
18 45 45
19 43 44
18 43 42
23 43 48
22 42 51
29 45 52
27 41 51
24 42 45
20 40 48
24 39 46
28 43 42
21 41 37
14 39 38
10 49 54
17 42 50
21 40 50
20 39 46
22 57 47
24 49 47
26 48 47
23 37 44
34 53 45
35 43 46
34 39 45
32 48 61
39 43 52
42 41 51
40 43 56
37 39 50
34 38 44
30 36 46
31 42 58
40 38 55
40 39 51
37 39 52
37 40 51
38 39 52
36 42 51
38 40 51
40 40 52
38 39 51
37 40 52
39 40 51
39 39 51
38 40 50
38 40 51
38 39 51
38 40 51
38 40 51
38 39 52
39 40 50
38 41 51
38 40 51
37 41 51
39 40 51
38 41 51
39 40 51
38 40 51
39 40 52
37 40 52
39 42 51
38 40 51
38 41 51
38 40 51
39 41 51
38 40 51
38 40 51
38 40 51
38 41 51
38 39 51
39 40 51
39 40 52
37 40 50
39 40 51
39 40 52
37 40 52
38 39 50
38 40 51
38 41 50
39 41 51
39 40 51
39 40 51
39 40 51
39 40 50
38 41 52
39 39 51
38 40 51
38 40 51
38 40 51
38 40 51
39 40 51
39 40 51
39 40 51
39 41 51
39 40 51
39 40 50
38 40 51
37 40 51
37 40 51
38 40 51
38 39 51
39 41 51
39 38 51
38 39 50
38 39 52
38 39 51
39 39 52
38 41 51
37 40 52
37 40 51
38 39 52
39 40 51
