13 36 29
13 35 31
12 36 32
12 36 30
11 35 31
10 36 32
11 37 31
12 37 32
15 37 30
14 37 34
12 36 30
12 36 33
11 36 32
12 37 34
11 37 33
11 38 33
12 36 34
13 36 34
12 36 34
12 36 33
13 36 34
11 37 35
11 37 35
11 37 36
13 36 36
14 36 36
13 37 38
12 38 38
13 36 37
13 36 35
14 37 36
13 37 37
13 37 37
12 37 36
12 36 36
12 34 36
12 35 36
14 37 36
13 36 35
12 35 36
13 37 35
13 37 36
13 38 36
12 34 35
14 37 36
16 36 34
16 38 34
14 35 32
11 36 31
13 35 30
14 35 28
12 34 28
13 33 28
12 33 26
11 31 29
6 35 24
10 40 29
15 39 30
10 35 38
5 40 32
12 37 31
16 39 33
15 45 40
15 41 54
20 39 57
27 34 51
27 37 46
21 38 49
19 35 47
17 30 47
21 25 44
25 58 63
19 23 36
19 37 50
22 30 52
23 39 53
16 37 46
16 35 48
14 38 45
15 40 47
14 36 40
20 46 46
22 43 50
19 40 49
23 41 45
28 47 47
30 44 47
30 44 48
30 43 50
30 37 50
27 35 48
22 35 50
23 33 59
29 36 52
30 37 53
28 35 53
28 37 52
28 38 51
28 37 52
27 37 52
29 36 51
28 38 52
28 38 52
29 37 52
28 36 51
27 36 52
28 37 53
28 37 52
27 37 51
28 35 52
28 38 52
26 38 52
29 37 51
28 37 52
27 35 52
27 37 52
27 36 52
30 37 52
27 36 52
27 38 51
27 38 52
27 37 52
27 34 54
28 35 58
33 38 58
32 33 53
