13 30 28
9 30 29
12 31 29
12 31 28
12 30 29
14 35 29
12 32 28
14 25 27
9 30 29
13 43 29
10 47 25
22 45 37
14 40 41
12 44 36
10 45 40
12 46 39
18 46 44
21 43 45
25 49 51
29 45 51
39 33 50
41 32 48
41 32 46
39 34 47
35 38 52
32 30 53
34 36 54
36 40 46
35 40 48
34 36 50
35 34 55
39 34 51
39 40 51
36 37 52
36 39 52
38 39 51
40 41 52
39 39 52
38 38 51
38 40 51
40 39 51
38 37 52
38 37 51
37 39 51
37 39 51
38 40 51
39 36 52
38 40 52
39 38 52
37 39 51
38 38 51
40 39 52
38 37 51
38 39 51
38 39 51
38 38 52
38 38 52
39 38 51
39 39 51
39 40 52
38 38 51
38 38 52
37 38 51
38 37 51
38 39 51
39 39 51
39 38 51
39 39 51
39 38 51
38 38 51
38 40 50
38 39 51
38 38 51
38 39 51
38 39 51
39 37 52
37 39 51
38 38 51
