13 39 33
13 39 33
13 38 33
13 40 33
14 40 34
12 39 33
12 39 33
14 39 33
13 40 33
12 39 34
13 39 35
13 40 35
14 41 35
13 39 34
13 39 34
12 40 34
13 40 34
12 39 34
14 41 34
12 39 34
12 39 34
12 39 34
12 39 34
13 40 34
12 40 34
13 38 34
13 40 34
13 38 34
13 39 33
13 39 33
13 39 32
12 39 34
13 40 35
14 40 35
13 41 35
13 38 36
13 42 34
13 42 35
12 40 36
13 41 35
13 39 34
13 39 35
13 39 34
13 39 34
14 41 34
12 40 33
13 39 33
12 39 34
13 41 34
13 39 34
12 39 34
13 39 34
12 40 34
14 40 34
13 40 35
14 40 35
13 40 35
13 41 35
12 40 35
14 39 33
12 40 34
13 40 34
13 40 34
13 40 36
13 39 34
13 40 33
13 40 34
13 41 34
12 41 34
13 39 33
14 39 33
14 40 33
14 39 33
13 38 32
13 39 32
12 38 32
14 36 31
14 37 32
12 38 33
12 38 34
12 36 34
11 36 35
13 34 34
17 34 34
14 33 32
13 33 30
14 33 27
14 33 24
11 34 23
11 32 24
11 31 27
10 34 31
9 31 28
6 34 31
9 32 26
12 36 27
13 35 30
13 34 28
14 35 29
12 35 32
10 34 31
12 32 35
13 36 37
13 35 40
14 37 39
17 36 41
15 35 42
9 37 43
14 38 44
17 36 43
18 37 46
20 32 46
26 37 51
29 37 50
27 45 54
35 38 58
33 36 50
28 33 52
30 36 52
29 38 52
30 39 53
31 37 53
31 37 53
26 37 52
30 40 51
36 33 59
39 34 56
28 28 53
28 31 53
26 28 52
23 30 54
21 34 51
19 39 49
18 33 48
22 32 50
19 27 48
29 17 32
31 19 45
22 27 49
17 37 54
29 30 56
25 37 59
30 28 54
30 38 51
31 34 56
33 36 54
30 36 53
30 37 51
30 36 53
29 36 53
31 35 52
30 34 54
30 35 52
30 35 52
30 34 52
29 35 53
29 36 53
30 36 53
31 35 52
29 35 52
31 35 52
28 34 53
31 35 52
30 35 53
30 36 52
30 35 53
31 34 53
30 35 53
29 35 53
30 34 54
30 35 53
30 35 52
29 35 53
30 35 53
30 35 52
30 34 53
31 34 53
30 33 53
29 34 54
31 34 52
29 34 53
29 35 53
29 34 53
30 34 52
29 35 53
30 34 53
30 34 53
31 35 52
30 34 52
30 34 52
30 34 53
30 34 53
29 34 52
29 34 53
30 34 53
30 34 53
29 34 53
31 34 53
31 34 53
29 34 53
32 35 52
29 34 53
30 35 53
30 33 52
29 33 53
30 34 53
30 33 52
30 34 53
30 34 53
29 33 53
30 33 53
30 34 53
30 34 52
30 34 53
30 35 53
29 33 53
30 34 53
30 35 53
