13 32 31
12 35 33
13 35 33
12 34 34
11 35 35
11 35 34
13 35 35
12 35 34
11 33 34
12 34 34
11 36 36
13 34 34
13 34 35
12 36 35
12 35 35
11 35 35
13 35 35
12 35 34
12 35 35
12 35 34
10 37 34
12 35 35
12 36 35
13 36 35
12 35 34
13 35 35
13 36 34
13 33 33
16 32 33
16 33 32
17 33 32
15 38 31
15 35 30
12 32 28
9 32 29
10 36 32
7 36 28
9 41 33
13 41 34
17 41 37
20 44 42
19 46 47
20 41 53
22 41 58
26 37 49
26 37 47
27 38 52
28 38 50
24 40 54
24 37 49
20 38 51
19 35 49
23 37 50
21 38 53
17 38 54
16 38 45
18 44 43
23 36 42
23 38 45
27 43 52
26 34 50
21 39 54
23 36 53
22 37 53
22 37 48
23 35 49
25 36 53
28 34 53
32 34 54
25 35 49
28 34 54
34 35 51
39 37 50
33 39 52
26 35 54
25 38 50
29 40 52
29 38 53
29 37 52
29 39 51
30 39 52
29 36 53
29 38 51
30 40 52
30 39 52
29 39 52
29 40 52
29 39 51
29 40 52
29 40 52
30 37 52
30 38 52
30 39 51
30 39 52
29 38 52
29 40 51
28 40 51
28 39 52
30 38 52
29 40 52
30 39 53
30 37 53
29 38 52
30 37 52
29 40 51
30 39 52
30 38 53
29 39 52
30 40 52
30 38 52
31 39 53
31 39 51
31 38 51
30 39 52
