14 40 38
13 39 37
13 38 37
13 40 37
14 40 37
14 40 37
13 40 37
13 38 36
14 38 38
15 39 37
12 38 38
13 40 37
13 39 37
13 39 37
13 39 37
14 38 37
12 39 37
13 38 36
14 39 37
13 39 37
14 38 37
14 38 37
14 39 37
14 39 38
13 39 37
13 39 37
13 37 37
14 39 37
13 39 37
12 39 37
13 39 35
13 38 37
13 40 37
13 38 37
14 39 38
14 40 37
13 40 37
14 39 37
15 38 36
15 38 35
16 37 35
16 40 35
16 38 33
15 38 33
15 39 33
14 41 33
14 43 35
14 42 34
13 46 37
14 44 37
14 45 38
17 47 39
15 46 42
17 45 41
18 46 43
17 47 44
20 51 46
20 48 43
27 47 48
31 43 48
33 41 47
28 46 51
28 43 51
29 42 50
31 42 51
31 39 48
35 43 49
35 45 47
34 44 46
36 51 45
33 55 47
32 49 43
34 54 39
33 54 39
31 53 41
30 51 41
31 51 40
31 52 39
32 55 41
31 53 39
32 54 42
32 53 42
36 49 44
32 54 39
30 49 37
32 48 37
29 54 41
32 54 46
31 48 44
31 51 42
31 52 42
31 52 42
32 51 42
31 51 43
29 52 43
31 51 43
31 50 44
30 49 44
30 49 46
30 49 45
30 48 43
31 49 44
29 49 45
30 50 45
30 50 45
31 50 43
30 49 45
31 49 45
31 48 45
31 49 44
32 50 44
32 50 44
31 50 44
30 51 44
29 50 44
31 49 45
31 48 45
31 49 44
30 49 44
29 50 44
30 50 45
29 49 45
30 50 46
30 48 45
31 49 46
