13 39 35
12 40 34
13 38 35
12 38 35
13 39 36
12 38 35
14 39 35
13 39 35
12 39 35
13 40 35
13 39 36
12 39 34
13 40 35
14 39 35
13 40 34
13 41 35
13 40 34
14 40 33
13 38 33
15 37 32
15 38 31
15 38 32
15 41 31
15 41 30
12 39 31
13 40 32
13 42 30
13 41 31
13 42 31
14 42 32
13 45 35
13 45 36
15 45 39
16 46 40
17 47 40
20 44 42
23 46 45
27 48 45
31 47 48
32 45 49
35 42 49
35 46 51
36 45 50
39 43 50
37 44 53
38 44 53
39 40 51
39 43 47
41 47 48
41 42 43
42 41 42
44 37 43
46 41 43
43 47 46
41 47 42
30 52 45
30 50 45
30 49 46
26 44 51
30 51 44
27 50 43
28 50 43
28 51 44
30 51 46
28 49 46
28 46 46
29 46 46
30 44 49
30 45 48
28 44 47
31 46 47
31 46 48
30 51 46
29 45 48
29 43 48
29 45 48
29 46 46
29 46 47
29 46 46
28 47 47
29 47 47
29 47 47
30 47 47
28 48 46
28 47 47
29 47 46
28 47 46
28 48 47
29 47 45
