11 33 34
13 34 34
12 35 35
10 33 32
11 33 33
13 33 33
13 36 34
12 36 35
12 37 35
13 38 36
10 36 35
11 35 34
11 36 35
12 36 34
13 37 34
13 36 36
13 36 35
12 38 35
11 36 35
13 37 34
12 38 34
13 38 34
13 37 35
13 38 33
13 36 35
12 36 33
13 36 35
14 36 33
12 36 33
12 36 33
14 37 31
16 35 31
18 37 31
16 37 31
13 37 29
11 36 30
10 35 32
11 35 32
13 35 33
8 47 33
13 53 43
15 51 42
14 36 53
24 37 63
22 34 62
21 38 53
21 29 38
20 39 46
29 31 49
35 33 48
34 34 42
35 40 42
31 38 44
24 39 46
9 48 63
24 29 49
27 40 38
29 41 54
24 31 56
25 33 47
24 35 51
24 34 52
25 36 52
26 34 49
22 34 53
24 33 52
24 36 49
23 38 49
22 34 48
22 40 59
26 30 47
25 35 51
24 33 51
23 33 51
24 31 52
22 30 51
27 41 54
26 36 46
24 40 48
20 44 50
25 44 48
27 35 50
26 37 50
25 40 50
25 39 50
25 39 51
26 38 50
24 39 50
24 39 50
25 38 52
24 39 50
24 38 50
24 39 50
24 40 50
24 37 50
24 38 50
25 38 50
25 39 49
24 39 50
24 39 50
24 40 50
25 38 50
25 39 50
25 38 50
24 39 51
25 38 50
23 38 50
25 39 50
25 38 50
24 39 50
24 39 50
23 39 50
