13 40 35
13 38 36
14 38 36
14 38 35
13 38 35
13 39 35
12 38 34
13 39 35
13 40 35
12 41 36
13 41 36
12 43 38
14 41 38
17 40 37
18 39 37
16 41 37
13 42 36
15 42 36
18 44 37
15 41 34
10 40 32
12 40 30
15 37 33
16 38 30
15 38 30
13 41 32
14 39 34
11 43 41
18 44 34
15 41 42
10 44 37
16 46 40
17 45 38
19 46 42
20 47 45
18 46 44
21 41 45
22 42 46
25 46 44
22 45 47
25 47 44
24 45 47
24 46 48
25 45 47
24 45 47
25 45 46
24 46 46
25 46 47
25 46 47
25 46 47
25 45 46
24 45 46
25 46 46
25 45 46
25 45 47
24 46 47
24 46 46
25 45 46
24 47 46
25 45 46
25 45 46
24 45 47
25 46 46
