11 33 33
13 36 33
13 36 32
11 35 33
10 36 33
11 35 32
10 35 32
12 34 33
12 37 34
11 36 34
10 36 35
12 36 35
11 37 35
12 36 35
11 37 34
12 38 35
11 36 34
12 37 33
13 36 34
13 36 34
16 37 33
14 35 33
13 35 31
14 34 31
12 34 30
14 34 29
17 35 30
16 37 27
12 39 27
10 39 32
12 34 33
10 39 36
17 37 35
18 42 42
11 43 53
20 33 63
29 36 63
29 32 54
23 34 55
21 37 47
22 31 48
27 33 45
28 35 45
33 42 44
38 36 38
40 41 48
24 19 63
22 0 63
23 30 45
23 47 54
26 40 50
26 33 52
26 36 52
26 36 52
25 35 51
25 34 52
25 36 51
27 38 51
27 38 51
27 39 52
28 37 53
28 36 50
28 39 50
27 36 49
25 35 53
24 35 52
26 36 49
26 37 52
25 36 52
26 36 51
26 38 52
25 38 51
25 36 51
26 37 51
25 35 51
27 37 51
25 37 51
25 36 52
26 37 52
26 36 51
26 36 52
26 36 51
24 33 51
24 34 51
25 33 53
25 34 51
25 35 51
24 36 52
24 35 50
24 38 51
25 37 50
23 37 52
25 37 51
24 37 50
24 38 51
24 38 50
24 38 51
24 40 51
24 38 51
