17 36 40
16 39 39
13 38 38
13 38 36
14 38 35
13 38 35
11 38 34
11 37 34
13 37 34
12 39 34
10 39 34
11 40 35
12 39 34
15 38 34
14 41 36
12 41 37
11 43 39
14 40 41
17 43 42
18 45 46
19 44 45
21 44 48
21 46 48
21 43 47
22 43 47
22 44 46
24 41 47
24 38 50
24 36 51
23 35 50
27 35 49
25 35 50
22 39 49
21 39 49
23 39 49
19 39 51
19 43 48
21 40 46
22 37 48
19 33 48
20 31 49
21 37 49
21 38 47
19 37 45
19 43 48
21 41 49
22 34 50
22 40 49
23 38 48
21 38 49
21 38 48
23 39 49
23 39 48
21 40 50
20 37 49
22 41 49
24 37 47
22 41 50
22 38 49
22 39 51
22 38 48
23 37 49
24 37 49
21 40 50
22 39 49
24 38 49
26 38 49
26 39 49
25 43 52
24 40 50
23 38 47
21 39 46
23 40 50
24 40 49
24 42 49
22 43 49
21 41 49
21 38 48
