12 38 35
11 37 34
13 38 36
13 39 34
12 38 35
13 38 34
12 36 34
13 37 35
13 38 35
13 37 36
13 38 36
12 37 35
12 37 34
11 37 35
13 36 35
12 36 36
11 38 36
11 38 35
14 37 36
13 37 35
12 38 35
11 39 35
12 36 35
12 36 35
13 36 34
12 37 34
13 37 33
13 36 34
13 36 33
14 36 34
14 35 32
14 34 31
10 39 31
8 43 31
12 48 34
20 44 34
22 45 34
23 49 33
23 46 35
20 48 36
23 53 40
29 54 42
29 50 42
30 45 41
28 46 49
23 44 56
24 31 58
30 26 53
28 39 60
30 37 51
29 35 45
27 35 52
28 31 57
30 30 52
28 28 51
32 28 48
36 32 53
29 36 60
29 33 50
29 37 50
31 36 48
27 38 52
30 38 55
32 39 51
32 39 53
31 39 53
31 34 51
31 29 54
32 31 52
31 29 52
30 27 55
28 33 53
28 33 50
28 28 55
29 26 51
31 32 52
33 38 52
30 37 53
30 35 52
31 33 52
32 35 53
31 34 53
31 35 53
30 34 52
31 35 53
30 35 52
31 34 53
30 36 52
30 35 53
30 33 53
32 35 53
31 34 52
29 35 53
30 34 52
31 35 54
31 35 53
31 36 53
31 36 52
31 34 53
30 35 53
31 35 52
30 35 52
31 35 52
31 36 53
32 35 52
30 34 53
31 36 52
30 35 53
31 37 52
30 35 52
30 35 52
30 35 52
31 35 52
