22 29 50
21 29 49
23 29 49
21 28 49
22 29 50
22 30 50
21 30 48
23 31 48
23 32 48
22 33 48
22 31 49
22 29 50
21 30 51
20 30 51
19 31 51
20 29 51
20 32 49
21 32 49
19 33 48
21 35 47
19 33 49
19 32 50
19 31 48
19 28 48
17 28 46
20 28 47
22 27 47
20 26 49
23 27 49
20 30 49
20 32 52
21 31 49
20 31 48
21 31 48
21 35 50
21 38 50
22 34 48
22 33 48
20 34 50
19 31 48
19 32 47
21 32 49
20 31 48
20 32 47
20 32 49
19 32 49
20 32 50
23 33 50
24 32 51
27 31 51
27 30 53
29 33 51
29 30 53
31 29 54
32 29 52
32 29 56
34 29 55
35 27 48
32 26 52
32 27 50
32 29 51
34 26 51
30 26 53
32 27 51
31 27 50
33 27 52
34 26 54
33 27 52
33 28 53
34 30 53
35 29 52
35 29 53
36 29 53
38 29 53
37 30 52
37 31 52
39 30 52
37 31 52
39 30 53
38 31 51
39 30 52
38 31 53
40 31 53
38 31 52
39 31 51
37 31 51
39 31 52
38 31 52
38 30 52
39 31 53
37 29 52
38 29 51
37 30 52
37 32 51
37 30 52
37 29 50
38 29 53
37 31 52
37 31 52
37 30 52
38 30 52
37 28 52
37 29 52
37 28 52
37 30 53
38 29 52
37 30 52
37 30 52
38 28 52
37 28 52
37 29 52
38 28 51
36 30 52
38 30 52
37 29 52
