13 35 38
12 36 36
13 36 37
13 36 37
12 36 38
13 36 37
13 36 37
14 36 37
14 36 36
13 36 37
12 37 37
13 35 37
13 35 36
13 35 37
12 35 37
12 35 37
13 36 37
13 36 37
13 36 37
12 36 36
12 36 36
12 35 36
12 36 36
13 36 37
12 35 36
12 36 37
12 36 37
12 36 36
14 35 37
11 36 36
13 35 37
12 35 37
13 37 37
12 35 36
11 36 37
13 36 36
12 36 37
12 35 36
13 36 36
12 35 36
12 35 36
11 37 37
12 35 36
12 36 35
12 36 36
13 36 37
13 34 36
12 35 35
12 36 36
12 35 35
11 35 34
12 36 35
13 38 35
14 37 33
16 36 33
18 37 32
16 37 33
12 37 32
15 37 31
14 43 50
17 36 34
14 40 36
11 45 35
15 44 40
17 44 38
16 45 42
18 46 44
21 47 45
25 44 47
27 45 51
30 45 52
32 45 52
30 47 52
30 44 47
28 43 47
23 44 49
25 41 50
28 42 49
29 44 52
28 44 49
27 43 51
29 41 48
30 43 50
31 43 49
29 44 50
29 44 49
27 43 50
28 42 50
27 43 49
29 43 49
30 43 50
28 45 49
30 44 49
30 45 48
29 44 50
29 44 49
28 43 50
29 43 50
29 43 49
29 44 50
30 44 49
29 43 49
29 45 49
28 44 49
29 44 50
30 44 50
28 44 49
28 42 48
29 43 49
29 44 49
29 44 49
29 45 50
28 42 50
29 44 49
29 44 50
29 44 50
29 43 49
29 44 50
29 44 49
28 44 49
28 44 50
29 43 50
30 44 49
28 44 50
29 43 49
28 44 50
27 43 49
30 46 50
29 44 50
29 44 49
28 43 50
30 45 50
29 44 48
29 44 50
29 44 49
28 43 49
29 44 49
29 43 49
30 43 49
29 43 49
29 44 50
30 43 49
29 44 49
28 45 50
29 44 49
30 43 49
29 44 49
29 44 50
29 42 49
29 44 49
30 44 49
30 44 50
29 44 49
30 43 49
29 44 49
29 43 49
29 45 50
29 43 50
28 44 49
28 44 49
29 43 49
29 44 49
