15 41 40
13 40 38
15 41 39
14 41 40
16 42 39
15 41 39
14 42 39
15 41 39
15 41 40
15 41 39
14 41 40
14 41 39
14 40 40
15 41 39
14 42 39
15 41 39
15 42 39
14 40 39
15 41 40
15 41 39
14 41 40
14 40 40
14 40 40
15 40 40
15 41 40
14 41 39
14 41 39
15 41 39
15 42 41
15 42 39
14 41 39
15 40 40
15 42 40
15 41 39
14 41 39
15 40 39
15 41 39
15 40 40
15 41 39
15 41 40
15 41 38
15 41 40
15 41 40
15 41 39
17 40 41
16 41 39
15 41 40
14 39 41
15 40 42
16 39 43
18 40 43
18 40 45
18 40 45
19 43 47
22 44 48
24 39 48
28 41 51
29 41 51
30 42 49
31 42 52
34 40 49
34 45 52
36 42 52
35 41 49
35 43 52
36 42 51
35 41 50
36 40 47
34 42 48
32 43 49
32 42 49
33 42 49
32 46 50
34 43 50
34 45 47
33 45 50
32 44 49
34 43 50
31 41 52
32 44 51
35 42 50
35 38 52
33 40 51
33 41 51
34 41 51
33 40 52
33 42 50
32 41 52
35 40 52
33 41 50
32 41 51
33 40 51
34 41 52
34 42 51
33 41 51
32 40 52
33 41 51
34 41 51
33 41 51
34 41 51
33 41 52
33 40 51
34 41 51
34 40 50
33 42 51
33 41 51
33 41 52
33 41 51
34 42 51
34 39 50
32 40 51
33 42 51
33 40 51
33 41 50
34 41 51
33 41 52
33 40 51
33 41 51
34 41 51
33 41 50
33 41 51
33 40 50
34 41 51
34 41 52
34 41 51
