12 38 33
13 38 34
13 36 34
12 37 34
12 38 34
11 37 34
12 37 34
13 38 34
12 38 34
12 38 34
13 37 33
11 37 33
12 37 35
12 38 34
12 37 34
12 37 35
12 37 34
12 38 33
13 37 35
12 38 34
12 38 35
12 37 34
11 38 34
12 37 34
13 38 34
12 38 34
12 38 34
13 39 34
14 38 32
14 38 32
16 39 31
15 37 30
16 36 30
14 35 32
11 38 31
10 42 30
9 47 40
19 37 35
24 43 37
18 45 38
15 39 38
14 45 36
21 43 38
20 44 41
16 49 57
29 53 60
32 46 53
36 41 56
41 43 46
46 37 47
44 50 55
43 41 45
38 50 48
36 42 44
28 51 48
26 38 47
21 41 47
25 31 47
24 33 49
25 41 60
25 35 51
27 44 51
29 45 49
29 46 47
28 47 48
28 45 47
28 47 47
28 46 47
28 45 50
27 45 48
27 45 48
28 44 47
26 45 48
28 45 48
28 46 48
27 44 48
27 44 48
26 44 47
27 45 49
27 45 48
27 45 48
26 44 48
27 46 48
28 45 47
27 45 47
27 46 48
27 44 48
28 45 48
28 46 48
27 46 48
29 46 47
26 44 49
27 45 48
27 45 49
