14 43 33
12 39 35
13 41 34
13 41 31
13 41 33
15 39 34
14 40 33
13 42 33
13 41 32
14 41 33
13 41 34
14 41 33
13 42 33
13 41 33
14 41 33
14 41 33
14 41 34
13 42 33
13 41 33
14 41 34
13 42 33
13 42 34
13 42 33
13 42 34
14 41 33
14 40 33
14 41 33
14 40 32
13 41 31
13 42 32
14 43 32
16 42 30
17 41 30
15 40 30
14 43 28
14 42 31
16 39 28
16 42 33
17 48 31
17 45 28
16 45 27
18 47 29
18 47 29
18 48 28
21 48 28
21 50 29
19 51 31
21 49 33
22 49 37
22 52 41
24 53 48
29 51 50
29 45 41
28 46 46
26 39 46
25 39 55
28 42 49
30 43 48
33 43 51
33 46 50
27 45 48
26 47 45
28 45 48
27 45 48
29 46 48
30 45 48
27 45 49
28 45 48
27 45 47
29 46 48
29 46 48
28 45 48
29 45 48
28 46 48
29 46 48
29 46 48
27 45 48
29 45 47
29 46 48
28 46 47
30 45 48
28 45 47
29 45 48
29 46 48
28 46 48
29 45 48
28 46 48
28 46 47
28 46 48
29 47 47
29 46 47
28 45 47
30 45 48
29 44 48
29 46 47
28 46 48
30 48 48
29 46 49
31 47 48
29 45 47
29 46 48
30 46 47
28 46 46
29 45 48
30 46 48
29 45 47
29 46 47
29 46 47
28 46 48
30 46 48
31 46 48
29 47 47
29 46 47
29 47 48
