13 36 32
12 36 34
11 37 33
13 37 35
13 36 34
12 35 32
12 37 34
12 37 34
12 36 34
11 37 35
13 37 35
12 38 34
13 38 34
11 36 34
10 37 34
11 37 35
13 36 36
14 36 35
15 38 34
12 37 35
12 37 35
11 36 35
13 36 34
14 34 35
16 35 34
14 37 34
15 36 32
16 35 30
15 34 30
13 34 30
14 33 29
13 34 26
12 32 31
0 40 30
5 41 41
12 43 35
10 44 42
23 42 54
24 42 63
24 34 51
24 34 45
25 36 41
22 40 50
28 31 60
25 30 54
22 29 50
21 31 46
19 35 42
19 29 47
21 33 50
22 27 52
20 32 52
20 30 51
22 34 55
20 30 63
21 30 46
23 33 41
25 33 43
22 34 48
23 37 58
30 33 48
39 29 48
45 29 54
27 32 48
24 35 58
25 48 51
27 46 49
29 36 51
28 37 52
28 39 52
28 40 51
28 39 51
28 40 51
27 40 51
27 39 52
26 38 52
26 38 51
28 39 52
27 39 51
28 38 51
27 39 51
28 39 52
26 39 51
27 38 51
27 39 52
28 39 51
27 38 51
28 36 51
29 38 52
29 38 52
27 39 52
27 36 53
29 37 51
29 36 51
29 37 52
28 38 51
26 37 51
29 38 52
27 38 51
27 39 51
28 40 51
27 40 51
27 40 50
28 41 51
27 40 50
27 39 51
