14 36 32
12 36 32
13 36 32
15 37 31
15 36 32
15 36 33
16 36 34
11 36 23
7 32 21
0 41 56
22 54 27
21 41 35
13 45 37
15 45 37
17 43 38
16 39 42
17 42 40
20 43 40
27 43 52
36 42 59
42 46 58
36 50 49
34 47 53
32 42 45
32 47 53
38 36 55
42 41 49
37 47 49
40 41 46
38 41 50
33 41 52
28 41 51
23 36 48
20 39 46
25 39 45
30 47 47
26 46 51
26 51 52
29 46 51
27 43 48
25 45 51
24 44 50
26 43 50
27 44 49
26 43 49
27 43 48
26 45 48
27 45 49
27 44 49
27 44 50
28 45 51
29 44 50
28 42 50
31 41 50
29 42 50
30 42 50
30 42 51
30 42 50
30 41 50
30 41 49
30 42 51
30 42 51
30 41 51
30 41 50
29 42 51
29 42 51
30 42 50
29 42 49
30 42 50
30 43 51
29 43 51
29 43 51
30 42 51
31 42 49
30 42 50
29 42 51
28 43 50
30 42 51
