15 40 40
15 40 40
16 41 41
14 40 41
15 39 40
16 40 40
14 39 40
15 41 41
15 40 40
15 40 40
15 40 41
15 40 40
15 41 40
15 42 40
15 41 41
15 43 39
17 39 40
15 42 40
14 40 39
17 41 39
16 39 39
18 37 37
18 40 38
16 38 36
15 40 35
14 39 36
11 39 36
12 40 38
12 40 38
11 41 38
12 41 38
11 42 38
12 42 38
13 42 43
16 43 42
18 43 43
20 43 46
19 42 45
19 42 45
20 44 45
19 44 45
22 41 48
20 46 48
21 45 45
23 42 46
23 38 46
21 38 48
20 37 48
21 36 50
21 30 49
24 32 50
24 39 49
21 44 48
21 43 47
21 40 47
23 40 48
23 40 47
23 39 48
23 39 47
22 39 50
22 40 48
22 42 49
22 39 48
21 39 48
21 39 48
21 40 49
22 41 48
23 43 48
23 40 48
22 40 49
22 40 49
22 39 47
21 40 48
21 40 48
21 42 48
22 42 47
22 40 48
23 41 48
22 41 48
22 40 48
22 40 48
22 40 48
23 40 48
22 41 49
22 40 49
23 40 47
22 41 48
23 40 49
23 40 49
