17 47 37
16 47 31
17 45 31
17 47 31
17 47 31
16 46 32
18 45 31
16 46 32
17 46 31
17 46 32
17 47 30
17 46 31
17 46 31
16 46 31
17 47 31
16 47 32
17 47 31
16 45 31
17 46 31
17 46 30
17 47 31
16 46 30
17 47 31
15 46 32
16 47 32
17 46 32
16 45 32
16 46 31
17 45 32
16 45 32
15 46 32
15 44 32
16 45 31
17 46 30
15 44 30
16 44 30
15 43 30
15 42 29
30 38 28
11 38 31
14 38 28
14 36 26
14 38 27
15 36 26
14 35 25
13 34 22
12 33 23
13 33 24
15 33 25
13 31 24
13 28 24
14 29 24
14 30 26
12 32 27
14 32 29
13 33 30
12 35 31
11 38 32
11 40 33
11 42 35
11 42 38
13 43 42
17 44 43
19 42 43
20 44 43
20 44 46
20 45 47
22 44 47
24 43 48
24 46 51
25 41 49
21 44 42
22 43 46
21 46 50
23 45 48
22 43 46
23 45 45
22 43 46
24 45 45
24 45 46
23 46 44
25 47 47
23 46 48
25 46 46
27 46 45
26 47 47
26 46 47
25 46 46
27 44 47
25 44 47
27 43 48
24 44 47
25 46 48
25 45 48
26 47 47
25 45 47
25 45 46
25 45 48
25 45 46
25 45 48
25 47 46
26 45 47
26 45 47
25 45 47
26 46 47
25 46 47
26 46 47
25 45 48
25 45 48
25 45 47
25 45 47
25 46 48
25 45 47
24 45 47
25 45 47
26 44 48
25 45 47
24 47 47
26 46 47
25 45 48
25 45 46
24 44 47
25 45 46
25 46 47
25 46 46
25 45 48
25 45 47
25 46 47
25 45 47
26 45 46
25 45 47
24 46 47
25 45 48
26 45 47
26 45 47
25 45 48
26 45 46
25 47 48
26 45 47
25 45 47
24 45 47
26 45 47
25 46 47
26 46 47
24 45 47
26 45 47
25 44 46
25 46 47
24 46 46
25 43 47
26 46 47
24 45 46
27 44 47
25 45 47
24 44 46
26 46 47
25 46 47
25 44 47
26 46 47
26 44 47
25 44 47
25 45 46
26 45 47
26 45 48
25 44 46
26 45 47
25 46 47
26 45 47
24 45 47
24 44 46
27 45 47
25 44 47
25 45 47
25 44 46
25 45 47
24 45 47
26 45 47
25 44 47
26 46 47
25 44 48
25 46 48
25 47 46
23 44 47
25 45 48
25 45 47
26 45 47
