22 36 49
21 35 49
22 34 49
21 36 50
22 35 48
21 34 49
22 36 49
22 34 49
21 35 49
22 35 50
21 35 49
22 35 49
22 37 49
21 34 49
23 35 49
21 35 50
21 34 49
22 35 50
21 35 49
21 34 49
21 36 49
21 37 49
21 35 49
21 35 49
21 35 49
20 35 49
21 34 49
20 34 49
20 36 50
22 34 49
21 34 49
21 35 49
21 35 49
18 33 50
19 33 50
20 32 49
20 31 47
20 32 48
21 32 48
22 31 48
22 33 49
23 32 48
23 29 53
22 31 49
23 30 51
23 32 52
26 29 58
28 31 51
28 31 52
30 30 52
31 30 54
34 31 53
36 31 52
36 31 53
35 29 52
35 31 55
34 29 52
34 27 55
33 29 52
33 29 51
34 28 53
34 28 53
34 30 52
34 29 52
34 29 53
34 29 52
35 31 53
35 30 52
36 30 53
35 30 52
36 32 53
37 32 52
37 32 52
37 33 53
36 33 52
37 33 53
36 31 51
38 32 53
37 32 53
36 33 53
38 32 52
37 32 52
38 32 52
37 34 53
37 32 52
38 32 53
37 33 52
38 32 52
38 34 53
37 33 52
37 33 52
36 33 53
37 32 53
38 33 53
36 33 52
37 33 52
36 33 53
38 32 52
38 32 53
37 32 53
37 34 53
38 33 52
37 33 52
37 32 52
37 33 53
37 31 52
38 34 52
37 32 53
