12 37 34
13 40 33
14 38 34
14 38 34
13 40 33
12 41 34
11 38 35
12 40 35
12 38 35
13 38 34
14 38 36
13 41 35
14 42 35
13 42 36
12 44 34
13 42 34
14 42 35
15 41 34
14 42 34
13 42 36
12 43 35
14 43 34
13 41 34
13 40 35
14 41 35
15 41 35
13 40 36
14 41 35
14 41 35
13 40 34
13 40 36
14 40 35
13 41 35
14 41 34
14 39 34
13 41 35
13 40 34
13 41 36
13 40 35
13 40 34
13 41 34
14 39 35
13 40 34
13 40 35
12 40 35
13 40 35
13 41 35
13 40 34
14 39 33
12 40 35
13 40 34
13 41 34
12 40 34
13 41 34
14 40 34
13 40 33
13 40 35
13 39 34
13 40 34
14 40 34
13 40 35
13 40 35
14 40 34
13 41 35
13 39 34
13 40 35
13 40 34
13 40 35
11 40 35
13 41 34
13 39 35
14 40 34
14 41 34
12 41 34
12 40 34
13 40 34
13 40 34
13 41 35
13 40 34
12 41 35
14 40 34
13 38 35
13 41 35
13 39 35
12 39 35
13 39 34
13 40 34
14 41 34
14 40 35
13 40 34
13 40 36
13 40 34
13 41 35
13 40 36
12 40 35
13 41 35
13 40 34
13 41 34
14 41 34
13 41 34
13 40 34
12 40 34
13 41 35
13 42 34
14 41 35
13 39 34
13 39 35
14 40 36
13 40 33
12 39 35
14 39 34
14 40 34
15 41 34
14 40 33
13 39 32
14 39 33
13 41 33
13 40 32
12 40 32
14 40 32
13 42 32
12 40 31
12 41 31
13 40 32
11 40 33
12 40 33
12 40 33
12 39 33
12 39 33
13 40 32
13 40 31
15 38 29
14 39 28
16 38 27
16 39 25
14 43 23
16 40 23
17 38 23
15 40 23
17 42 24
16 46 25
17 45 24
20 45 30
21 54 29
25 52 22
24 50 21
24 51 24
26 49 22
31 55 24
40 48 32
44 55 50
40 56 49
43 48 43
41 50 38
38 51 39
36 58 39
36 53 45
39 52 41
38 49 41
39 48 39
37 49 39
36 51 37
36 54 34
33 59 32
35 57 34
37 53 37
35 47 38
33 41 31
34 56 34
35 54 40
31 52 41
30 55 33
30 55 31
35 56 31
29 54 35
27 54 29
28 52 28
30 52 30
34 51 33
33 53 36
32 55 37
33 53 36
32 52 34
31 54 36
32 54 36
29 54 36
29 52 37
31 53 35
31 51 38
31 52 37
32 54 37
31 55 37
30 55 37
32 53 37
31 51 36
33 53 37
32 53 37
32 53 37
32 54 36
32 53 35
33 54 36
32 53 37
33 53 36
31 53 38
31 53 37
31 53 37
32 53 38
32 53 36
32 52 37
33 52 37
32 53 36
32 54 37
31 52 36
32 53 36
32 51 37
32 53 37
32 53 36
31 53 37
31 53 38
32 53 37
33 53 37
32 53 36
32 53 37
32 52 37
33 53 37
32 53 36
33 53 37
32 53 37
32 53 37
32 52 36
32 52 37
33 53 36
32 53 37
33 53 38
31 53 38
31 53 36
32 53 37
32 53 37
33 53 37
32 52 36
31 54 36
33 52 36
32 53 37
32 53 37
31 52 38
32 53 38
31 52 37
32 53 37
32 53 38
32 53 37
33 53 36
31 52 37
32 52 36
32 53 37
32 53 37
31 53 37
32 53 36
32 53 37
32 53 37
32 53 37
31 54 37
32 53 36
32 52 37
32 52 38
31 52 37
32 53 37
32 53 37
32 53 37
33 53 37
31 52 37
32 53 37
32 51 36
31 53 37
32 53 37
31 53 36
31 53 37
32 52 35
31 54 37
33 52 38
32 53 38
32 53 37
31 54 37
32 53 38
32 53 37
32 53 36
32 54 37
32 53 36
32 54 37
32 52 37
32 53 37
32 54 37
31 53 37
31 53 37
32 54 37
33 53 36
32 53 38
32 53 37
31 52 37
32 53 37
32 54 37
31 53 37
32 53 37
32 54 36
33 53 36
32 52 38
32 53 37
32 53 37
31 54 37
31 52 38
32 54 38
31 53 36
31 53 38
32 54 38
32 51 37
31 52 37
31 53 37
33 53 37
31 53 37
32 52 36
32 53 36
32 54 37
32 54 37
32 52 37
32 52 38
32 53 37
32 52 37
32 53 37
32 53 38
32 55 39
31 54 38
32 51 34
34 52 35
33 53 35
32 53 37
34 53 36
34 52 37
33 53 38
32 53 37
33 52 37
33 52 39
33 53 37
32 54 37
33 53 38
31 52 38
32 53 38
33 53 38
