14 39 40
14 38 40
15 39 41
12 39 40
13 41 42
15 39 40
14 39 40
14 39 41
14 38 40
15 38 40
15 39 40
15 40 40
14 39 41
14 39 39
14 39 42
14 38 41
14 40 40
15 40 40
15 39 40
15 39 41
13 40 41
14 40 41
14 39 41
14 39 41
14 39 40
14 40 40
15 40 42
15 39 41
15 38 40
15 38 41
14 40 40
17 40 41
16 40 40
14 39 41
14 39 41
15 40 41
15 40 41
14 39 40
14 39 40
14 40 41
16 40 41
15 39 41
15 40 41
14 39 41
14 41 42
15 38 41
15 39 41
15 39 41
14 38 42
15 40 41
15 41 41
14 40 40
14 38 41
15 40 40
16 38 41
14 39 40
14 41 41
14 38 40
15 39 41
15 40 41
14 40 40
14 39 40
15 39 40
13 40 40
14 39 41
15 39 40
13 39 41
14 40 40
14 38 41
15 38 41
13 39 41
16 39 41
14 40 42
14 38 42
15 40 41
15 38 41
15 40 41
15 37 41
20 41 43
18 39 44
21 40 46
19 40 45
24 40 48
25 41 50
27 42 54
29 38 51
30 40 50
32 44 51
33 40 51
35 43 50
35 38 51
36 36 51
34 40 49
34 37 52
34 43 53
35 42 51
33 42 51
29 43 45
32 46 49
35 38 50
34 47 49
33 40 51
34 45 50
35 43 49
34 42 50
34 42 50
34 43 51
32 45 50
33 44 50
34 41 51
34 42 51
34 43 51
33 41 51
33 42 51
34 42 51
34 41 50
34 42 52
35 42 51
34 43 50
34 42 50
34 41 50
33 41 50
34 42 50
33 42 50
35 42 51
34 42 51
35 42 50
34 43 50
33 43 50
33 42 51
34 42 51
33 41 51
34 42 51
34 41 51
33 43 51
34 42 51
34 42 51
33 41 51
33 41 50
34 41 51
35 41 50
34 42 50
34 42 51
33 41 52
34 42 51
34 42 52
34 43 51
33 42 50
33 42 50
34 42 50
33 42 51
