13 38 37
13 38 37
13 38 37
13 38 36
13 39 38
12 39 36
12 38 36
13 38 37
14 38 37
12 39 37
13 38 38
13 39 36
14 38 36
13 39 37
12 39 37
13 38 36
13 38 37
14 38 36
13 38 37
13 38 38
13 38 36
12 38 38
14 38 37
14 39 37
13 40 35
15 41 35
14 39 35
15 39 34
16 39 33
17 37 32
16 40 33
15 39 33
14 39 34
11 41 36
9 37 34
8 47 39
9 40 36
13 45 40
16 41 44
17 40 46
19 44 45
20 43 48
24 41 49
30 41 51
32 38 52
32 38 52
31 37 54
34 36 53
33 33 55
31 32 55
32 31 54
32 32 52
31 32 52
31 33 49
25 36 51
22 37 52
30 42 52
28 39 52
29 40 51
28 42 52
28 40 50
27 39 51
28 39 50
29 40 53
29 40 52
29 40 52
28 41 51
28 40 51
28 38 52
29 40 52
27 39 53
27 39 52
27 40 51
27 40 50
26 40 52
25 39 50
27 41 51
27 40 50
27 39 51
27 39 51
27 39 51
27 38 51
26 40 51
27 39 51
27 40 51
27 40 52
27 39 52
26 41 50
27 39 51
27 39 51
27 39 51
28 40 51
28 41 51
27 40 51
27 40 51
28 40 50
27 40 50
26 39 51
27 40 52
27 40 51
27 39 51
26 39 51
27 40 51
27 42 51
27 39 51
26 39 51
26 40 51
26 40 52
27 40 51
