17 33 28
16 45 29
17 45 29
17 45 29
16 45 29
17 45 29
16 46 29
18 46 29
16 46 29
17 45 29
18 46 29
16 45 29
16 44 28
18 45 30
17 45 29
17 46 27
18 46 29
16 46 29
17 46 29
16 46 29
18 47 29
16 46 29
16 45 29
18 47 29
16 45 29
16 46 28
16 45 29
17 44 29
17 47 29
17 45 28
18 46 28
17 45 29
17 46 29
17 45 29
18 46 28
16 46 29
16 45 29
17 46 28
17 46 29
16 45 29
17 46 29
17 46 29
18 46 28
17 45 29
16 45 29
16 45 28
15 46 28
13 46 30
13 44 31
17 46 30
19 45 30
18 49 32
19 46 33
18 45 31
17 43 36
18 39 35
18 36 34
20 36 34
15 42 34
13 39 31
14 35 31
12 34 29
10 34 27
7 39 33
10 37 31
11 37 33
12 40 31
13 41 30
11 40 36
12 39 35
14 43 35
14 44 36
14 43 36
13 41 38
15 45 39
18 46 40
19 48 40
20 48 41
20 45 43
25 46 45
27 47 48
31 45 50
32 44 51
33 44 54
30 41 51
27 48 51
26 46 47
28 45 47
33 43 46
32 45 49
34 41 54
31 42 53
32 44 48
32 51 42
34 49 45
33 51 46
31 51 45
32 49 43
30 50 44
31 50 45
32 48 47
34 49 48
33 46 47
32 51 42
32 47 48
32 37 52
31 44 49
30 41 50
30 46 50
31 48 51
32 44 51
32 41 52
36 44 48
36 42 49
35 41 50
32 40 50
31 44 53
32 45 51
29 41 51
27 39 50
23 47 50
28 36 54
27 37 51
27 38 52
24 37 51
28 37 51
25 34 52
26 35 51
26 34 51
25 35 51
26 36 51
25 34 53
25 38 51
26 36 52
26 35 53
25 34 53
25 41 49
25 33 52
24 35 53
23 37 49
27 37 44
29 40 44
28 46 55
25 30 55
30 29 55
27 26 57
26 37 51
29 36 53
28 33 52
28 35 52
27 34 52
28 34 53
27 36 52
27 35 52
28 35 52
28 35 51
28 36 52
27 35 52
28 35 52
29 34 53
27 35 52
27 34 53
28 35 53
27 36 53
28 36 53
28 34 52
27 35 53
29 36 52
28 35 53
28 36 53
28 35 52
27 36 52
28 35 53
27 35 51
27 34 53
27 35 52
29 34 53
28 37 52
28 35 52
27 35 52
27 35 52
27 35 52
27 35 52
29 34 53
28 35 53
27 36 51
28 35 52
28 35 52
26 36 52
27 34 52
27 35 52
27 36 53
29 35 52
27 34 51
28 36 53
28 36 52
