11 33 33
12 32 30
12 34 29
12 32 30
10 32 32
11 33 32
11 34 28
14 32 31
12 33 33
10 33 34
10 36 35
12 36 35
12 35 34
13 35 35
13 35 35
13 36 35
14 36 35
12 35 36
11 36 36
12 35 35
12 36 35
12 36 36
11 37 36
12 36 35
12 36 37
13 37 35
11 37 36
13 36 35
12 36 36
13 36 37
12 37 36
11 38 36
12 37 36
12 37 35
12 37 34
12 34 36
14 34 36
14 33 35
16 32 35
15 33 35
13 32 33
10 30 30
10 33 33
11 36 31
9 29 35
16 39 42
12 40 43
15 44 47
26 43 51
30 51 56
31 43 50
29 41 50
29 44 48
29 41 53
32 38 49
32 45 51
32 43 51
31 40 50
31 41 51
31 42 51
32 41 51
31 42 51
30 42 50
32 42 51
31 41 51
31 42 52
31 42 51
31 41 50
32 41 51
32 42 51
31 42 51
32 40 51
31 42 52
31 41 51
31 42 51
31 41 50
32 42 51
31 42 50
32 41 51
32 41 50
31 43 51
31 42 51
30 41 50
31 42 51
32 42 51
31 40 50
31 41 51
31 42 51
32 42 51
31 43 50
32 41 50
31 42 51
