14 29 25
13 25 28
8 28 24
14 29 27
12 28 31
8 27 31
14 30 27
11 30 29
11 29 30
11 34 33
12 33 33
10 32 33
11 35 34
11 35 34
13 34 39
13 36 38
13 38 39
14 38 41
14 37 43
15 42 42
18 37 44
17 39 43
20 36 45
22 39 45
22 39 45
25 44 61
25 39 51
29 35 55
31 27 56
28 33 51
28 34 53
29 32 53
27 33 52
28 34 52
30 32 53
30 34 52
29 34 52
30 34 52
29 34 53
30 34 53
28 33 53
29 33 52
29 33 52
29 33 52
28 33 52
29 34 53
28 33 53
29 32 53
30 33 53
29 33 52
30 34 52
30 32 52
29 35 53
29 34 51
28 32 52
29 34 53
29 33 52
29 32 53
29 33 52
29 34 53
29 33 52
30 33 53
29 33 53
29 33 52
28 33 52
28 33 53
29 33 52
29 34 52
28 34 52
28 34 52
29 32 52
28 34 52
28 34 53
30 34 52
29 33 51
29 35 53
31 35 53
27 33 51
