13 38 34
12 38 35
13 38 36
13 38 35
14 37 34
12 39 35
12 41 35
13 41 34
15 41 35
16 40 35
17 39 33
14 39 33
16 38 33
14 39 33
14 42 32
15 40 32
11 50 47
19 41 32
17 47 38
19 46 35
20 43 37
21 43 43
26 50 48
30 50 53
29 46 58
27 37 60
30 34 56
36 38 51
37 44 47
39 47 47
36 46 48
36 41 54
35 42 49
33 45 54
33 41 48
33 45 50
36 44 52
36 40 49
36 42 51
34 44 49
34 43 48
35 44 52
35 42 50
33 44 50
34 42 49
34 51 53
32 47 47
37 40 47
37 47 45
40 49 44
35 46 38
37 52 40
36 51 42
37 53 42
34 47 41
36 52 42
36 50 45
36 51 40
34 51 43
35 50 46
37 49 46
35 48 45
36 46 46
36 48 46
36 46 51
37 43 47
35 46 47
36 48 46
34 46 48
35 48 47
34 49 46
35 47 48
35 46 48
35 48 46
34 48 47
35 47 47
35 47 48
35 47 47
