13 41 31
12 40 31
14 41 31
13 39 33
14 39 33
13 40 33
12 40 34
12 40 34
13 40 33
14 41 32
13 40 33
13 40 33
12 39 32
13 40 33
12 39 33
14 39 32
12 40 32
13 39 32
11 40 34
12 39 33
13 40 34
13 40 34
14 40 34
11 41 32
13 41 33
14 40 32
13 41 32
12 41 32
14 41 33
12 41 32
13 40 33
14 43 34
16 42 36
17 42 34
19 41 31
18 37 28
10 43 37
9 40 23
10 46 37
17 45 31
18 48 34
14 44 30
19 45 34
19 46 34
18 47 40
16 52 40
17 57 45
20 50 44
24 45 42
27 41 41
21 43 42
22 47 45
25 46 48
28 45 47
28 45 48
26 49 49
27 47 46
26 48 49
27 47 46
27 46 47
27 46 46
26 47 46
26 48 47
27 47 45
26 48 46
29 47 45
26 47 47
26 47 46
26 48 47
27 47 46
26 47 46
26 46 46
27 46 46
27 47 45
27 47 47
27 47 47
26 47 46
27 48 46
25 47 46
