14 38 36
13 38 35
15 39 35
15 40 35
14 37 34
15 38 34
15 39 34
15 39 32
12 38 30
10 40 31
11 42 33
13 42 33
15 45 37
16 44 37
14 44 38
15 42 38
16 45 40
16 46 40
17 48 41
19 48 42
24 44 45
28 50 46
28 48 46
30 49 46
34 47 47
34 44 49
35 44 50
35 42 52
31 42 52
26 46 51
29 42 52
31 39 51
35 38 50
37 37 50
37 39 50
36 35 50
39 33 52
35 37 53
30 36 52
32 40 50
32 36 52
32 39 56
33 39 56
34 42 53
32 39 52
31 38 52
32 37 53
33 40 51
33 39 51
32 40 52
33 39 52
32 38 52
31 37 53
33 36 52
33 39 52
32 38 52
32 37 53
33 38 51
34 38 52
32 37 52
33 36 51
33 38 53
33 37 53
33 37 53
32 37 52
32 38 53
34 37 52
33 37 52
33 38 52
32 37 53
32 37 52
32 38 52
32 39 52
32 39 53
32 38 52
33 38 53
33 38 52
33 38 51
