9 33 29
10 35 30
11 34 30
13 35 31
14 36 32
14 37 31
12 38 33
12 37 33
14 37 34
13 37 34
13 37 35
12 37 36
12 38 34
11 37 34
11 38 35
12 38 35
13 37 34
12 37 34
12 37 35
13 37 35
14 39 35
12 38 34
12 36 35
11 38 35
13 35 36
12 36 36
10 37 35
13 38 35
12 39 34
13 38 34
12 38 35
12 38 36
11 37 36
11 37 35
14 37 35
13 37 34
14 36 33
14 36 33
15 34 32
17 35 31
18 34 31
16 33 30
15 34 31
12 34 29
9 31 23
9 33 27
7 35 23
3 34 28
12 32 30
16 35 39
10 37 35
11 41 34
29 39 33
11 43 51
8 43 55
30 33 54
29 40 51
30 46 48
28 60 43
32 55 43
38 49 42
38 42 45
33 46 52
34 35 49
27 38 46
25 39 41
26 37 46
27 37 53
30 51 58
29 27 45
30 45 52
30 44 49
31 41 50
29 43 49
30 41 51
31 41 51
30 42 50
31 41 51
30 42 50
31 42 50
30 41 50
29 41 51
30 42 51
30 41 51
30 41 50
30 42 51
29 43 50
30 42 50
30 42 51
30 42 50
30 42 50
30 42 51
30 42 51
30 43 51
29 43 51
30 42 51
