12 37 35
12 38 34
13 36 34
11 37 35
12 37 34
11 38 34
12 37 34
13 36 34
12 37 34
12 37 34
12 37 33
12 38 34
12 36 35
11 37 35
12 40 36
11 36 37
12 38 35
14 38 34
13 38 31
12 38 31
12 39 36
12 36 35
12 29 35
14 35 36
14 34 34
16 36 36
16 34 35
18 38 34
20 42 31
0 24 35
14 51 30
21 47 37
10 39 38
14 47 32
15 44 34
15 46 34
14 47 36
16 43 38
15 42 40
9 44 43
7 40 52
14 33 53
19 30 47
20 35 49
21 37 47
21 34 52
23 32 54
24 29 50
27 30 45
30 27 43
30 31 46
26 31 49
23 37 48
17 40 45
19 39 45
19 39 49
20 40 49
19 63 62
20 33 51
24 41 49
24 44 50
22 43 47
23 43 49
24 43 49
25 45 47
23 48 45
22 45 46
24 45 46
23 45 45
24 45 46
24 46 47
24 45 46
24 44 47
24 45 47
24 44 46
25 46 46
25 45 46
25 45 47
25 46 47
24 44 47
24 43 48
25 45 47
25 44 46
24 45 47
24 44 47
25 45 46
24 45 47
24 45 47
