11 33 27
11 32 28
11 32 28
12 32 29
12 32 28
12 33 28
11 33 29
12 33 29
11 35 31
11 34 30
11 34 31
12 35 30
13 34 30
12 35 31
13 35 31
12 34 31
10 36 33
11 36 32
12 34 32
12 37 32
11 38 32
12 37 32
11 35 33
12 37 32
11 37 32
13 36 33
12 37 32
12 36 33
13 37 34
12 37 33
12 38 34
12 37 33
11 38 33
11 37 33
12 37 34
13 36 33
13 35 33
12 36 32
10 36 32
12 36 32
12 34 32
11 36 32
12 33 32
12 34 32
11 32 31
11 30 31
10 30 30
14 29 29
15 30 28
13 30 27
10 30 26
13 27 27
13 28 28
12 25 28
12 24 27
13 24 27
13 24 26
13 23 27
12 23 26
14 22 25
12 24 22
13 24 24
14 23 26
10 21 26
11 25 29
11 32 24
14 26 20
12 30 28
14 31 26
6 31 33
12 37 30
12 34 28
10 33 29
12 36 29
12 34 32
12 35 33
12 37 33
12 39 36
13 41 35
16 42 40
16 38 38
16 41 41
19 41 43
23 43 42
24 55 47
25 50 44
25 40 44
23 44 50
26 36 49
23 44 51
24 44 50
26 47 46
23 46 45
23 47 50
23 42 51
22 45 54
25 43 48
25 45 47
25 43 48
24 42 46
24 43 48
23 42 48
24 42 48
24 43 48
23 43 48
23 43 48
26 43 48
24 42 48
25 43 48
24 43 49
25 42 48
23 43 47
24 43 47
25 44 48
23 43 48
25 43 48
24 43 48
23 43 47
25 43 48
25 43 49
25 43 48
24 43 48
24 42 48
25 42 47
25 43 48
24 43 48
25 42 48
23 43 49
24 43 48
25 43 47
24 41 48
25 42 47
23 43 48
24 43 47
23 43 48
