15 11 31
12 32 34
12 32 33
13 34 33
12 35 34
12 36 36
11 34 37
12 36 37
11 36 36
12 35 34
11 36 35
12 36 36
12 36 36
12 36 35
13 37 34
12 36 35
13 37 35
11 37 36
12 37 35
12 37 33
12 36 36
12 36 34
12 38 34
12 36 34
12 35 33
12 35 33
14 34 32
14 34 30
13 36 29
13 35 30
13 32 30
12 33 28
10 28 31
10 32 33
10 31 28
11 26 26
14 28 27
9 29 28
12 28 29
13 31 26
13 29 27
11 30 27
10 29 29
10 31 31
11 33 30
12 36 33
13 39 33
15 39 35
21 38 37
23 36 44
23 41 60
31 43 57
31 30 57
31 31 50
31 42 50
32 38 54
32 36 52
31 36 53
31 39 53
30 36 53
31 36 52
31 35 53
31 35 53
31 34 53
31 35 53
30 35 52
31 35 52
31 36 53
31 34 53
31 34 51
30 34 53
31 34 53
31 33 53
31 35 52
32 35 52
32 34 52
31 35 52
31 34 53
31 35 52
31 34 53
31 34 52
31 36 53
31 34 52
32 35 52
32 36 52
31 35 53
31 35 53
30 35 53
31 35 52
32 35 53
31 35 53
31 34 54
30 34 54
32 35 52
31 34 52
32 35 53
30 34 53
31 36 53
31 33 53
31 34 53
