13 38 37
12 38 37
13 38 37
13 38 37
13 37 38
12 38 36
14 38 35
13 39 36
13 37 36
14 38 37
13 38 36
13 39 36
13 39 36
12 39 37
14 39 38
13 40 35
14 41 35
14 39 33
17 39 34
16 38 34
15 39 32
14 40 31
14 39 32
13 40 32
14 43 31
13 43 28
15 44 29
14 43 33
13 38 29
12 43 34
14 49 35
14 45 40
18 45 41
20 48 40
23 50 42
28 49 43
32 49 46
37 51 45
40 49 46
46 43 51
42 41 50
30 46 53
24 48 51
32 41 49
40 35 51
37 38 53
38 35 52
41 33 50
38 33 48
36 36 49
33 36 48
31 45 55
32 34 62
33 35 52
33 36 51
30 37 54
28 35 52
31 36 54
32 37 52
32 37 52
32 38 52
30 36 52
32 35 53
31 36 53
31 37 53
32 37 53
31 37 52
30 37 52
31 37 52
32 36 52
32 38 52
32 38 52
31 37 52
31 36 52
30 37 52
31 36 53
31 36 52
31 36 52
31 36 52
31 36 52
30 38 52
31 37 53
31 37 51
32 37 53
32 37 52
