12 37 36
12 38 35
12 36 36
12 38 35
13 37 34
13 37 35
13 37 35
12 38 34
11 37 36
11 37 36
12 38 35
12 37 34
13 39 34
13 36 33
14 34 35
16 37 35
19 36 32
19 36 28
12 33 21
1 37 28
0 40 54
16 49 37
22 50 33
12 37 37
11 39 35
17 38 38
15 44 32
23 37 39
19 46 38
19 50 47
31 57 59
35 49 52
36 43 49
33 44 55
43 37 56
45 47 53
45 47 54
48 40 48
42 43 45
40 36 41
35 36 43
31 32 44
27 32 47
23 36 48
27 44 47
25 44 51
27 53 57
18 34 52
21 43 48
23 42 49
26 40 49
25 46 48
20 42 46
18 40 46
24 41 48
19 41 50
19 42 48
21 42 48
22 40 47
25 41 48
25 40 48
25 43 48
23 43 48
24 42 47
23 43 47
21 43 48
22 42 48
21 43 48
22 42 48
23 41 47
24 42 48
23 41 47
23 42 48
22 41 48
22 43 49
23 40 47
22 42 48
23 41 47
24 42 47
24 43 47
24 42 48
24 42 48
24 43 49
24 42 47
22 42 49
24 42 49
22 40 48
22 42 48
22 42 49
23 42 48
23 42 48
24 43 47
23 42 48
23 42 48
24 41 49
22 42 48
