13 38 33
13 38 33
12 38 32
12 40 33
12 38 33
12 38 33
11 41 34
13 39 34
13 38 33
12 39 33
13 39 33
13 38 33
11 39 32
12 40 33
13 40 33
13 39 33
13 37 33
13 39 33
13 38 34
13 40 32
13 39 34
13 39 33
12 40 32
14 38 33
12 38 32
13 39 33
13 39 33
12 38 33
13 38 33
13 39 33
12 39 34
12 39 33
12 40 33
13 38 33
12 39 33
12 40 34
12 39 32
12 39 32
13 39 33
13 40 34
11 39 33
12 39 33
13 38 33
14 39 33
11 39 34
12 39 32
13 39 32
12 39 32
12 37 31
13 37 32
14 37 32
14 37 32
15 35 33
15 34 33
16 36 34
14 34 33
16 34 33
15 35 32
14 33 30
15 32 27
13 32 24
12 31 20
11 31 21
10 30 22
10 29 25
6 29 29
10 31 28
11 31 32
10 31 27
13 33 30
13 33 30
11 34 35
12 37 39
18 34 46
20 41 48
19 42 50
19 38 48
14 43 49
20 31 49
28 31 39
34 28 40
27 31 58
35 43 53
28 39 52
27 34 53
29 37 52
30 36 52
29 34 53
28 36 53
29 37 52
30 38 53
32 36 53
29 33 52
29 36 53
31 34 53
29 35 52
29 36 52
29 35 53
29 36 52
30 35 53
30 35 53
30 35 53
30 35 52
29 35 53
31 35 52
30 35 51
30 34 52
30 35 53
30 36 53
30 34 53
30 35 53
29 35 53
30 35 52
31 37 52
30 33 53
29 33 52
30 36 51
29 34 53
30 35 53
30 35 52
29 35 52
31 34 52
31 36 52
29 38 52
30 35 53
29 32 54
31 36 52
31 36 53
31 35 52
32 33 54
33 35 52
31 37 53
31 40 52
30 35 52
30 36 53
30 37 53
30 37 52
31 35 52
31 36 52
30 38 52
29 36 53
30 35 52
29 37 53
31 37 51
30 37 52
31 37 53
31 37 53
30 36 52
30 35 51
30 36 54
30 35 53
30 35 53
31 35 53
30 37 52
30 36 53
31 35 52
29 36 53
30 37 54
31 38 53
30 37 53
29 36 52
30 37 53
31 36 53
29 37 52
30 38 52
30 35 52
31 40 51
29 36 53
30 38 52
29 35 53
31 36 52
28 38 52
30 37 52
29 37 53
31 35 56
33 37 55
31 40 50
29 37 46
29 40 48
31 38 55
28 36 57
30 39 53
30 37 52
30 37 52
29 37 51
29 39 56
31 39 58
33 44 50
33 40 46
34 40 49
36 40 51
38 43 52
37 43 52
39 44 53
39 41 54
36 42 55
37 45 52
36 42 48
38 39 47
35 34 46
34 28 45
34 29 42
36 26 46
38 30 52
42 28 57
35 29 55
32 32 53
