13 38 34
12 39 34
12 39 33
12 39 33
12 39 34
12 37 34
13 39 35
14 38 34
13 40 34
12 39 34
11 40 35
11 40 34
12 38 33
12 38 33
13 39 34
13 38 33
12 40 34
12 38 33
12 39 33
13 38 33
14 38 32
12 38 33
12 38 33
12 38 32
14 39 33
13 38 32
14 38 31
14 40 30
15 38 31
12 38 32
12 38 29
12 36 28
15 39 28
14 38 28
16 40 50
21 43 32
19 49 37
14 49 38
14 50 38
16 49 40
20 50 44
20 54 51
23 50 47
28 41 46
31 36 50
37 36 52
32 40 49
32 36 49
34 38 51
34 39 52
32 41 51
29 42 50
30 42 51
34 42 50
32 41 52
33 42 51
33 44 49
33 43 51
32 45 51
32 43 50
32 44 50
31 42 50
33 43 49
35 42 51
34 41 51
33 41 52
33 40 50
34 42 51
35 42 51
36 41 50
36 42 50
37 40 51
39 37 50
35 41 52
34 42 52
35 41 51
35 39 51
36 42 50
36 40 52
35 40 51
34 41 51
36 42 50
37 41 51
37 41 49
35 41 50
36 41 51
36 42 51
35 42 51
35 42 50
36 40 51
36 42 51
35 42 50
36 42 50
36 43 51
36 42 50
37 43 51
35 41 50
35 42 50
36 42 50
36 43 51
36 43 51
37 44 53
38 38 53
