13 39 32
13 39 38
14 38 37
13 38 37
13 37 37
13 39 38
14 39 36
14 38 37
12 38 37
13 40 38
13 38 38
14 39 38
12 40 36
13 38 37
13 39 36
13 39 37
13 39 38
14 39 37
13 38 38
13 39 38
13 38 37
12 38 37
12 38 37
13 39 37
12 38 38
14 38 37
13 38 38
13 38 36
12 38 37
13 39 36
14 38 35
13 38 36
14 38 36
16 40 36
19 39 35
17 38 34
18 39 33
14 40 32
13 41 32
12 41 32
15 43 32
9 43 33
11 46 33
10 46 33
15 48 33
15 49 33
18 47 33
20 50 35
18 51 37
18 49 36
18 56 38
17 48 37
25 48 43
26 45 44
28 43 46
27 42 49
24 44 50
25 43 51
27 38 50
31 39 51
30 38 52
30 39 50
31 40 45
32 42 46
33 51 55
29 45 48
28 50 45
31 50 44
30 45 44
28 49 42
30 50 43
29 52 43
28 52 43
29 51 43
29 49 43
29 50 42
29 49 43
29 50 44
27 50 44
28 50 44
28 50 43
29 50 43
29 50 43
29 50 44
30 49 44
29 48 46
27 49 45
28 47 46
28 48 46
27 49 46
28 49 47
27 48 45
28 50 44
28 48 44
27 50 44
27 49 46
29 47 45
28 48 46
29 48 45
28 48 45
28 48 45
29 47 46
26 45 47
26 45 47
26 45 47
25 44 48
28 44 49
26 45 48
27 45 48
27 45 48
27 46 48
27 44 49
25 45 47
27 44 48
26 44 48
26 43 49
27 44 48
25 44 49
28 43 49
26 44 49
26 43 49
25 43 48
28 44 49
26 44 49
26 43 49
26 42 49
26 43 49
26 42 49
25 42 50
26 43 49
