35 57 33
12 39 35
12 38 35
12 39 35
14 37 35
13 38 35
11 38 34
13 37 36
13 39 35
12 38 35
12 39 34
12 38 35
13 37 35
12 39 34
12 40 35
13 38 35
12 38 35
13 37 35
12 38 35
13 40 35
12 38 35
13 39 35
13 39 35
12 39 34
13 39 35
13 39 35
13 39 35
15 39 35
12 39 35
13 38 36
12 37 34
13 37 34
13 38 34
13 38 36
13 37 35
13 38 35
13 37 33
14 37 32
13 38 32
15 37 33
14 38 31
13 37 32
11 39 33
11 42 33
11 43 35
12 40 35
13 42 37
12 39 36
12 40 35
12 39 36
12 37 36
14 38 34
15 37 33
16 37 31
18 36 29
16 36 27
18 35 26
14 33 23
11 35 22
3 36 23
5 35 33
6 36 35
9 33 33
10 37 34
12 40 33
13 35 32
12 36 34
12 36 35
12 35 36
13 34 39
14 37 42
16 42 40
18 39 49
17 40 48
21 37 49
20 41 50
12 38 46
25 40 50
21 37 48
22 37 49
23 37 48
24 35 48
26 43 62
26 38 48
27 39 52
27 38 51
26 40 51
27 38 51
27 37 53
32 41 53
28 43 51
28 39 46
26 42 47
25 38 58
29 40 50
27 41 51
26 41 52
28 40 51
29 39 51
28 41 51
28 40 52
29 40 51
28 39 51
28 39 52
26 39 50
27 37 52
27 40 51
27 41 52
27 39 52
28 38 51
28 40 51
28 40 51
28 38 51
28 38 51
27 39 51
27 39 52
28 40 51
28 40 51
28 39 51
28 40 51
27 39 52
26 40 51
28 40 50
28 39 52
27 39 50
27 41 52
29 40 51
27 40 52
27 38 51
28 39 51
27 40 52
28 38 51
29 40 52
27 40 51
27 39 51
28 40 51
28 40 51
27 40 51
28 40 50
27 40 52
28 40 51
27 39 52
27 39 52
28 40 51
28 39 51
27 39 50
28 41 51
28 39 51
28 40 51
28 38 51
28 40 51
28 39 51
27 40 51
28 39 52
27 39 52
28 39 51
27 39 51
25 39 51
27 39 51
28 38 51
27 39 51
27 39 51
27 38 51
28 39 51
27 40 50
28 39 51
27 40 51
26 39 51
28 39 51
27 38 51
28 39 52
28 38 51
28 39 51
27 39 52
28 39 51
28 39 51
28 39 50
28 38 51
27 40 51
27 39 51
27 39 51
