13 39 32
13 39 34
12 40 35
13 41 35
13 41 34
12 40 34
12 39 33
13 42 35
14 41 35
12 41 34
13 39 33
13 41 34
14 39 33
13 40 35
13 41 33
13 40 34
13 39 33
14 39 32
14 39 31
13 38 32
13 38 32
15 38 31
14 40 33
17 37 32
12 39 32
12 40 30
14 41 27
13 41 29
14 44 34
14 43 33
15 44 36
16 44 35
16 47 37
16 51 37
17 47 38
20 47 42
24 48 43
28 50 42
27 47 45
28 50 47
32 48 46
38 45 49
39 42 50
35 43 50
34 42 49
34 44 51
31 47 49
32 42 50
36 40 50
37 41 50
38 35 48
35 28 51
32 33 61
29 33 54
30 36 48
31 36 54
31 34 55
33 35 54
32 33 53
30 35 53
32 35 53
32 36 53
33 35 54
32 34 51
33 37 52
32 35 53
31 37 52
32 36 53
31 35 53
31 35 53
31 36 53
31 36 53
31 36 53
33 36 52
32 35 53
31 37 52
33 36 53
30 36 52
32 36 53
32 35 54
33 36 52
32 37 54
