11 38 34
12 37 34
11 38 34
13 38 34
13 37 34
12 37 33
11 36 34
13 38 35
12 36 34
13 38 34
11 36 36
12 37 34
12 37 35
12 38 35
12 38 34
11 38 35
11 39 34
13 38 32
14 39 35
13 38 33
14 39 34
15 41 35
15 37 35
13 35 32
15 28 27
9 35 28
12 37 30
9 41 29
15 40 32
17 40 34
10 40 35
11 36 38
13 37 31
17 34 27
12 39 27
15 37 27
16 35 29
14 42 30
10 43 35
9 44 42
13 46 48
16 45 47
23 47 47
26 43 56
34 42 56
42 39 56
42 42 50
27 57 52
35 48 38
28 42 43
29 40 44
25 39 40
20 41 43
18 41 41
18 49 40
26 63 41
21 41 44
25 55 37
23 53 38
24 48 44
24 50 41
22 49 42
23 52 43
27 54 41
26 52 37
26 47 42
28 50 43
29 48 44
28 47 45
27 49 46
27 48 45
26 47 45
28 47 45
28 47 45
29 46 45
28 47 47
28 47 47
27 46 47
27 49 47
27 47 46
28 45 46
26 48 45
28 48 46
27 47 46
25 47 46
28 48 47
28 47 46
29 46 47
28 47 46
27 47 47
28 46 47
29 45 47
