10 37 35
11 37 34
12 38 36
12 37 35
11 37 34
11 36 35
13 36 35
12 35 34
12 36 35
12 37 36
11 39 35
13 37 35
12 38 36
11 36 36
11 35 36
10 36 37
13 37 37
14 37 37
13 37 36
14 35 37
14 35 36
12 34 37
13 33 35
12 32 32
11 30 31
14 31 28
14 32 26
14 31 26
13 31 23
9 28 24
11 30 23
10 31 22
11 29 25
12 25 29
3 21 31
14 28 27
15 30 27
10 33 38
13 36 33
14 40 34
18 41 39
9 43 50
18 41 41
16 35 43
14 38 41
18 43 46
23 47 45
16 41 44
14 41 40
17 43 42
17 42 41
15 41 42
17 42 45
15 46 45
18 49 41
22 50 43
25 49 42
27 44 43
26 45 41
27 41 42
23 40 47
22 37 56
24 40 49
27 45 48
28 49 47
28 44 48
27 45 49
26 44 48
27 44 47
26 45 48
26 44 48
26 44 48
27 45 48
27 44 48
27 44 48
27 44 49
27 44 49
25 44 47
27 44 48
26 45 49
26 44 49
28 44 48
28 44 47
27 45 49
28 43 48
28 43 48
28 45 48
28 43 49
28 46 49
27 43 48
27 44 47
27 45 49
27 44 50
28 45 51
33 47 55
36 45 53
