58 12 34
12 34 31
12 34 32
9 35 31
11 33 30
12 35 30
12 34 32
11 35 32
11 37 32
11 36 32
11 36 33
12 36 33
12 36 33
12 35 33
11 37 33
12 35 34
11 37 35
12 36 34
13 37 34
12 37 35
12 37 34
12 38 34
12 37 34
13 38 35
12 36 34
11 38 35
12 36 34
11 37 34
12 38 34
12 37 34
12 36 34
12 37 33
13 37 33
14 37 33
13 35 33
16 34 32
16 34 32
17 33 29
16 32 28
13 32 28
13 33 26
8 36 24
7 33 23
9 36 34
10 37 36
10 39 36
13 39 38
18 40 37
17 43 34
18 47 45
21 40 55
26 42 59
31 38 53
28 33 49
27 39 48
27 37 49
28 37 52
27 36 53
28 39 52
30 34 54
24 39 50
19 41 49
19 37 45
25 40 50
18 41 49
16 38 47
15 38 46
13 38 48
19 33 50
19 33 50
21 33 47
26 41 51
21 24 44
18 34 50
19 37 47
21 35 51
24 34 51
30 37 51
32 39 51
31 35 52
33 34 52
32 34 47
23 37 55
23 37 55
31 34 51
30 37 53
29 36 51
30 39 51
29 39 52
28 38 52
29 37 52
29 39 52
29 39 52
30 40 52
30 39 51
28 39 51
28 39 52
29 39 52
29 39 52
29 39 51
28 38 51
29 38 51
28 39 52
28 38 52
29 38 52
29 39 52
29 39 51
30 38 53
29 39 52
29 39 51
29 38 51
29 39 51
29 39 51
