12 34 32
12 35 33
10 35 33
11 35 32
13 36 34
12 35 33
11 34 33
12 37 33
12 37 35
11 36 35
11 35 34
12 36 33
12 36 35
12 36 35
13 37 35
11 37 35
12 37 35
12 36 35
11 38 35
12 37 36
13 37 35
11 38 34
12 37 35
12 37 35
11 37 35
13 37 35
11 37 36
12 37 36
13 37 34
13 38 36
12 37 35
12 37 35
12 37 35
12 36 36
12 37 35
13 38 36
12 38 35
12 36 34
12 37 35
12 37 35
12 38 35
13 37 36
12 37 35
13 38 35
13 36 35
13 37 36
11 37 35
11 37 34
12 36 35
12 37 35
12 37 35
12 37 35
12 39 35
12 39 35
13 38 35
12 37 35
12 38 36
11 38 34
12 36 34
12 38 35
12 37 34
12 38 34
13 36 32
14 37 32
12 37 32
13 36 32
13 37 30
14 37 33
11 39 33
10 39 31
11 37 28
12 37 27
11 36 28
10 40 29
11 42 32
15 40 33
19 44 32
16 45 30
17 42 33
20 44 29
18 51 33
16 48 33
18 50 34
19 50 34
21 48 35
21 48 36
21 50 34
23 51 37
21 50 39
26 49 41
28 48 43
30 48 48
32 49 53
31 44 52
31 40 49
28 37 47
27 40 49
31 43 50
33 43 51
35 43 48
34 42 49
32 45 49
30 44 50
29 47 48
33 45 49
35 44 49
32 48 48
31 45 48
32 45 48
31 44 48
33 45 48
32 46 49
33 43 49
31 46 49
32 46 49
32 46 47
32 47 48
32 46 48
32 46 49
32 45 48
32 45 48
32 46 49
33 45 48
32 46 49
33 46 48
32 47 48
33 47 49
34 46 48
33 46 48
33 46 48
33 46 48
33 47 48
33 46 48
32 45 47
32 44 48
33 45 47
32 46 48
33 46 48
32 47 49
34 46 47
33 45 48
32 46 48
33 46 48
32 46 49
32 44 49
34 45 49
34 46 48
34 45 48
33 45 48
32 47 48
33 46 48
33 46 47
34 45 48
31 46 48
33 46 48
33 45 47
33 46 48
32 46 48
32 46 48
33 45 48
32 47 47
32 47 47
33 45 49
33 46 48
34 45 48
32 46 48
33 46 48
