19 43 44
19 41 45
18 43 44
20 42 45
19 40 45
19 43 44
20 41 44
20 44 45
19 43 44
19 42 45
19 42 45
20 43 44
20 42 45
20 43 44
20 42 45
19 42 45
19 42 44
19 42 43
20 43 45
20 43 45
19 42 45
18 44 45
19 42 45
19 42 44
19 43 45
19 42 45
19 43 45
18 43 45
19 43 46
20 43 45
20 42 46
20 42 44
20 42 45
19 43 45
19 42 45
20 41 45
20 42 44
18 42 44
20 42 45
19 42 45
19 42 45
19 42 45
19 42 45
20 43 45
19 41 44
19 43 45
21 43 45
19 44 46
18 42 45
20 43 46
20 42 45
20 45 46
20 42 46
20 43 45
22 44 45
21 43 46
22 42 46
23 42 45
24 43 47
24 43 47
23 43 47
23 43 47
24 43 48
23 42 49
26 41 49
25 43 48
26 43 48
26 41 49
28 42 51
29 41 51
30 41 51
30 41 50
31 41 50
30 40 52
32 42 51
33 39 51
33 41 51
32 40 53
33 41 52
34 41 52
33 39 51
33 39 52
35 38 53
30 36 52
37 38 54
34 35 53
30 39 53
31 38 52
33 40 52
30 35 48
33 35 50
33 37 47
32 42 52
34 38 52
35 39 51
33 44 51
33 45 51
35 40 50
34 42 51
36 42 50
35 40 51
35 42 50
34 41 51
34 42 52
34 41 51
35 41 52
35 41 51
34 39 51
34 39 52
34 39 52
36 41 51
34 40 52
34 41 53
35 40 52
33 42 51
34 40 52
34 40 52
33 40 52
33 40 52
34 39 52
35 39 51
34 40 51
34 39 51
34 40 52
34 41 51
35 39 51
36 39 52
34 41 52
35 40 52
34 39 52
34 40 51
33 40 52
34 40 53
35 40 52
34 41 52
35 39 51
34 41 52
35 40 52
35 39 52
35 40 51
35 40 52
34 39 52
34 40 51
34 39 52
34 39 52
35 39 51
35 40 52
