36 37 53
36 38 52
37 39 51
35 38 52
37 40 50
34 42 50
35 41 51
36 40 48
32 41 48
31 43 52
28 38 48
27 41 50
24 44 51
23 41 49
21 38 47
17 42 47
17 39 45
17 38 44
16 37 39
14 38 40
14 37 38
13 38 35
15 35 36
15 35 37
11 37 37
7 38 38
10 38 39
13 37 40
14 39 42
16 39 45
18 37 46
20 40 47
21 38 49
22 39 51
24 39 53
26 39 52
23 39 55
15 46 50
19 48 45
26 39 46
30 37 44
33 37 44
36 42 46
40 45 48
42 46 52
41 43 51
38 40 51
39 39 51
40 42 51
37 44 51
33 43 48
33 45 48
35 45 48
37 46 48
36 48 47
34 47 47
36 46 47
37 46 49
35 46 48
35 44 48
35 45 49
36 46 48
35 44 48
36 44 51
36 45 49
37 44 49
35 45 48
39 42 51
38 38 50
38 35 50
38 32 52
35 31 53
37 34 53
39 35 53
37 32 51
37 32 51
37 32 52
39 33 52
36 33 52
38 33 52
38 33 52
37 34 51
39 33 53
37 33 52
38 32 52
38 33 52
37 33 52
