14 41 32
16 41 32
14 43 33
13 42 31
12 40 32
13 40 33
14 39 34
13 41 34
12 40 33
12 40 33
13 40 33
12 38 34
13 38 34
14 40 33
14 39 34
15 39 32
13 41 33
13 40 34
12 40 36
12 40 35
13 41 33
13 39 33
14 40 33
14 39 35
12 40 34
12 41 34
13 40 33
13 40 34
12 40 33
13 40 33
13 39 34
13 40 33
14 40 33
13 38 32
14 40 32
13 38 30
17 40 31
13 41 31
16 43 29
18 43 32
20 45 35
18 47 32
22 49 36
20 55 31
20 49 39
22 53 43
26 54 37
24 60 33
35 51 33
51 51 48
48 36 56
45 41 60
42 41 53
42 41 51
39 36 52
36 38 52
38 33 49
35 33 47
35 33 47
34 34 46
32 32 54
31 31 54
31 32 52
24 35 51
25 38 58
30 44 46
29 55 53
32 42 46
32 41 52
31 40 54
29 40 52
30 39 50
32 41 50
33 39 50
32 41 50
29 42 52
29 41 52
29 40 52
30 39 52
31 40 52
29 40 52
29 41 52
29 40 51
30 39 52
31 40 52
29 38 52
29 41 53
30 40 50
30 39 51
30 39 52
29 40 52
30 40 52
29 40 51
30 39 52
29 38 52
30 41 51
31 40 51
30 39 52
29 39 52
30 40 52
29 39 52
30 40 52
30 39 53
31 39 50
29 40 52
30 39 52
29 39 52
30 40 52
28 40 51
29 39 52
29 38 51
30 38 52
30 39 52
29 39 52
29 39 50
30 40 51
30 40 51
31 39 51
29 39 52
30 40 52
28 39 52
30 39 51
29 39 51
30 39 52
30 40 52
30 37 52
29 39 52
30 39 52
31 39 52
30 38 51
29 38 51
29 41 53
30 39 52
30 40 52
29 40 51
30 39 51
30 40 52
30 39 52
30 39 52
29 40 52
29 41 52
31 39 53
29 38 52
29 39 51
32 39 52
29 39 51
29 39 52
29 39 53
30 39 52
30 40 52
30 39 52
30 39 52
30 40 52
31 39 53
29 38 52
30 39 51
29 40 52
29 38 51
30 39 52
30 38 51
29 39 51
31 37 52
30 38 52
30 38 52
30 39 52
31 39 52
30 39 52
31 38 52
30 39 51
29 38 52
30 39 51
30 39 52
30 38 51
31 38 53
30 40 52
30 39 52
30 39 52
30 39 53
30 39 52
29 39 53
30 38 52
30 38 52
30 38 51
31 38 52
29 39 52
