12 41 33
14 39 34
13 41 34
12 41 33
13 41 35
13 40 35
14 40 35
12 40 35
13 41 35
13 42 35
14 43 35
13 41 34
14 43 34
14 41 33
17 40 34
19 38 33
17 39 33
14 37 29
10 37 28
9 38 27
14 34 29
15 37 29
14 34 26
11 35 26
11 36 26
8 35 19
12 30 23
12 40 30
11 33 28
10 40 30
15 41 30
17 46 27
16 43 29
14 38 30
16 43 36
15 39 38
16 46 44
19 55 48
20 40 42
19 34 41
20 40 42
20 50 46
21 52 42
22 56 42
23 58 40
34 57 40
29 49 36
29 49 39
31 44 40
29 44 44
31 43 45
25 43 55
24 40 53
28 43 45
31 49 49
31 44 47
30 45 49
29 45 48
30 45 48
30 45 49
29 46 47
29 45 49
30 45 47
29 46 49
30 44 48
30 46 49
30 46 48
29 45 48
30 46 48
30 45 48
30 45 48
31 45 49
29 45 47
30 46 49
30 46 48
31 45 49
30 46 48
30 45 48
32 48 49
