12 36 34
13 36 33
13 34 35
13 36 33
12 35 33
13 34 32
12 34 32
14 32 32
14 32 32
15 29 30
13 35 32
11 31 28
10 31 28
12 28 29
8 30 30
10 33 32
8 41 32
13 33 36
21 33 34
17 44 37
16 36 47
23 52 52
16 26 61
29 29 43
25 45 45
31 41 56
30 28 52
31 35 54
30 34 53
29 37 52
28 32 53
30 37 53
30 38 53
28 34 52
33 36 53
31 36 52
29 37 52
30 35 52
29 34 53
28 35 52
29 33 53
30 34 52
30 35 52
29 34 52
29 34 53
31 34 53
30 37 53
29 37 52
37 34 53
28 38 52
32 35 54
28 37 53
29 33 53
28 37 52
28 39 51
30 36 53
29 37 52
28 37 52
28 37 52
28 36 52
29 37 52
30 39 53
28 39 51
24 39 52
28 38 51
28 38 51
29 39 51
29 37 52
30 41 51
29 39 51
29 38 52
29 39 52
28 38 51
28 37 52
28 39 51
29 39 52
27 39 52
28 39 51
