12 39 34
14 38 35
13 40 34
11 38 34
12 38 34
12 38 34
12 38 33
12 38 33
12 39 34
14 39 34
13 38 33
13 38 34
13 39 34
13 39 35
14 39 34
12 39 34
12 39 34
13 38 33
13 38 34
13 38 35
13 39 34
13 39 34
12 38 34
13 38 34
12 39 34
12 39 34
13 39 34
13 39 33
12 39 34
13 38 33
13 38 33
14 38 33
12 39 35
13 38 34
13 39 35
13 39 35
13 39 34
12 39 34
13 39 34
13 39 35
13 38 34
13 38 34
12 39 34
13 39 34
12 38 34
13 38 34
13 38 35
12 39 34
13 39 35
13 39 34
12 38 33
13 39 33
12 37 34
12 37 33
13 37 32
12 37 34
14 37 32
15 35 32
15 34 31
15 35 30
14 34 31
14 34 31
15 34 31
13 34 27
12 31 29
12 31 24
13 31 25
12 31 22
9 31 23
8 35 24
8 38 32
0 27 31
14 31 31
13 38 34
12 31 34
15 37 40
14 35 39
14 42 43
20 42 50
27 33 56
25 35 52
22 34 52
25 34 50
28 31 55
31 36 50
27 40 51
28 38 52
29 36 53
28 36 53
29 38 51
29 36 53
27 34 53
28 34 52
28 33 54
28 32 52
28 34 53
29 34 52
28 34 53
28 35 53
27 34 52
28 33 52
28 32 52
29 34 52
28 35 52
28 33 52
28 33 53
28 33 51
28 33 52
28 35 52
28 33 52
28 33 52
28 32 52
29 34 53
28 32 53
28 34 53
28 35 52
29 33 52
29 33 53
28 34 52
28 32 51
29 33 53
28 32 52
29 33 52
28 32 52
29 33 53
28 33 53
29 33 53
28 32 53
27 33 53
29 32 52
29 34 53
30 33 52
28 33 51
29 33 53
28 32 53
28 33 51
28 34 53
29 33 51
28 35 52
29 33 52
29 34 52
28 33 53
29 33 53
29 31 52
29 33 53
28 32 52
28 33 52
28 33 52
28 32 52
28 33 53
29 34 52
28 32 52
29 33 52
29 33 53
28 33 52
29 32 52
28 33 53
28 33 53
29 34 51
28 32 52
27 33 53
29 33 53
28 32 53
29 33 52
29 32 52
28 34 53
28 33 52
27 34 52
28 33 52
28 33 53
28 33 53
28 34 53
28 34 53
28 33 52
28 32 52
29 32 52
29 33 52
28 33 52
29 34 52
28 33 53
29 33 53
29 33 53
28 33 53
29 32 52
28 32 52
28 32 53
30 33 52
29 32 53
29 33 52
28 32 52
28 33 52
28 32 53
28 32 52
29 33 53
28 34 53
30 33 52
30 33 52
28 32 54
27 32 52
28 32 52
29 33 53
28 32 53
28 33 52
28 34 52
30 33 52
29 33 52
28 34 53
28 32 52
27 34 52
28 33 53
29 33 52
29 34 52
29 33 53
28 32 52
29 33 53
28 33 52
28 31 53
28 33 53
