15 44 28
16 44 29
16 44 29
16 43 29
15 44 28
16 44 26
17 44 29
15 44 28
15 43 28
16 44 28
15 44 28
14 43 29
14 42 29
15 44 27
16 42 28
15 43 29
15 43 29
16 43 29
15 42 28
14 44 28
16 43 29
16 44 28
15 43 28
15 43 28
16 43 29
15 43 29
15 42 28
14 45 27
15 43 27
16 44 30
15 43 28
16 44 28
16 44 28
14 43 28
15 44 29
16 43 29
15 44 28
17 43 28
15 43 28
16 44 28
16 42 28
15 43 29
16 43 28
16 44 29
17 43 28
15 44 29
16 44 29
16 43 29
17 44 28
15 43 29
15 42 29
16 44 28
16 44 29
15 44 29
15 44 28
15 43 28
16 44 29
15 44 28
15 45 29
16 45 29
16 43 29
16 43 29
16 43 29
15 44 28
16 45 29
16 43 28
15 44 28
15 43 28
16 45 29
16 44 29
14 44 31
14 44 30
14 44 30
16 45 29
16 47 31
16 44 33
18 46 32
18 45 31
19 45 32
19 43 33
21 43 33
14 41 34
14 39 34
12 37 33
12 36 32
12 37 33
12 37 34
12 36 31
12 35 32
13 42 28
11 35 29
13 37 33
13 37 33
14 41 32
13 39 32
10 38 33
12 40 34
12 39 34
12 40 35
11 41 36
13 41 37
13 41 38
16 39 41
18 40 42
18 40 41
17 40 43
18 44 44
19 44 45
24 44 47
27 44 48
28 44 50
30 44 50
32 42 50
32 43 53
33 40 51
30 42 51
29 38 51
30 37 52
29 35 51
30 33 53
29 31 50
29 30 49
29 27 50
22 22 61
28 32 52
27 36 50
24 31 54
26 34 51
25 30 51
27 32 53
29 34 53
26 31 50
24 32 55
26 32 51
26 32 52
27 33 53
26 33 53
26 32 52
26 32 52
26 33 52
27 34 53
28 35 52
26 32 51
27 34 53
27 34 53
28 34 52
28 33 53
28 35 52
28 36 53
27 35 53
28 35 53
28 34 52
26 36 53
27 34 53
28 35 53
28 35 52
27 35 52
27 36 52
28 35 52
29 36 52
27 35 52
27 35 52
28 35 53
27 34 52
28 35 52
28 35 52
27 35 52
28 34 52
27 34 52
28 35 53
27 35 51
28 34 52
29 34 52
28 35 52
28 35 52
28 34 52
27 35 52
28 35 53
28 35 53
28 35 53
28 36 53
27 35 53
28 35 52
29 33 52
27 33 52
29 34 52
28 35 52
28 34 52
28 34 53
28 35 52
27 36 53
28 35 53
28 35 52
27 35 52
28 36 53
28 35 52
28 35 52
29 35 52
28 35 53
28 35 52
27 35 52
28 35 52
28 36 52
28 34 53
27 34 52
29 35 53
28 35 52
27 36 53
27 35 52
28 35 52
28 34 52
28 35 52
27 36 52
28 36 52
27 36 52
27 36 53
26 36 52
28 34 53
28 35 51
27 36 52
28 34 52
