11 39 35
11 37 34
12 38 34
12 37 33
11 37 35
12 38 34
13 38 35
12 39 35
11 40 35
11 39 35
13 38 33
13 37 33
11 37 34
12 37 34
12 36 34
12 38 34
10 37 34
12 37 34
13 37 34
13 39 33
13 36 33
14 37 32
16 37 31
16 36 30
12 33 25
9 31 23
6 40 35
18 35 35
13 53 39
14 45 26
15 40 31
16 42 32
16 40 32
16 37 26
8 40 30
23 45 32
15 45 36
8 52 53
22 53 62
24 49 55
28 38 44
28 43 44
28 46 46
28 49 55
29 45 51
32 43 49
29 42 45
31 45 51
31 47 49
31 43 50
30 44 50
29 42 52
34 43 53
33 45 50
38 44 53
39 50 44
37 45 48
30 46 44
29 48 42
26 47 45
26 43 45
24 41 44
23 48 43
23 51 42
26 60 38
27 50 38
23 51 42
26 52 42
27 53 39
27 54 38
24 51 37
27 51 38
27 51 40
27 51 40
27 51 40
29 52 39
27 51 40
28 52 40
28 49 41
27 53 40
27 51 39
28 50 39
28 51 40
26 51 40
27 51 40
27 52 39
27 51 40
28 51 40
26 52 41
28 52 40
27 50 40
27 51 41
28 50 41
27 51 40
27 51 40
27 51 40
28 52 41
27 51 41
27 51 40
28 52 41
28 51 41
28 50 40
28 50 41
27 51 42
27 51 41
