12 32 28
11 12 32
12 31 28
13 31 27
11 32 28
12 32 28
10 31 28
12 33 27
11 32 27
12 31 28
12 31 29
12 32 28
11 33 29
13 30 31
10 32 31
10 33 32
13 29 30
13 32 31
12 30 31
12 34 32
12 30 33
12 32 32
11 32 34
11 33 32
11 33 33
13 34 33
11 35 34
12 36 33
13 36 34
14 36 35
12 35 34
11 33 33
11 36 35
12 35 34
13 35 35
12 36 35
16 36 34
16 36 33
17 37 31
11 34 31
11 40 33
12 40 37
16 40 34
18 39 35
15 40 34
12 42 39
20 50 43
16 49 39
19 46 42
23 50 44
26 47 51
34 48 59
31 43 51
31 40 46
29 41 49
33 41 49
29 38 54
34 39 55
31 30 53
33 29 56
31 34 55
28 36 52
25 37 48
21 35 52
32 37 57
30 35 48
23 34 44
25 34 54
23 42 63
30 33 48
31 29 54
31 33 52
31 37 53
30 35 52
29 35 53
29 34 53
30 33 53
31 34 53
31 35 53
29 35 53
31 35 54
29 33 54
30 35 53
33 35 53
30 34 53
28 34 52
29 36 53
31 34 53
29 33 53
30 34 53
30 35 53
30 35 52
29 34 53
31 34 52
30 35 52
30 34 53
30 35 54
30 34 54
31 34 53
30 34 53
30 33 53
29 33 53
30 34 53
30 35 53
31 35 52
29 34 52
30 35 54
29 34 52
30 34 52
30 34 54
30 34 53
30 36 53
29 35 53
29 36 53
30 33 53
30 35 52
29 34 53
29 35 52
