15 34 34
15 33 32
14 33 31
17 35 28
15 34 29
16 32 27
12 29 29
10 31 25
10 29 28
9 30 29
7 31 30
13 35 31
10 34 33
16 36 37
18 35 37
13 50 38
20 34 45
11 46 63
27 31 44
24 30 45
19 38 48
23 39 57
25 34 48
25 34 46
22 38 49
20 35 50
22 35 49
24 36 46
26 40 53
24 42 51
23 38 48
17 42 45
19 37 49
21 39 46
19 42 43
11 40 37
13 41 52
19 37 42
21 41 45
21 41 45
20 40 50
20 40 52
21 38 49
22 39 50
18 41 46
20 39 50
26 29 54
35 32 54
37 38 51
35 38 49
33 37 49
33 38 51
26 37 46
27 43 62
35 33 53
34 37 58
32 33 48
30 44 45
31 37 53
32 29 56
33 33 53
33 37 52
35 35 55
32 37 53
33 37 52
34 36 53
33 36 53
32 36 53
34 35 53
34 36 52
32 36 52
33 36 52
32 36 53
34 37 53
33 35 54
34 35 52
32 37 53
33 37 53
