19 43 45
19 42 45
20 43 44
17 41 44
19 42 44
20 43 44
20 44 44
19 43 44
18 43 44
18 43 44
18 43 44
18 43 43
18 43 45
18 44 44
19 44 44
18 42 45
19 43 43
19 42 45
19 42 44
18 42 44
19 43 43
19 44 45
19 43 44
19 43 45
20 43 44
19 43 44
19 43 44
19 43 44
18 42 44
19 43 44
19 42 45
19 43 44
19 42 45
20 43 45
19 43 44
19 44 46
19 43 45
20 41 45
20 43 46
22 42 44
21 43 44
21 42 45
21 43 46
23 43 46
22 43 47
21 42 47
22 43 48
23 41 48
26 44 51
27 41 49
29 41 53
29 41 49
30 41 51
30 42 51
32 42 50
33 42 52
34 40 51
35 41 51
33 40 51
33 41 51
35 38 51
35 39 53
35 38 53
30 37 53
40 40 51
31 38 54
30 39 49
34 39 53
36 39 54
32 37 51
32 35 50
36 39 53
29 39 47
31 37 51
37 35 52
36 44 52
33 42 52
34 42 51
34 42 49
35 43 50
35 44 51
34 41 51
36 43 51
35 42 51
34 40 52
34 41 51
35 42 50
35 41 51
36 41 51
35 42 51
35 43 51
34 41 51
35 39 51
34 41 54
35 42 51
35 41 51
34 42 51
34 42 51
36 41 51
35 40 50
35 41 51
35 39 51
34 41 52
35 41 51
35 40 52
34 40 50
36 41 51
36 41 52
35 40 51
35 42 52
37 40 52
35 41 52
35 41 51
34 40 51
36 40 52
36 40 51
33 41 51
36 39 52
36 40 52
36 40 52
35 39 51
35 40 50
36 40 51
35 40 51
35 39 51
