12 38 37
13 37 37
13 39 37
13 38 37
12 39 38
13 39 37
12 38 36
12 37 36
14 39 37
13 38 37
13 38 37
12 38 37
14 39 37
13 37 37
12 38 37
13 39 38
13 39 37
14 38 36
13 38 37
12 38 36
15 36 35
16 37 34
14 38 34
17 38 33
17 40 32
15 41 33
11 41 34
9 46 36
13 43 35
15 46 37
18 46 37
14 48 37
18 40 36
19 46 42
21 49 43
22 51 43
26 53 40
31 51 42
36 54 42
36 52 45
36 46 48
34 44 51
30 55 52
32 45 48
35 43 46
35 38 45
35 37 46
36 36 45
42 37 51
44 31 61
35 40 52
31 43 52
34 37 58
28 35 51
31 41 53
34 40 53
33 39 51
31 39 51
32 38 51
32 38 51
34 38 52
32 38 51
32 38 52
33 38 52
32 38 51
33 37 53
32 38 53
31 37 52
33 39 52
33 38 51
33 38 53
32 38 52
32 39 52
32 39 51
32 38 52
32 38 52
32 38 53
32 38 51
32 39 52
32 38 52
33 38 53
32 38 53
33 38 52
32 37 52
31 41 52
33 38 52
