13 37 33
12 38 34
12 38 33
13 38 33
13 38 32
13 38 32
13 37 34
11 38 33
11 39 33
12 38 33
13 39 33
13 38 34
13 37 33
12 38 33
12 38 33
12 38 33
12 38 32
12 37 33
13 38 33
12 38 33
12 37 33
12 38 32
12 38 33
13 37 33
12 38 34
12 39 33
12 38 33
12 38 33
13 38 33
13 38 33
13 39 33
12 39 33
12 37 33
12 38 33
12 37 33
12 39 34
12 37 33
12 37 34
12 38 33
14 39 33
11 38 35
12 38 35
12 37 34
12 37 33
12 37 34
12 37 34
12 35 31
12 34 30
14 34 31
14 33 30
14 31 29
13 31 28
13 31 27
13 31 27
14 29 28
15 28 27
15 29 26
14 29 26
13 29 25
12 29 26
12 30 28
12 29 28
12 29 26
12 31 27
12 31 27
12 34 27
13 34 28
14 33 28
12 35 27
11 34 31
9 33 33
8 29 32
11 32 31
11 31 28
11 31 30
11 27 28
13 33 30
14 32 29
12 33 31
10 33 30
13 32 30
11 29 30
12 32 30
12 31 29
9 29 29
12 28 30
14 28 24
14 26 22
14 27 22
15 26 23
13 26 26
12 27 26
12 27 28
10 28 25
12 28 25
11 29 29
13 28 30
12 30 30
12 29 31
12 29 34
12 28 33
13 31 36
11 34 34
12 32 37
14 33 40
13 34 41
14 37 42
13 32 40
14 37 42
14 36 43
16 36 44
15 37 44
16 38 43
18 35 46
19 34 45
11 39 41
13 37 40
15 38 42
15 37 44
15 36 43
16 37 42
16 38 43
17 38 44
16 39 45
17 39 43
16 39 42
16 38 42
14 40 42
16 39 43
15 37 43
17 37 44
14 36 42
15 36 43
15 36 43
16 35 43
16 36 44
16 35 45
15 37 43
17 38 44
16 37 45
17 38 44
18 39 45
19 39 46
19 39 46
18 39 45
18 40 45
19 41 46
18 39 45
16 40 43
17 38 44
15 39 42
17 39 43
15 41 41
15 38 42
16 37 42
15 37 41
16 37 42
16 37 42
15 36 42
15 37 42
14 36 41
16 39 42
16 40 43
17 38 44
17 39 44
17 41 45
18 38 50
16 38 46
16 40 41
16 40 36
15 38 38
15 33 37
13 35 39
12 35 36
12 35 38
13 34 37
12 35 37
13 35 37
11 36 38
12 34 35
14 36 40
13 34 40
15 37 39
16 36 45
16 38 45
20 36 44
18 37 49
19 38 48
22 41 46
19 39 48
22 41 48
23 41 49
25 41 49
24 42 49
25 42 51
26 41 50
25 44 49
26 43 49
26 41 50
26 42 49
26 41 50
25 43 49
27 41 50
26 41 49
25 42 49
24 42 48
24 43 48
23 40 50
25 43 49
24 42 49
23 42 48
22 42 48
21 41 47
22 40 48
23 40 47
22 41 48
21 42 48
21 40 48
21 40 48
22 41 49
21 40 48
23 42 47
22 41 48
23 41 48
22 41 48
23 41 48
23 42 48
23 40 48
24 41 49
24 42 49
24 42 49
23 41 48
24 41 48
22 41 48
23 42 48
23 42 49
24 42 48
