20 37 48
48 57 33
20 37 48
19 36 48
20 36 49
20 36 49
20 36 48
20 36 48
20 36 47
20 37 49
20 35 47
19 37 48
19 38 48
21 37 48
20 36 48
20 38 47
19 37 48
20 37 48
21 36 49
20 36 49
19 37 47
19 36 48
19 36 49
19 37 47
20 37 48
20 37 48
20 37 47
19 36 48
21 36 48
21 37 48
20 36 48
20 37 48
20 37 47
20 38 47
20 36 49
22 37 48
23 36 49
24 37 50
25 37 51
27 36 50
28 36 52
28 35 51
28 36 52
28 37 52
29 35 52
29 34 52
29 33 54
29 33 51
28 31 50
28 34 58
27 34 54
26 31 51
28 33 52
27 33 53
27 34 52
29 32 52
28 33 52
28 34 52
28 33 54
29 35 53
30 34 54
33 34 52
32 35 52
30 34 51
30 36 52
29 34 54
28 36 51
28 35 52
30 35 53
35 33 51
28 38 53
32 37 52
31 36 52
31 36 52
31 37 53
30 36 52
30 34 52
32 36 52
31 35 53
31 36 52
31 36 53
31 35 54
30 34 53
31 37 53
31 35 52
29 37 53
31 38 51
31 37 53
32 37 52
30 36 52
29 35 52
31 36 52
32 37 53
31 38 53
31 36 53
32 38 52
31 37 53
32 36 52
30 36 52
31 36 53
31 38 53
