14 39 36
13 41 36
12 39 37
13 40 36
14 39 35
14 40 36
14 40 36
14 38 36
13 41 35
15 40 36
12 40 36
13 40 36
15 39 37
13 40 35
14 39 36
13 40 35
14 40 35
14 40 36
14 39 35
13 41 35
12 40 35
14 39 36
12 41 35
13 40 35
14 41 35
12 40 37
13 40 36
13 42 35
14 40 36
14 41 36
14 40 36
15 39 35
15 40 34
16 40 33
16 40 32
17 38 32
18 38 30
15 41 32
12 43 37
10 38 32
7 45 33
13 44 39
16 42 41
20 43 44
20 43 45
19 41 46
20 43 48
24 44 47
24 45 48
24 46 49
26 43 49
28 42 49
30 41 52
32 43 53
30 41 52
34 39 51
32 34 52
31 38 55
32 39 54
34 34 52
33 39 51
31 35 49
27 37 49
23 39 55
27 41 51
27 41 50
26 40 49
27 45 49
24 44 49
26 45 49
26 43 49
28 44 49
29 43 51
29 43 50
29 43 49
31 43 50
29 44 50
29 45 49
29 42 49
29 43 49
29 44 48
28 44 49
28 44 49
29 44 49
28 44 50
28 44 50
29 44 49
29 43 49
28 42 49
29 45 50
29 44 49
28 44 49
28 45 49
29 43 49
28 44 50
28 44 50
28 43 49
27 44 49
29 43 50
29 44 50
28 43 48
28 43 49
28 43 50
28 44 50
29 44 50
28 44 49
29 42 49
29 43 49
28 44 49
27 43 50
28 43 49
28 44 50
28 43 49
28 43 49
