12 36 36
12 36 36
13 37 35
12 36 36
12 36 36
12 36 35
13 36 36
12 36 36
13 37 36
13 36 36
12 37 36
14 36 36
12 37 35
12 36 37
13 36 36
12 35 36
13 35 36
13 37 37
13 35 36
12 36 36
12 36 35
13 38 35
13 37 36
13 37 36
13 37 36
12 35 35
12 36 36
12 37 36
12 36 36
13 37 36
13 36 36
13 37 35
12 36 36
13 37 35
13 36 34
13 37 34
13 36 34
12 37 34
12 38 33
13 36 33
14 36 31
15 37 30
13 37 29
12 34 29
11 38 31
12 36 33
13 36 30
13 37 31
11 39 34
12 39 33
13 42 36
15 42 36
15 43 35
13 44 35
14 43 36
15 42 37
17 45 39
16 44 38
17 44 41
19 44 41
19 44 42
20 45 43
22 45 44
27 44 48
28 44 50
31 42 51
34 42 52
34 44 53
34 43 53
34 41 54
33 41 50
33 41 48
33 40 48
32 37 50
36 38 54
34 29 58
29 39 51
34 38 52
34 39 51
32 38 53
32 36 52
32 36 54
32 37 52
32 37 53
32 40 52
32 38 52
33 37 52
32 38 53
33 39 52
34 40 53
34 39 51
33 39 52
33 39 52
34 39 52
33 40 52
33 39 52
32 39 53
33 39 53
32 38 53
34 39 53
34 39 51
33 39 52
34 38 53
34 39 52
33 40 51
34 39 52
35 39 52
34 40 52
33 40 52
32 40 52
33 39 52
33 39 51
34 40 52
33 40 52
34 39 52
32 39 52
34 39 52
32 39 52
34 39 52
34 38 52
33 39 51
33 39 51
34 39 52
33 40 53
33 39 52
33 39 52
32 39 52
33 40 52
33 39 51
32 39 52
33 40 51
33 39 52
33 40 52
34 39 52
32 39 52
33 38 52
33 39 52
34 39 52
33 38 53
34 39 52
34 39 52
33 39 51
34 38 53
34 40 51
32 39 52
33 39 53
33 40 52
34 38 52
34 40 52
34 40 52
34 40 52
33 40 53
34 39 51
33 39 52
33 39 52
33 39 52
34 39 52
33 39 51
33 39 52
34 39 52
34 38 53
32 39 52
34 39 51
34 40 52
33 40 52
34 41 52
33 40 51
35 39 52
34 41 52
33 40 52
34 40 52
33 40 53
33 39 53
33 39 51
34 40 52
33 40 52
34 38 51
33 39 52
33 40 51
34 40 52
34 39 52
