63 31 55
12 35 40
13 36 39
13 36 39
13 37 40
14 35 40
14 35 40
14 36 39
14 37 40
13 37 40
14 35 40
13 36 40
13 36 39
15 34 40
14 32 42
15 37 43
16 38 43
17 37 42
18 37 41
14 37 41
13 38 38
12 37 38
12 39 38
11 38 42
11 38 43
16 37 44
16 36 44
16 37 46
17 37 44
17 40 45
19 39 44
22 41 47
24 42 48
27 45 49
32 43 52
29 40 52
29 41 51
32 37 52
33 33 52
30 36 53
31 38 52
30 39 53
29 38 51
30 39 51
31 38 54
30 35 52
29 36 52
27 40 52
27 39 50
25 38 50
25 37 49
28 40 52
29 39 54
30 36 53
29 37 52
28 38 55
30 37 56
31 40 55
32 40 50
34 44 50
37 51 46
40 48 43
44 45 43
43 43 44
38 40 47
33 38 49
30 37 53
24 40 54
22 42 49
26 44 47
28 43 43
30 61 51
33 46 52
32 47 49
34 46 49
33 46 48
32 44 50
32 45 49
32 45 49
32 44 50
31 46 50
33 47 48
33 44 49
32 43 50
33 44 49
31 45 48
31 44 49
32 45 48
32 44 49
33 44 48
32 44 49
33 45 49
33 44 49
33 45 49
32 46 50
32 45 49
33 44 49
33 45 50
32 45 49
33 45 49
33 45 49
