13 41 31
13 41 31
13 41 31
13 40 32
15 42 32
13 43 33
13 42 33
15 42 33
14 41 32
12 42 32
13 42 32
14 42 32
13 41 33
13 41 32
13 41 33
14 40 34
14 42 34
13 41 33
15 41 33
15 41 34
14 41 33
14 42 33
14 42 33
13 40 32
14 41 33
14 42 33
13 41 33
13 41 33
14 41 33
13 41 32
13 40 31
14 42 32
14 42 32
14 41 32
15 40 31
16 41 30
16 41 30
16 40 29
16 40 27
14 41 28
14 42 29
15 47 32
16 43 29
19 55 35
22 45 34
21 52 37
22 42 34
24 50 33
24 51 34
25 52 37
26 53 38
30 48 45
33 46 54
34 38 61
32 35 56
33 33 52
36 37 50
37 41 49
35 43 49
34 42 52
33 40 54
33 37 53
36 41 52
36 43 52
34 45 50
35 43 49
36 45 47
36 44 49
37 44 50
36 42 51
36 40 51
35 42 50
36 43 49
37 43 51
36 43 51
33 43 50
36 43 50
34 42 50
36 42 51
36 41 52
36 42 51
34 43 51
33 42 51
36 42 50
34 43 50
35 42 50
35 43 51
35 41 52
32 40 52
36 40 50
