12 36 32
13 35 31
13 36 33
12 37 34
12 36 34
12 37 35
12 37 34
12 37 33
12 37 33
12 37 35
13 37 35
14 35 35
12 37 35
13 38 35
12 37 35
13 38 34
12 37 34
12 37 34
13 38 35
12 38 34
13 38 35
12 38 36
12 38 35
12 38 36
12 37 35
11 37 34
12 38 34
13 37 35
12 37 35
11 37 36
12 38 35
11 38 35
13 36 35
11 37 35
12 38 35
12 37 34
13 38 35
12 37 35
12 36 35
13 37 35
13 37 35
12 35 34
12 36 34
11 37 34
13 37 34
14 35 33
14 35 34
14 36 33
14 34 32
13 32 32
15 33 31
14 32 32
14 31 31
12 31 33
4 40 37
8 37 37
16 35 33
19 35 35
17 36 38
12 36 48
23 46 46
28 40 51
31 40 54
31 41 53
29 43 48
27 46 52
29 42 52
32 40 49
32 46 51
32 43 48
31 41 50
31 41 50
31 47 48
33 43 49
32 43 50
33 45 50
32 43 51
30 44 51
33 42 49
31 40 52
24 41 50
26 37 51
25 42 53
27 42 50
29 42 48
29 41 50
34 41 51
39 40 52
30 40 52
31 47 49
32 47 49
30 42 51
30 40 49
31 42 51
30 45 50
30 42 50
31 45 51
30 43 50
30 43 49
30 42 50
31 43 50
30 43 51
30 41 50
30 43 50
30 42 50
31 42 51
29 43 51
30 42 51
30 42 51
31 41 50
30 42 51
30 42 51
30 40 50
30 41 51
29 42 50
30 40 51
31 42 51
31 41 50
31 41 51
29 41 51
30 41 51
31 42 51
30 41 52
30 42 50
31 41 51
29 42 51
30 42 52
30 42 51
30 41 51
29 40 51
29 42 51
30 42 52
30 42 51
30 41 51
29 40 51
