13 31 34
11 31 34
57 33 32
11 30 35
11 31 35
11 33 34
13 35 36
11 34 34
11 35 35
12 36 34
12 36 35
12 36 35
12 36 35
12 36 34
12 37 34
12 37 34
11 38 33
12 36 35
13 37 35
12 37 34
12 37 34
12 37 33
12 38 34
12 37 34
12 36 34
12 36 34
12 36 34
12 36 35
12 34 33
13 34 32
12 34 32
12 34 31
14 33 31
15 34 31
14 31 30
14 29 28
12 32 29
14 31 31
11 28 33
12 27 29
6 38 30
13 30 33
8 32 28
6 33 32
16 29 35
12 36 34
15 32 38
13 40 39
20 38 38
22 44 42
25 44 55
31 32 59
30 38 56
30 30 52
29 38 51
29 35 52
30 36 54
31 37 51
29 36 53
31 35 52
30 35 52
32 33 53
30 37 52
30 36 52
31 36 52
32 35 52
30 36 53
32 36 53
31 35 52
31 37 53
31 36 53
31 35 53
31 36 52
30 36 53
31 35 54
29 35 53
32 37 53
31 35 53
31 36 53
32 37 53
31 36 53
31 36 53
31 36 53
32 35 52
30 36 53
32 35 53
31 35 53
31 35 53
32 36 52
30 35 53
