13 39 35
13 39 35
13 39 35
13 38 34
13 37 35
13 39 35
12 40 35
13 39 35
11 37 35
13 39 35
13 38 34
13 38 36
13 38 35
13 38 35
13 38 35
12 39 35
13 38 34
12 38 35
12 38 34
13 38 35
13 39 35
13 39 34
12 38 35
13 38 34
13 39 34
12 38 34
13 40 34
13 38 34
13 39 35
13 38 34
12 39 34
13 39 35
12 38 35
12 38 35
13 38 33
12 38 34
12 39 35
13 38 35
13 39 35
12 37 35
13 38 35
14 37 34
14 37 34
13 38 34
14 39 34
13 39 35
12 38 38
12 39 37
12 39 36
11 40 37
14 39 37
13 39 36
13 38 34
14 37 33
15 38 34
15 37 31
16 36 29
15 33 24
13 33 22
14 31 21
9 30 22
6 32 25
5 40 36
3 42 30
7 30 36
10 34 31
13 37 34
12 35 33
9 34 31
12 34 34
12 37 36
14 36 38
13 36 38
14 37 40
15 36 43
16 35 45
18 33 45
18 32 46
17 33 46
18 36 48
20 35 47
20 34 48
19 35 48
20 35 48
19 35 48
20 36 47
18 36 46
18 36 47
14 36 43
15 37 43
15 36 43
16 35 43
14 34 43
16 35 45
18 34 48
17 33 46
16 33 44
15 35 44
16 35 44
16 37 45
18 38 46
18 39 45
17 39 45
20 39 46
20 39 47
22 37 50
22 38 48
23 39 50
22 38 50
26 36 51
27 39 53
27 35 53
27 40 52
27 36 52
27 43 51
28 40 51
27 41 51
27 38 51
28 40 50
27 40 52
27 41 51
28 41 49
29 38 51
28 38 52
28 39 51
28 38 52
27 38 52
28 38 52
29 38 51
30 38 52
28 38 52
29 39 51
29 39 52
29 37 51
28 38 52
29 38 52
30 37 52
29 38 52
28 38 52
29 38 52
29 37 52
29 37 52
28 37 53
29 36 53
28 39 52
29 38 51
29 37 52
28 38 52
27 39 52
29 36 53
28 37 52
29 37 53
29 39 53
29 37 52
29 37 52
30 38 52
28 37 52
28 39 52
29 37 52
28 38 52
28 37 52
28 38 52
27 39 53
28 37 51
28 36 53
28 37 52
29 37 53
28 37 52
29 37 51
28 37 52
28 38 53
29 38 51
29 37 53
28 38 52
29 37 53
28 37 51
28 38 52
29 37 52
28 37 52
28 36 52
28 39 52
28 36 53
27 37 51
28 38 51
30 37 53
30 37 52
29 37 53
28 37 52
28 36 53
30 38 52
29 37 52
28 37 52
28 37 53
28 38 52
28 38 52
28 36 52
29 37 53
27 37 53
29 37 52
28 36 51
29 38 52
28 37 52
28 36 51
28 37 52
28 38 52
28 37 52
