10 39 35
11 33 40
11 39 34
12 38 35
13 39 35
15 39 35
13 38 34
13 39 36
13 38 33
12 38 35
9 33 39
12 36 36
11 39 33
13 37 35
13 38 36
12 34 38
12 37 36
11 38 35
14 37 33
13 37 34
12 37 34
13 37 34
13 37 33
13 38 33
14 40 32
15 38 32
14 38 31
13 42 28
14 42 30
15 42 24
15 45 34
18 34 34
20 50 30
21 57 34
19 52 40
15 49 37
22 50 39
24 52 47
24 58 48
26 52 38
27 41 52
27 37 45
30 34 51
28 37 47
28 31 59
27 31 54
26 36 49
29 45 49
29 38 50
31 48 51
31 45 48
31 46 48
28 44 49
29 42 50
30 42 49
30 44 49
31 47 48
32 43 50
29 45 49
27 44 49
29 43 49
30 43 49
31 44 50
30 44 49
29 44 49
29 44 49
29 44 50
30 44 49
30 44 50
29 44 49
30 43 49
30 44 48
31 43 49
29 44 50
30 44 48
29 45 49
29 44 49
30 44 49
30 44 49
30 45 50
30 44 49
29 45 49
29 44 49
29 44 49
31 44 50
31 45 51
33 48 54
34 53 52
37 55 52
37 46 50
