12 39 33
12 38 34
12 37 34
13 38 34
13 39 33
13 38 32
12 38 33
13 38 34
12 38 33
14 36 31
14 37 32
12 37 32
14 38 30
13 38 29
12 36 29
11 37 29
13 34 30
13 35 30
16 36 29
14 38 27
15 38 28
14 40 29
13 39 29
10 39 30
10 42 33
12 42 34
14 40 33
12 42 34
14 42 37
12 44 36
11 44 35
14 45 35
20 44 40
22 44 41
21 45 45
23 48 49
28 46 49
30 49 57
31 53 54
32 46 43
32 39 37
39 35 37
40 34 46
39 33 50
26 58 63
38 28 44
28 31 58
33 35 49
31 39 54
32 37 52
32 35 53
32 36 52
33 36 53
32 36 53
31 37 53
33 37 52
32 36 51
33 35 53
32 36 52
32 35 53
31 36 52
32 34 54
33 35 51
33 35 52
33 35 54
32 35 53
32 36 52
32 36 52
32 35 53
32 36 54
33 36 52
32 37 53
31 35 53
32 35 53
33 35 53
32 36 53
33 34 53
32 35 52
33 34 52
