20 41 47
20 57 33
20 40 47
22 40 47
21 41 47
21 42 47
20 42 47
20 41 47
22 41 47
22 41 48
22 41 46
20 41 48
21 40 47
22 40 48
22 41 48
22 41 48
21 39 48
21 42 46
21 41 47
21 39 48
21 41 48
21 40 47
21 41 47
21 40 47
21 40 46
21 40 47
22 41 48
23 41 48
22 39 47
25 41 48
25 41 50
26 41 51
27 40 51
28 40 51
29 39 52
28 36 52
28 37 50
33 40 59
28 39 51
28 34 47
29 33 52
30 37 53
27 36 50
28 35 52
28 37 52
28 35 51
27 36 52
29 38 53
30 35 52
31 39 52
31 39 53
31 38 53
31 40 51
31 40 52
31 41 51
31 42 52
34 43 54
33 39 51
32 36 49
30 36 50
29 36 50
28 37 51
31 42 58
31 40 52
30 40 52
32 38 52
30 38 51
32 39 52
33 40 52
32 40 52
33 38 51
32 39 52
32 39 52
32 40 52
32 40 51
32 39 52
31 39 51
31 38 52
32 37 51
31 39 52
32 38 52
32 38 52
32 38 52
31 38 52
32 39 52
32 38 52
31 38 52
31 38 52
32 40 51
32 38 52
32 38 53
32 39 51
31 39 51
32 39 52
31 38 52
33 41 52
32 39 52
31 41 52
31 39 51
32 39 53
32 41 51
33 39 51
32 40 52
32 39 51
33 40 51
32 39 51
32 39 52
31 39 52
32 39 52
32 39 51
33 40 52
33 39 52
33 39 51
32 40 52
32 40 51
32 41 51
32 39 51
33 42 52
32 41 52
32 40 52
32 41 51
32 39 52
32 41 51
32 41 52
