30 53 35
31 52 35
30 52 35
30 54 36
31 53 35
31 53 35
30 53 35
32 52 35
31 54 35
30 52 35
30 53 34
30 52 34
28 52 33
27 52 32
29 49 32
28 50 31
27 49 29
26 50 27
26 51 28
24 54 29
24 50 29
25 51 30
24 52 30
24 56 29
25 52 30
24 55 31
24 52 31
22 53 33
23 52 34
27 52 30
28 54 27
28 52 29
30 53 30
32 53 31
34 55 33
34 54 38
36 52 40
36 52 43
38 51 42
37 45 44
36 48 46
40 45 51
42 38 49
39 44 47
37 41 47
35 41 49
36 39 50
33 37 51
33 41 57
30 39 54
29 40 47
29 42 53
36 40 55
33 39 50
32 41 52
33 38 51
33 40 52
32 39 51
33 40 52
32 40 52
32 39 52
33 40 52
31 38 52
32 41 52
32 39 51
33 40 51
32 40 52
32 40 52
33 38 51
31 38 52
32 39 51
32 39 52
33 40 51
33 40 52
32 39 50
33 39 51
32 39 53
31 40 51
32 40 53
33 40 52
32 38 52
33 40 51
32 39 51
32 40 52
33 39 51
32 40 51
32 39 51
33 40 53
32 39 51
32 41 51
