13 33 34
11 37 34
14 38 34
12 38 33
12 38 33
13 38 34
11 38 35
11 38 34
13 38 36
13 38 35
13 38 34
13 41 35
13 40 35
12 41 35
12 40 35
13 38 36
13 40 37
13 40 34
13 39 34
13 38 35
12 39 36
13 40 35
13 41 36
13 39 35
13 39 35
12 40 35
13 39 36
12 41 36
13 39 36
14 40 35
13 39 36
13 39 35
14 39 35
14 38 35
14 39 35
12 39 36
13 39 34
13 38 35
12 38 35
13 38 35
14 39 35
12 39 35
13 40 36
12 39 35
14 39 36
14 39 35
12 39 35
12 38 33
13 39 34
13 39 34
14 39 34
14 40 34
15 42 34
17 45 33
19 42 31
19 41 29
18 41 27
12 44 27
10 51 34
14 53 37
24 44 35
26 49 38
29 48 32
32 60 39
32 52 44
36 48 47
54 42 60
40 32 54
39 40 46
44 39 42
47 46 51
44 41 48
43 44 51
40 48 54
44 51 51
39 46 44
36 41 39
36 47 37
32 47 39
31 47 33
35 62 38
32 47 39
33 55 51
34 54 43
32 56 37
34 52 37
36 52 40
35 51 39
36 44 39
39 62 45
31 50 38
32 55 37
35 51 41
36 52 43
35 51 41
34 52 42
34 52 39
34 51 37
37 50 40
37 51 41
36 52 40
34 52 41
34 51 41
35 52 40
34 51 41
35 51 41
36 52 42
35 51 41
34 51 41
35 50 40
35 53 41
35 52 41
34 52 42
35 50 40
35 52 41
36 52 40
34 52 41
35 50 40
35 52 40
34 51 42
35 52 41
35 52 41
35 51 42
35 51 41
34 51 40
35 52 40
36 52 40
35 51 40
35 51 41
35 52 41
35 51 41
33 52 41
35 51 41
35 51 41
35 51 42
35 51 40
35 52 43
34 52 41
35 51 41
36 50 41
34 51 41
36 52 41
35 50 41
34 51 41
36 51 41
34 51 41
36 51 40
34 52 40
35 50 42
35 52 42
34 51 41
35 51 41
35 51 41
36 51 41
36 51 41
35 51 41
34 51 41
36 52 41
34 52 41
35 52 41
36 52 41
35 52 41
34 52 41
35 51 41
35 51 41
35 50 42
35 51 41
35 52 42
36 50 40
35 51 41
34 51 42
35 51 41
34 52 42
36 51 42
35 51 40
35 51 40
35 51 41
34 51 40
36 50 41
35 52 42
34 50 41
36 51 42
35 52 41
34 50 42
35 51 42
35 51 42
34 51 41
36 51 42
35 51 40
35 52 41
35 51 41
34 52 41
36 52 41
35 52 40
35 51 41
36 51 41
35 51 40
34 52 41
34 52 41
34 52 40
35 51 42
35 51 41
35 53 42
35 52 41
36 51 42
35 51 42
36 51 40
34 51 41
35 52 40
35 51 41
36 50 42
35 51 41
37 52 40
36 52 40
35 50 39
36 52 42
35 50 41
37 51 41
35 52 41
35 51 42
35 49 42
35 51 42
35 50 42
35 51 42
35 51 42
36 49 43
35 50 43
35 50 43
35 51 42
34 51 42
34 49 43
35 51 43
