12 31 31
11 36 32
8 32 31
11 34 32
14 35 32
15 35 32
10 36 32
12 38 33
10 38 33
12 36 32
12 37 33
11 36 32
12 37 33
12 36 33
13 37 35
13 38 35
12 37 35
12 37 35
12 38 36
11 38 35
13 37 35
11 37 34
12 36 34
12 36 34
12 37 35
11 37 35
12 37 35
12 37 34
12 37 34
12 38 35
13 37 34
12 36 34
14 35 34
10 36 34
14 30 32
18 31 32
15 34 31
13 31 29
7 31 29
6 33 28
6 28 31
9 37 34
12 27 31
12 36 29
13 39 33
17 36 41
14 40 42
15 38 40
20 43 45
32 45 62
32 40 44
33 51 51
27 42 47
25 42 49
27 40 51
33 49 52
31 50 49
28 43 48
29 34 51
29 40 51
29 40 51
29 40 51
29 41 51
30 40 50
27 39 51
29 40 51
29 40 50
28 41 51
29 41 51
30 41 50
28 40 51
29 42 51
29 41 50
29 42 51
30 43 50
29 43 51
29 42 50
29 42 51
30 41 50
29 42 49
27 42 51
29 41 50
29 41 50
29 43 50
29 42 51
28 41 50
28 41 50
29 43 51
28 41 50
28 43 50
29 43 50
