12 33 33
13 35 33
13 34 34
13 35 33
12 36 33
12 37 34
12 35 34
12 37 34
14 37 35
12 39 34
12 39 35
13 40 34
12 40 34
12 39 33
13 39 34
13 41 34
13 40 35
13 40 34
13 40 34
14 39 35
12 38 35
12 41 35
12 39 34
12 39 35
13 40 34
13 41 34
13 38 35
13 39 34
14 40 35
13 41 34
13 40 34
13 40 34
14 39 34
14 38 35
13 41 34
13 41 36
12 39 35
11 39 34
15 39 36
14 40 35
12 39 34
12 39 36
13 38 35
13 39 35
13 39 37
14 40 35
12 38 35
13 39 35
12 37 34
12 40 35
12 40 35
12 41 34
14 39 35
14 39 34
12 39 33
13 40 33
12 39 33
12 37 34
13 39 34
13 39 33
14 40 34
13 39 33
13 40 33
12 39 34
12 39 34
13 39 34
13 39 33
13 40 33
13 40 34
12 38 33
12 40 34
13 40 34
13 39 32
13 39 33
14 38 33
13 38 33
14 38 32
13 39 31
13 40 31
13 40 32
13 40 32
13 40 32
13 40 32
14 41 31
14 42 31
15 40 32
17 41 30
16 43 31
11 41 35
14 42 33
16 46 32
20 47 31
18 45 36
19 48 40
17 47 38
22 49 39
22 48 41
27 49 43
25 49 45
25 50 49
29 45 51
31 42 50
35 40 52
37 40 53
39 39 53
39 41 52
36 41 50
35 40 53
37 41 51
37 40 53
38 40 53
38 42 51
39 42 49
39 45 49
31 45 49
37 43 47
39 46 48
38 44 46
37 45 48
34 45 49
39 39 52
43 36 51
35 39 55
33 43 50
35 44 51
34 40 47
33 42 48
35 41 53
39 40 52
38 40 51
37 42 51
36 40 51
36 42 51
37 42 51
37 41 51
38 41 51
40 43 51
38 41 50
37 41 50
37 40 51
37 42 50
37 42 50
39 41 51
38 42 51
37 42 50
37 42 51
38 41 51
37 41 50
38 42 50
38 42 50
37 42 51
39 40 51
38 40 50
38 42 50
38 41 50
39 41 51
37 41 51
37 42 51
38 41 50
37 42 50
37 42 50
38 42 50
38 42 51
37 42 50
36 41 51
38 42 50
38 41 51
38 42 51
38 41 51
37 41 50
37 42 51
37 42 51
39 42 50
37 42 50
37 40 50
37 42 50
37 41 50
37 42 50
38 40 51
37 41 51
39 41 51
37 41 51
38 42 50
38 41 50
38 41 51
38 40 50
37 41 51
38 42 52
38 41 51
38 42 51
38 42 50
36 41 51
37 42 51
37 41 51
38 39 51
39 42 49
38 41 50
38 41 50
37 42 51
38 42 50
38 41 50
38 41 51
37 42 50
38 41 50
37 42 50
38 42 49
38 43 51
38 41 51
37 42 52
38 41 49
37 43 50
37 42 50
37 42 50
38 41 50
37 41 49
38 41 50
37 42 52
39 41 50
38 42 51
38 41 50
39 42 50
38 41 50
37 43 49
38 42 51
37 42 50
38 41 49
37 42 50
37 42 50
38 42 50
38 42 50
38 41 50
38 42 51
38 42 51
38 43 50
37 42 50
38 41 51
