11 33 30
12 35 30
11 36 31
11 36 31
12 36 32
12 37 32
13 36 32
13 37 31
12 37 31
12 36 34
12 38 35
12 37 33
12 36 32
12 36 34
11 36 34
11 37 34
10 38 34
12 37 35
12 36 33
12 36 34
13 37 34
12 37 35
12 37 36
11 39 35
12 38 34
12 38 34
12 37 34
12 37 34
12 37 34
12 38 34
12 38 34
12 37 35
12 37 35
13 39 36
12 38 35
11 38 35
13 36 35
13 38 35
13 38 36
13 38 35
12 38 34
12 38 35
13 38 35
13 39 35
12 38 35
12 39 34
11 39 35
12 37 35
11 37 35
12 38 36
13 37 35
12 38 34
12 38 34
13 38 35
14 37 35
11 38 35
11 37 35
12 38 35
13 38 35
12 38 34
12 37 34
13 37 34
13 38 34
12 37 34
12 37 35
12 38 33
12 37 33
13 38 33
13 38 33
13 37 32
13 39 32
13 38 32
17 38 31
14 38 32
11 39 31
11 39 29
13 37 29
12 38 30
9 40 29
8 41 29
11 38 33
14 41 32
15 41 32
13 39 35
13 43 31
17 46 33
18 47 36
17 44 37
17 49 38
18 48 37
18 46 37
20 48 39
21 47 40
22 48 40
23 46 43
24 48 43
27 48 45
27 50 46
28 48 47
30 49 46
32 48 46
32 46 47
32 45 48
32 46 48
33 45 50
34 44 49
34 45 50
34 47 50
35 46 46
36 45 50
35 45 50
32 47 47
31 46 48
34 45 49
35 45 48
34 45 49
32 45 49
34 45 47
33 47 49
34 47 49
34 45 48
35 45 48
34 44 48
34 45 49
33 45 47
34 46 47
34 46 48
34 46 48
34 45 49
34 44 47
34 45 48
34 46 47
34 46 49
34 44 48
34 45 48
34 45 47
35 45 49
35 46 47
35 46 48
35 45 48
35 46 48
34 47 48
35 44 47
35 46 48
35 47 48
34 45 48
34 45 48
35 45 48
35 45 47
35 45 48
35 45 48
35 46 47
35 45 48
35 46 49
34 47 48
34 46 48
35 45 48
34 45 47
34 44 48
35 45 48
33 44 47
35 47 47
