12 40 35
15 41 35
14 40 35
13 41 36
12 42 35
14 41 36
14 39 36
13 41 37
14 40 36
13 40 37
14 41 36
13 41 35
12 41 35
12 41 36
14 40 36
13 40 35
14 40 36
13 40 36
13 40 35
14 39 35
15 39 35
16 39 35
15 39 35
14 40 34
15 42 34
15 40 33
15 42 32
14 44 32
17 45 34
19 47 36
17 47 42
15 42 41
17 49 44
22 47 41
25 54 46
26 49 43
21 48 47
26 48 45
31 49 45
33 47 49
34 48 48
35 44 48
36 46 48
33 47 47
34 46 49
34 46 49
33 45 50
35 44 50
34 44 53
32 43 52
36 41 50
36 39 51
35 42 51
35 37 49
36 38 52
35 39 54
34 34 55
32 35 53
32 32 51
34 34 50
35 36 52
36 35 53
34 34 50
32 36 55
28 38 53
32 39 52
33 39 52
33 38 52
31 39 51
32 39 51
32 39 53
32 38 53
32 39 53
32 39 52
32 38 52
32 38 52
31 38 52
32 38 53
31 39 51
32 39 51
32 39 52
32 39 52
32 39 51
32 38 52
32 38 53
32 39 52
32 39 51
32 37 52
31 37 52
33 38 52
32 38 52
32 38 51
32 39 52
31 38 53
31 38 52
32 38 52
32 38 53
31 38 53
