18 33 38
19 47 38
19 46 38
18 47 38
19 47 38
18 47 37
18 47 38
18 48 38
19 47 37
18 47 38
19 47 38
17 47 38
19 47 38
18 48 38
18 46 37
19 47 36
17 46 35
18 48 35
19 47 34
19 45 34
19 44 34
16 46 35
16 44 34
17 44 34
18 45 34
17 46 32
17 49 32
19 46 30
19 48 30
18 48 28
19 48 31
17 50 34
17 52 38
18 52 35
21 50 35
19 54 42
21 44 41
24 55 34
23 51 37
26 53 40
26 55 36
29 53 38
31 49 42
33 52 43
32 49 45
33 53 46
36 45 46
36 44 41
37 46 42
35 54 48
37 50 44
41 47 40
38 53 41
38 51 40
35 50 44
32 48 45
28 49 47
25 46 49
27 48 48
29 48 44
27 51 43
28 46 46
29 48 44
29 49 45
27 50 44
29 50 45
29 49 46
30 49 45
30 50 44
28 49 45
30 48 46
28 48 45
28 48 45
28 48 44
28 49 44
30 49 44
28 49 45
30 47 46
28 49 45
28 50 44
29 50 44
29 49 44
29 49 44
29 49 45
30 48 45
28 47 45
28 47 45
29 49 45
28 47 45
29 47 45
29 48 45
29 48 44
29 48 45
28 48 45
28 48 45
28 48 46
29 47 46
28 48 45
30 48 45
30 48 45
28 49 45
29 48 45
