12 38 34
12 37 34
12 36 33
14 37 34
14 38 34
12 38 34
12 38 33
11 35 34
13 36 34
14 36 33
14 35 33
15 34 33
12 37 33
12 36 33
11 37 30
12 31 31
14 34 31
11 35 34
11 35 35
11 40 39
11 34 34
17 33 52
14 46 44
22 43 46
31 38 62
35 43 54
20 52 53
19 47 44
29 22 39
26 29 56
25 41 57
24 36 52
21 32 50
23 30 49
22 36 46
22 31 51
24 36 49
25 36 56
29 32 54
27 34 45
21 45 54
25 42 54
27 37 54
26 39 50
23 35 52
23 37 51
24 38 49
21 37 45
17 39 48
24 32 46
25 29 60
28 33 50
22 41 52
23 28 50
24 33 50
29 36 51
32 39 53
39 36 53
31 29 53
32 37 54
32 37 51
32 39 52
25 38 50
28 39 51
31 38 53
30 37 52
29 39 52
31 39 51
30 38 52
31 40 51
30 39 52
29 38 52
31 39 52
30 39 53
30 39 52
30 39 52
30 39 52
30 39 52
