18 29 33
18 30 47
18 30 47
18 30 46
17 31 47
17 30 47
18 29 47
19 30 47
19 30 47
18 30 47
18 30 47
18 30 48
18 29 47
19 29 47
18 31 45
18 29 47
19 30 48
19 29 47
18 29 47
17 30 47
18 30 46
18 30 47
17 29 46
17 30 47
18 31 48
18 28 47
17 29 46
17 29 47
19 29 47
19 29 47
19 29 47
18 29 46
18 30 48
17 29 47
18 30 46
18 30 48
18 29 47
18 30 46
18 30 48
18 31 46
16 30 47
17 30 47
17 30 46
17 29 46
17 30 47
18 30 46
19 30 46
18 30 47
17 29 46
17 30 47
18 31 47
18 30 47
19 30 48
18 30 48
19 29 48
19 31 47
17 30 47
18 30 46
18 30 47
18 31 47
18 30 47
19 29 47
18 30 47
18 30 47
19 29 46
18 30 48
18 30 47
17 29 47
18 29 48
18 30 47
18 29 47
18 29 46
19 29 47
17 29 47
19 29 48
18 29 48
18 30 46
19 30 48
17 29 47
17 29 47
17 30 46
19 29 46
20 28 46
19 30 49
20 29 48
20 30 48
19 29 50
20 30 49
21 28 50
22 28 49
23 29 50
21 29 50
24 28 50
22 28 51
27 29 51
25 28 52
27 29 52
28 30 52
30 27 52
30 28 52
28 27 51
28 27 51
29 28 53
28 27 50
29 28 53
31 33 53
32 30 54
31 31 53
30 33 53
30 31 53
31 33 54
30 31 52
30 30 53
31 28 52
28 28 52
30 30 52
29 30 50
28 31 50
21 31 50
33 26 59
33 36 52
32 34 52
31 33 54
31 34 51
31 35 52
32 33 53
29 34 53
30 33 52
30 34 53
32 31 53
30 33 52
30 33 52
31 32 52
30 31 52
32 33 53
32 34 52
32 33 53
32 34 53
32 34 52
31 33 54
31 32 53
30 32 52
30 33 54
30 33 53
31 35 52
29 32 52
31 35 53
31 32 53
31 32 52
30 34 52
30 33 53
30 34 54
31 34 53
