13 38 35
13 38 36
12 38 35
13 37 35
12 39 35
11 38 35
12 37 36
12 38 36
12 40 36
13 38 36
13 37 36
13 38 36
12 39 36
13 38 35
12 37 35
12 38 35
12 38 36
13 38 36
14 38 37
12 38 38
12 38 36
13 38 36
13 38 36
13 39 36
13 37 35
14 39 35
13 39 35
14 39 34
15 38 34
15 39 33
14 38 33
14 38 32
15 38 31
12 40 32
12 39 30
13 41 30
15 41 32
14 43 33
15 42 31
12 42 32
12 42 33
13 47 37
17 46 39
19 47 40
23 49 41
23 49 43
28 46 46
33 47 48
38 45 49
36 44 51
38 42 51
33 39 54
29 42 51
29 44 52
34 38 50
38 38 49
35 31 49
35 33 47
35 31 52
34 33 54
33 43 60
31 35 51
28 40 53
31 36 55
33 37 53
31 36 52
32 39 53
33 37 53
32 38 52
32 38 53
32 37 53
32 37 53
32 36 54
32 38 53
32 34 51
33 36 53
32 37 52
33 37 52
32 37 53
32 37 53
32 37 52
32 36 53
32 36 52
32 37 51
33 36 53
32 37 53
32 37 52
32 36 52
33 37 52
33 35 52
32 35 52
32 37 54
33 35 52
33 37 53
33 36 52
