12 34 31
13 35 32
12 36 32
10 35 31
11 37 31
10 37 32
12 36 32
13 37 34
13 37 33
12 38 33
12 38 33
13 39 33
12 39 34
13 40 32
13 40 34
13 38 34
11 41 34
12 39 34
13 39 35
13 39 34
14 39 35
13 40 34
12 39 34
12 40 33
13 39 35
12 38 34
14 40 34
12 40 34
13 39 33
13 39 34
11 38 33
12 38 34
14 38 33
12 40 35
13 38 34
13 40 34
13 40 35
13 40 34
11 40 34
13 39 35
12 39 33
13 39 34
14 40 34
13 40 34
12 39 34
11 39 34
12 41 34
13 41 35
12 41 35
14 38 35
14 38 34
13 40 35
13 40 33
13 38 35
12 39 35
13 39 34
13 38 33
13 39 34
12 40 34
13 37 34
12 38 34
12 39 34
13 39 34
13 39 35
13 40 35
13 39 34
13 40 34
12 39 34
11 39 35
12 40 35
11 40 35
12 39 35
12 37 33
13 38 33
13 38 32
13 37 31
11 35 33
12 35 33
11 35 32
12 36 34
12 37 33
12 37 34
12 38 33
14 38 34
12 37 34
12 38 34
12 38 33
13 37 33
13 39 34
14 38 34
14 40 32
13 39 32
14 41 31
15 38 29
12 42 31
15 38 30
12 41 30
16 38 30
12 46 30
14 46 28
16 43 31
14 44 31
18 44 31
21 47 31
19 47 32
17 47 33
19 49 32
20 49 32
21 49 33
20 50 34
22 50 37
21 52 37
23 50 38
24 48 42
26 50 44
27 49 45
29 49 47
29 48 49
31 47 48
31 45 49
33 44 50
35 46 52
34 44 52
35 39 51
35 41 51
39 48 53
39 41 49
38 45 49
36 42 48
33 39 52
35 39 51
33 39 52
32 37 49
34 40 50
38 42 50
38 38 53
39 39 52
39 40 50
39 41 52
39 42 50
39 42 51
38 40 51
38 41 50
38 40 51
40 40 51
38 41 50
38 42 51
38 41 51
39 41 51
37 40 51
38 40 50
39 41 50
37 40 52
38 41 51
38 42 51
39 40 51
38 41 49
38 40 51
39 40 51
39 41 51
38 39 51
37 40 51
39 41 51
39 41 51
38 41 51
39 41 51
38 40 50
38 40 51
39 42 51
39 41 50
38 40 51
38 39 50
38 38 50
38 40 51
38 40 51
38 41 50
38 41 51
37 41 51
39 40 50
39 41 50
37 41 51
38 41 51
37 42 50
38 41 51
38 42 50
38 40 50
37 40 51
37 40 49
38 40 51
37 41 50
39 40 51
39 40 51
39 41 51
39 40 51
37 40 51
38 41 51
39 40 50
39 40 50
39 40 51
38 39 50
38 39 51
38 41 51
38 40 51
39 41 51
39 41 50
39 41 51
40 41 51
38 40 51
38 40 50
38 40 51
38 40 50
38 40 51
38 40 50
39 40 50
37 41 50
38 40 50
37 40 51
38 41 51
38 42 50
39 40 50
38 40 50
39 42 51
39 41 51
38 41 51
38 41 50
39 40 51
38 41 51
38 41 50
39 40 51
38 41 51
38 42 51
39 41 50
39 40 52
38 41 51
39 41 51
38 42 49
37 40 51
38 41 51
38 41 51
40 39 50
39 41 50
37 40 52
38 41 51
40 40 51
39 40 51
39 40 51
37 42 51
38 41 51
38 40 50
38 41 51
38 39 50
38 41 51
38 41 50
38 40 52
39 40 51
39 41 51
38 39 51
39 41 52
38 40 51
38 42 51
37 41 51
38 40 51
39 40 50
38 41 51
38 42 50
38 40 50
38 41 51
38 40 51
39 42 50
38 40 51
38 41 50
