13 40 33
11 40 34
13 38 32
13 40 32
12 39 32
12 40 32
12 40 32
11 45 32
13 45 30
14 45 32
17 43 35
17 44 36
17 42 37
17 45 34
20 47 35
18 45 36
19 44 34
18 45 34
17 45 38
17 44 42
18 46 47
20 44 50
23 45 46
24 44 46
24 46 47
26 44 49
27 44 47
30 44 50
29 43 50
29 44 49
32 44 50
32 44 51
31 46 50
31 43 49
29 44 47
25 43 48
22 45 47
23 41 47
28 39 45
33 37 47
34 37 51
33 39 56
25 41 55
23 54 62
31 38 50
28 43 43
21 46 47
22 42 46
21 48 44
22 49 45
25 44 45
22 47 50
20 42 34
26 48 38
21 49 37
17 46 37
21 46 35
20 44 39
16 45 36
17 52 41
19 51 47
19 50 43
22 44 47
20 46 50
26 50 50
32 50 52
40 50 48
45 51 41
45 48 40
44 45 38
41 40 39
33 37 40
24 39 49
23 39 51
24 40 51
28 39 50
30 40 53
28 35 49
