13 36 33
12 37 35
13 37 35
12 37 33
13 37 35
12 37 34
11 36 33
12 36 33
12 35 32
12 38 34
11 38 33
13 37 34
11 37 34
12 37 32
13 36 33
12 36 31
12 35 31
12 38 31
12 37 30
14 32 29
15 33 28
14 34 29
12 42 31
15 45 31
12 42 41
14 37 37
10 37 33
15 38 31
14 37 30
13 36 29
13 35 35
6 40 39
6 46 47
19 42 49
21 43 45
19 47 46
23 41 59
34 40 50
47 39 52
44 42 48
41 42 50
32 44 44
31 44 43
26 40 43
19 34 50
17 31 47
16 32 44
14 30 41
8 34 62
18 38 45
22 40 51
23 44 46
23 44 48
23 42 48
21 40 47
24 41 49
26 40 51
24 40 50
24 41 49
24 40 49
24 40 48
23 41 49
23 40 50
24 40 49
25 41 49
24 42 49
24 42 49
24 41 50
24 40 48
24 42 49
24 40 49
24 40 49
23 41 48
24 41 49
24 42 49
24 42 48
24 42 49
24 41 48
