14 42 33
14 42 32
14 41 33
12 43 34
13 41 34
13 42 33
14 41 32
14 41 34
13 42 34
13 42 34
14 43 33
13 43 34
14 42 33
14 41 33
14 43 34
13 42 33
14 42 34
14 42 34
13 42 34
14 42 32
14 42 34
14 42 33
13 42 34
13 42 34
14 42 33
15 41 34
13 42 33
13 39 34
14 42 34
14 42 32
14 43 32
17 43 32
16 41 30
15 41 30
11 39 25
9 44 31
12 40 33
14 38 30
19 43 27
19 47 30
21 45 29
18 46 27
18 49 29
19 46 33
21 48 31
23 50 31
22 49 30
21 52 33
23 52 34
26 51 37
25 47 44
26 45 46
32 43 54
38 45 62
36 36 57
33 34 52
34 33 49
35 39 46
34 47 49
33 45 51
34 42 52
36 43 51
36 43 48
36 44 50
34 41 51
36 45 50
37 43 48
38 43 48
38 44 49
37 44 49
38 45 48
38 43 49
38 43 49
38 45 49
37 45 48
38 44 48
37 44 49
40 45 50
35 45 48
36 45 48
38 44 49
39 44 48
38 46 48
37 44 49
39 45 48
38 45 48
37 45 48
37 45 47
36 44 48
38 43 49
38 43 48
38 44 49
36 44 48
37 44 48
38 44 48
38 45 49
37 44 54
42 42 49
