36 39 49
36 40 49
35 38 45
35 40 45
31 42 46
28 48 47
24 47 43
20 48 46
18 47 42
15 46 41
11 45 40
12 42 38
14 42 38
13 40 37
13 39 36
13 40 36
13 41 36
12 40 36
13 39 36
13 41 36
12 39 36
12 40 35
13 39 35
13 39 35
13 38 35
13 39 36
13 37 35
12 39 35
13 39 35
13 38 34
12 39 35
13 39 34
11 38 35
13 38 34
13 40 34
14 39 34
13 40 33
14 40 33
14 41 34
14 42 34
15 40 32
15 41 29
15 40 30
11 44 37
17 36 30
15 47 35
19 43 33
19 42 35
20 47 37
21 44 38
23 47 48
27 48 51
29 45 62
36 41 61
34 44 62
31 34 47
34 33 45
40 38 50
35 45 58
32 44 54
32 41 51
35 41 45
37 43 48
33 41 56
34 39 53
31 41 49
28 40 49
32 40 50
35 43 55
37 45 52
37 45 50
37 41 47
33 40 48
37 45 50
35 44 49
35 43 52
35 40 51
35 41 50
34 42 50
35 48 47
39 45 50
37 42 49
33 34 53
34 34 50
34 35 53
34 35 53
35 35 52
35 35 53
36 35 52
34 36 52
34 36 53
35 35 53
35 35 53
34 34 52
36 35 53
35 34 51
35 34 51
34 35 53
34 34 52
34 36 52
35 35 54
35 34 52
34 34 52
36 34 55
35 34 52
35 35 53
