58 12 38
11 39 33
12 39 33
13 40 33
12 39 33
12 38 34
14 39 33
13 41 33
12 39 32
12 39 34
13 39 33
12 40 32
12 39 33
12 39 33
12 38 33
12 41 33
12 38 33
13 39 33
12 38 33
16 37 33
16 38 33
15 38 32
15 36 30
15 35 29
10 35 29
12 33 29
9 33 29
9 36 28
12 36 28
8 37 30
9 40 32
12 42 32
15 38 31
15 43 35
11 43 39
16 45 40
17 51 39
18 45 40
20 47 40
20 51 35
20 50 31
17 49 32
17 49 31
19 46 31
17 48 28
16 48 30
20 41 24
10 41 26
17 35 31
12 32 30
12 39 32
11 37 27
14 38 29
12 29 29
13 25 30
12 32 30
7 35 29
14 42 27
12 45 26
17 49 25
19 43 33
17 53 32
18 53 37
17 52 40
21 55 36
32 53 32
31 47 35
29 46 40
21 35 49
23 39 52
23 41 49
26 44 50
28 45 46
23 53 56
24 51 59
33 38 58
37 31 50
39 32 44
38 30 44
35 31 43
31 45 48
33 41 50
34 40 55
29 35 50
26 35 52
30 35 50
32 38 52
33 35 53
31 34 53
32 37 52
32 37 54
32 36 53
32 37 53
31 35 53
32 36 52
32 36 52
31 34 52
31 37 53
31 37 53
31 37 53
32 37 52
31 35 53
31 35 52
30 35 52
32 35 53
30 35 53
31 36 52
31 35 53
31 35 52
31 35 53
31 36 52
31 35 53
32 35 52
31 35 52
30 36 53
31 35 53
31 36 53
31 36 53
31 35 51
32 35 52
32 36 53
33 35 52
31 35 52
31 35 53
31 34 52
31 35 53
31 36 53
31 36 53
