17 45 29
18 45 28
18 45 28
18 46 28
17 46 28
17 46 28
18 45 28
17 46 30
18 46 29
17 46 29
17 45 28
17 45 28
17 46 28
18 47 28
17 45 28
18 45 28
17 46 28
17 46 29
16 46 28
18 45 28
16 46 28
18 46 28
17 46 28
17 46 29
18 46 27
18 45 29
17 46 28
17 46 28
16 46 28
17 46 28
17 46 27
16 47 30
17 46 29
18 46 28
17 45 28
18 45 28
18 44 27
16 46 27
15 46 29
15 44 28
15 43 29
14 40 28
15 41 29
18 41 28
16 39 28
13 39 26
13 38 26
15 35 24
13 38 24
14 36 26
13 35 28
13 35 27
13 35 26
12 34 26
11 33 26
13 31 25
13 31 24
16 29 26
17 30 24
16 30 24
15 29 23
14 31 24
16 31 24
15 32 27
14 35 28
13 37 29
11 40 32
13 41 35
11 45 37
14 47 41
15 46 43
18 44 42
21 44 45
21 45 47
22 43 51
23 47 48
22 43 47
21 44 43
21 46 43
21 47 42
22 44 44
22 46 43
22 47 44
22 45 44
23 47 44
24 46 43
22 46 42
23 48 44
23 47 45
24 46 44
25 47 43
24 48 43
24 48 44
23 47 44
23 45 44
23 47 44
23 47 44
24 48 44
24 47 44
23 47 45
23 47 44
24 48 43
24 48 45
23 47 44
25 47 44
24 47 45
24 47 44
23 46 44
23 48 45
24 48 44
24 47 44
24 47 45
24 48 43
24 48 45
24 48 44
24 47 44
23 47 45
22 46 45
24 47 45
23 46 44
24 47 44
24 48 44
23 47 45
25 48 44
23 47 44
24 46 44
25 47 44
25 47 44
25 47 45
24 47 44
23 47 45
23 46 45
23 47 45
24 47 45
24 47 44
24 48 44
24 47 45
24 47 44
23 47 44
24 47 45
24 46 44
24 47 44
23 46 44
23 46 44
25 47 45
24 47 45
24 46 44
24 46 44
24 46 44
22 47 45
24 46 45
23 47 44
23 47 45
23 48 44
23 47 45
22 48 45
24 48 45
24 46 44
23 47 44
24 47 44
23 47 45
24 47 45
23 47 45
24 46 44
23 46 43
24 46 43
24 46 44
23 46 44
24 46 44
24 47 44
24 47 45
25 46 44
23 47 44
