14 35 32
15 34 31
16 33 31
16 37 34
15 36 28
12 33 27
12 34 26
9 35 28
10 35 29
9 35 31
11 43 39
15 37 36
13 40 37
12 47 41
10 38 52
20 37 50
23 38 52
23 35 53
21 38 49
24 39 45
22 43 44
24 39 43
21 42 46
23 42 54
29 55 51
32 50 50
36 48 49
33 45 49
33 44 45
32 41 45
32 35 42
33 35 45
31 38 47
33 22 42
39 32 58
37 40 52
36 43 52
37 39 51
35 39 51
38 39 52
38 40 52
37 40 52
38 37 52
37 40 52
36 39 51
36 39 51
37 39 52
37 39 51
39 38 51
37 40 51
38 40 51
37 39 52
37 38 52
37 38 51
37 40 52
37 39 51
38 39 52
38 39 51
38 38 52
39 40 51
37 39 52
37 38 52
38 38 51
38 39 50
38 39 51
38 40 52
37 39 52
36 38 51
38 40 51
