12 35 36
11 36 36
12 36 37
12 36 36
13 36 37
13 36 36
13 35 36
13 36 36
13 35 36
11 37 36
13 36 36
13 36 36
12 36 36
13 36 36
12 37 36
13 36 36
12 34 37
13 36 36
12 36 36
13 35 36
12 36 36
12 36 36
12 37 36
11 35 36
12 36 36
13 36 36
12 36 37
14 36 36
12 36 36
13 36 36
12 36 36
12 36 36
11 36 37
13 35 36
12 35 35
12 35 35
12 37 36
13 37 35
12 36 35
13 35 35
12 36 35
12 35 34
12 36 34
14 36 34
13 35 33
14 36 30
12 34 30
12 34 32
13 35 34
12 36 34
13 38 33
11 38 33
7 36 34
8 36 34
12 37 35
13 39 43
16 40 35
13 41 39
13 41 39
16 39 42
16 40 42
20 40 43
16 40 44
17 44 42
20 47 42
20 43 46
23 43 47
26 43 48
25 42 48
25 44 46
25 44 52
27 41 51
30 40 52
32 42 51
33 44 52
30 42 50
30 41 51
28 38 51
29 37 51
30 36 53
32 37 52
32 37 51
33 39 52
34 41 54
33 38 54
34 38 53
33 39 53
31 40 51
30 40 54
30 37 52
30 38 52
29 38 51
30 38 51
31 40 52
31 40 52
33 40 52
32 39 51
31 39 52
30 39 53
31 39 51
31 39 52
31 40 52
31 39 51
31 39 53
30 39 52
30 39 52
31 40 52
31 38 52
31 39 52
32 41 51
31 38 52
31 39 51
31 40 51
31 40 51
32 39 51
31 40 52
31 40 52
31 39 52
31 40 53
31 39 52
31 40 52
32 40 52
31 38 51
31 40 52
30 39 52
31 39 52
31 40 52
32 40 51
31 40 51
31 39 51
32 39 52
31 40 52
31 40 51
32 39 51
30 41 52
31 40 51
31 39 52
32 40 52
31 40 51
31 39 51
31 40 52
32 39 52
30 39 51
33 39 52
30 40 52
32 40 52
32 40 52
31 40 53
33 40 53
32 39 50
32 41 52
31 41 52
31 42 52
31 41 52
31 39 51
31 40 52
32 41 51
