11 35 34
13 37 34
12 37 35
12 36 34
11 38 36
12 37 35
13 37 35
12 37 36
12 38 34
13 36 34
14 34 35
13 33 33
11 33 34
12 33 33
14 33 33
15 31 31
14 31 29
15 31 33
7 28 34
16 23 38
14 42 46
17 46 44
29 38 51
35 55 62
29 39 47
26 41 45
32 41 51
32 43 52
33 37 53
33 44 53
37 39 50
33 39 48
28 41 47
20 40 49
22 40 53
33 39 51
33 40 50
30 37 54
32 36 52
30 39 51
28 43 51
24 42 48
27 44 50
31 44 52
34 41 51
29 41 51
30 40 51
28 40 52
27 42 52
34 39 51
34 35 53
31 35 53
30 41 54
30 37 50
32 39 52
33 37 52
31 35 53
30 38 53
31 39 53
31 37 52
31 38 52
30 37 52
32 37 51
31 38 52
31 37 51
31 38 52
31 36 53
30 38 52
31 37 53
31 37 53
30 38 52
31 36 52
31 36 53
30 39 52
30 37 52
32 37 52
31 36 52
32 36 52
