12 38 34
12 38 34
13 36 34
13 38 35
16 38 35
14 39 34
14 39 33
14 39 32
15 39 31
16 39 30
13 40 31
14 43 34
15 42 34
15 47 36
17 47 35
15 45 36
15 48 40
18 41 40
20 49 42
24 48 42
25 51 44
29 49 46
30 49 48
35 45 49
36 42 53
37 45 53
35 36 52
30 38 50
28 37 51
29 37 54
34 31 53
35 36 50
32 38 56
34 33 51
34 34 52
31 35 56
31 37 55
30 37 51
30 36 50
33 35 51
33 34 55
34 34 54
32 38 53
30 33 54
33 39 52
33 37 52
33 36 53
32 36 53
33 36 53
33 38 52
33 37 52
33 39 52
32 38 52
34 37 53
33 38 52
34 38 51
31 36 52
33 36 53
32 37 52
32 37 52
31 38 53
31 37 53
31 37 52
32 37 52
32 38 52
32 36 53
32 37 52
32 38 53
32 38 52
32 37 52
32 37 53
32 38 52
33 38 52
31 39 52
32 36 52
32 36 52
32 38 52
32 37 52
