13 36 34
5 13 36
13 37 35
13 37 35
12 36 35
12 36 34
13 36 34
13 37 34
12 38 35
12 36 36
11 36 36
12 37 35
12 36 36
12 37 34
14 37 35
13 37 34
13 37 35
12 36 35
12 36 35
14 36 34
13 37 34
13 36 35
13 37 36
12 37 35
11 37 35
13 36 35
13 36 34
12 37 35
12 37 34
12 37 35
13 37 35
13 36 34
13 36 35
12 36 35
13 36 35
12 36 35
12 36 35
13 37 34
13 36 35
13 36 35
13 36 34
12 36 35
12 37 34
12 36 35
12 37 35
12 36 36
12 37 34
11 37 35
13 37 34
14 36 33
12 36 34
13 36 33
13 36 33
13 36 32
14 35 31
15 34 30
15 35 33
16 38 32
13 37 30
2 45 46
16 46 36
15 42 36
18 41 39
16 43 38
15 46 38
18 45 39
21 48 44
25 48 46
28 48 51
28 48 52
29 47 49
29 46 48
29 45 46
28 42 46
27 42 50
29 44 49
29 46 49
31 44 50
30 45 49
32 44 49
29 46 47
28 45 47
28 44 49
30 43 50
30 43 50
29 45 49
30 45 49
31 43 49
29 45 49
29 45 48
30 44 49
31 45 48
31 47 50
29 45 48
30 46 49
30 45 48
30 45 48
31 45 49
30 46 49
31 46 49
31 46 49
30 44 49
30 44 49
30 45 48
31 45 49
28 44 49
29 45 49
30 45 49
31 44 49
29 46 50
30 44 48
29 44 48
30 45 50
30 44 49
29 46 49
29 46 48
29 45 48
31 45 48
29 45 49
28 44 49
31 45 49
29 44 50
30 45 48
29 45 48
30 45 48
31 46 49
30 45 48
30 45 49
29 45 48
30 45 49
31 45 49
29 44 48
30 46 49
30 45 49
29 46 48
30 47 49
31 45 48
31 45 48
29 45 48
29 44 48
30 46 48
31 45 49
30 45 48
29 44 49
29 45 48
30 45 49
30 45 49
28 45 48
29 47 49
29 45 47
29 45 48
30 45 49
29 45 49
30 46 48
29 46 49
29 45 48
29 46 48
30 45 48
30 45 49
30 46 49
29 46 47
29 45 48
30 45 48
29 44 48
30 44 49
29 45 48
30 45 49
29 46 48
30 45 49
29 47 48
30 45 48
31 45 49
30 45 48
29 46 49
30 45 48
30 46 47
30 45 48
29 46 48
29 45 48
29 45 48
31 47 48
29 45 49
31 45 48
