11 37 37
11 37 36
13 36 35
12 36 35
12 37 35
12 37 36
12 37 35
12 36 34
13 37 35
13 35 35
12 37 35
12 38 36
12 37 35
12 36 35
12 35 35
14 36 35
13 37 35
12 37 35
12 37 36
11 36 35
13 36 36
12 37 35
13 37 37
13 36 35
12 36 36
13 36 36
12 36 36
13 35 36
12 37 36
13 37 35
13 36 35
13 36 35
11 38 35
12 36 35
12 36 36
11 37 36
13 35 37
12 37 35
12 36 35
13 36 36
11 34 36
13 35 35
12 37 35
11 37 35
13 36 36
11 36 35
12 36 36
12 36 35
13 37 36
12 37 35
12 36 35
12 36 35
14 37 34
13 36 36
10 36 36
13 36 36
11 36 36
12 35 34
13 35 33
14 34 34
15 35 32
16 34 31
15 36 28
14 37 29
9 42 31
8 41 33
12 42 37
14 42 39
12 44 37
13 42 36
18 44 37
16 44 37
16 45 37
17 47 39
20 47 41
22 47 42
22 48 43
26 48 46
27 47 48
29 47 50
28 47 51
28 45 49
27 43 48
28 42 48
28 44 49
28 45 47
30 44 49
30 44 48
29 46 48
28 45 48
28 46 48
29 46 49
29 45 48
28 47 48
29 47 48
29 45 48
29 46 48
29 44 48
27 46 49
28 44 49
27 47 49
30 46 48
29 46 49
29 46 47
30 46 47
29 45 47
30 46 48
30 45 48
29 45 48
30 45 48
29 46 47
29 46 48
30 47 48
28 44 48
29 46 48
28 45 48
29 45 48
30 45 48
30 44 48
29 45 47
30 45 49
29 44 48
28 44 48
28 46 49
28 45 48
29 44 48
29 46 48
29 44 49
28 44 49
29 44 49
30 45 48
30 44 49
28 44 49
29 45 50
28 45 48
28 45 49
29 45 49
29 46 49
28 45 49
29 45 49
29 45 48
29 45 49
29 45 47
29 45 48
30 44 49
29 46 49
29 45 48
30 45 47
30 46 49
30 47 49
29 46 48
30 45 48
29 46 48
30 46 48
29 46 47
29 46 48
29 45 49
