12 35 32
12 34 31
12 35 32
13 36 31
14 32 31
10 34 31
10 33 32
10 35 33
10 33 33
13 32 31
13 32 32
11 34 34
11 33 32
11 33 33
11 33 33
11 32 33
12 34 33
12 33 32
12 34 33
13 33 33
14 33 31
15 32 33
14 33 31
18 34 31
17 34 31
16 34 34
13 35 34
13 33 34
12 37 36
5 50 51
12 41 41
22 34 63
27 30 63
25 30 49
26 26 37
25 35 35
33 32 43
32 39 51
22 31 47
21 41 63
24 31 53
26 37 53
27 39 52
27 39 51
27 39 52
25 39 50
24 38 52
27 39 52
27 39 51
26 38 51
26 38 52
25 38 51
26 39 51
27 38 51
27 38 51
27 39 51
26 37 51
26 38 51
26 39 52
27 39 51
26 38 52
26 39 51
25 38 50
26 39 51
25 38 51
24 38 51
24 38 50
23 38 49
25 38 50
23 39 50
24 39 50
23 38 49
24 39 50
25 40 50
25 38 50
25 39 51
24 39 51
24 38 50
23 38 50
23 39 52
