11 38 34
0 11 38
12 39 34
11 39 33
10 34 33
10 36 31
11 34 30
12 35 31
12 36 33
10 39 32
12 36 32
12 38 32
12 37 32
14 38 33
13 37 32
12 38 33
13 37 32
11 38 33
11 36 32
12 38 31
14 39 32
15 35 33
12 42 30
12 39 31
15 35 24
12 32 42
15 44 26
16 40 29
15 39 37
14 43 33
16 49 32
17 46 26
18 48 28
16 49 32
19 47 37
18 53 43
25 53 48
27 45 49
26 41 48
26 44 50
27 44 48
27 43 46
23 46 46
24 46 46
24 44 47
27 44 48
27 45 48
27 46 47
26 45 47
26 45 49
28 45 50
26 44 46
27 48 49
18 46 35
17 48 34
18 43 34
19 46 36
16 45 32
15 41 34
20 40 38
19 44 40
13 41 36
12 43 33
18 47 36
22 48 40
21 57 49
25 52 50
28 43 48
22 37 50
23 39 53
31 40 59
26 48 58
28 42 55
33 42 52
37 38 50
38 32 45
37 32 43
34 36 48
28 42 52
30 40 51
33 41 55
36 38 54
32 36 55
31 31 51
29 26 51
26 22 49
25 27 50
29 36 57
31 32 52
30 29 53
31 31 52
32 29 53
30 31 52
32 32 53
31 29 52
31 30 53
31 33 53
31 31 53
31 30 53
31 29 53
32 31 52
31 30 52
31 30 53
32 30 52
31 30 53
31 29 53
31 30 53
31 30 53
31 30 53
32 31 53
30 31 53
31 29 53
31 28 53
29 31 52
31 30 52
31 30 52
31 31 54
31 29 52
31 32 53
31 30 53
30 29 52
