13 35 27
13 35 29
7 46 33
17 37 33
17 42 32
6 49 32
10 41 29
12 47 35
17 41 32
13 42 31
17 43 31
17 43 33
16 38 31
15 42 35
12 49 29
17 39 35
12 43 39
13 46 50
15 52 53
25 46 45
27 45 44
23 50 46
28 47 47
31 41 59
32 51 57
40 46 57
44 44 50
44 44 47
41 46 47
39 36 40
30 44 48
34 38 45
28 36 42
25 34 43
19 38 47
17 44 51
21 47 48
24 44 46
23 57 56
24 33 49
22 55 48
27 46 47
29 44 47
30 44 44
29 45 47
26 45 49
26 43 49
28 46 48
26 44 48
26 44 47
26 44 48
26 44 48
26 43 49
25 42 50
25 44 49
25 43 48
26 44 49
26 44 49
25 44 49
26 42 49
25 44 49
26 44 49
26 44 49
27 44 49
26 44 50
27 43 50
27 42 50
27 42 49
26 43 48
27 43 49
27 43 49
27 43 50
26 45 49
27 43 50
27 44 49
27 43 50
27 43 49
28 42 49
