20 36 36
18 39 46
19 37 47
20 37 46
20 37 47
19 37 47
19 37 46
19 37 47
19 39 47
19 38 48
19 37 46
19 39 47
19 37 47
19 38 47
19 38 47
19 38 47
19 38 47
18 37 47
18 38 46
19 37 47
20 38 47
19 37 47
19 38 47
19 38 48
20 38 47
18 37 48
19 36 46
18 38 48
20 37 47
19 38 47
19 38 47
21 37 47
19 37 47
19 38 47
19 36 47
19 37 47
19 37 47
18 36 48
21 40 47
21 38 48
21 37 48
23 39 48
25 39 51
25 39 51
26 39 52
27 38 52
28 37 52
27 37 52
27 37 52
28 36 52
28 37 51
29 35 52
27 34 52
29 36 52
28 36 52
28 32 53
28 33 51
27 34 52
28 33 54
28 34 53
29 34 52
28 32 52
29 33 52
30 33 53
30 35 53
29 35 53
30 34 54
29 36 53
30 36 52
31 37 53
29 37 52
30 36 52
31 38 52
30 35 52
31 36 53
30 35 54
31 36 53
30 34 53
32 37 52
30 36 52
31 36 52
30 36 53
31 37 53
31 37 53
30 35 52
30 37 52
30 36 52
31 38 53
30 37 53
30 37 53
31 38 53
29 37 52
30 38 52
30 38 53
30 36 54
30 37 53
30 38 53
31 38 52
31 37 52
30 37 53
30 38 53
32 38 53
30 38 53
30 38 52
30 37 53
32 36 52
31 38 52
30 37 53
31 38 53
30 37 52
31 37 53
31 37 52
30 37 51
31 38 53
30 38 52
31 37 53
31 38 53
31 37 52
31 37 52
31 37 52
30 37 53
30 37 53
32 38 53
32 37 52
