12 35 35
13 35 34
11 37 35
13 38 33
13 35 33
14 36 33
13 38 33
15 37 33
14 39 33
13 39 32
10 37 31
10 41 30
15 36 45
21 43 35
17 48 37
15 41 39
11 48 37
15 46 37
19 44 39
17 47 39
18 45 41
19 44 43
19 44 43
21 44 51
29 46 53
28 39 48
27 40 49
28 42 52
27 41 48
25 41 50
23 44 50
23 42 48
24 41 50
24 42 49
28 42 46
28 43 50
28 40 49
28 39 49
30 38 49
27 42 50
25 42 47
28 43 52
29 41 50
27 43 51
27 41 50
28 43 48
28 43 49
27 42 50
27 41 50
27 42 49
28 42 49
26 41 50
27 43 50
27 42 50
27 42 49
28 42 50
26 42 50
27 41 50
27 42 49
27 43 49
27 43 49
26 42 49
26 44 50
27 41 49
27 42 50
26 43 49
